05921
05940
05947
05953
05983
05996
06023
06024
06027
06164
06171
06200
06216
06220
06241
06287
06292
06327
06374
06402
06429
06445
06522
06525
06561
06567
06578
06609
06648
06676
06678
06687
06724
06804
06814
06831
06888
07017
07021
07024
07051
07053
07065
07097
07108
07114
07279
07312
07345
07395
07482
07492
07520
07526
07536
07554
07599
07605
07607
07619
07628
07646
07678
07684
07732
07782
07839
07869
07887
07896
07961
08043
08121
08170
08235
08261
08283
08284
08319
08347
08484
08514
08573
08600
08606
08654
08661
08664
08669
08720
08727
08803
08858
08902
08909
08966
08972
08980
08993
08994
09005
09013
09031
09132
09137
09150
09151
09213
09214
09216
09304
09320
09328
09329
09443
09451
09486
09519
09536
09539
09563
09574
09582
09626
09628
09633
09642
09644
09703
09740
09782
09783
09784
09913
09948
09970
10024
10053
10065
10075
