10088
10090
10122
10125
10131
10154
10163
10229
10260
10294
10300
10329
10359
10360
10412
10417
10431
10460
10466
10502
10538
10546
10559
10569
10573
10577
10579
10602
10623
10635
10649
10651
10701
10708
10713
10717
10740
10744
10767
10790
10791
10829
10856
10903
10928
10942
11121
11163
11164
11165
11166
11295
11321
11384
11387
11402
11446
11504
11506
11508
11580
11595
11642
11652
11678
11770
11834
11859
11869
11870
11887
11894
11895
11898
11956
12000
12001
12017
12019
12034
12050
12057
12059
12127
12272
12273
12276
12301
12410
12414
12436
12441
12442
12453
12457
12523
12544
12569
12586
12606
12611
12637
12643
12662
12667
12690
12691
12738
12756
12805
12865
12896
12906
12926
12956
12992
12993
13127
13373
13406
13482
13483
13484
13525
13687
13702
13710
13792
13839
13861
13869
13888
13915
13945
13986
13987
13988
13989
13990
13991
