13992
14000
14001
14002
14003
14004
14005
14006
14007
14008
14009
14010
14011
14012
14013
14014
14015
14016
14017
14018
14019
14020
14021
14022
14023
14024
14025
14026
14027
14028
14029
14030
14031
14032
14033
14034
14035
14036
14038
14039
14040
14042
14043
14044
14045
14046
14047
14048
14049
14050
14051
14052
14053
14054
14055
14056
14057
14058
14062
14073
14089
14090
14097
14100
14102
14135
14141
14142
14144
14150
14153
14154
14155
14156
14157
14162
14165
14167
14168
14170
14171
14172
14212
14213
14216
14217
14220
14221
14222
14226
14227
14228
14231
14233
14235
14238
14240
14241
14242
14243
14244
14247
14248
14249
14250
14252
14256
14257
14259
14261
14264
14266
14362
14366
14374
14375
14403
14432
14439
14440
14441
14457
14458
14492
14506
14507
14513
14581
14585
14614
14638
14690
14843
14865
14888
14894
14895
14910
15055
15164
