15179
15273
15392
15430
15439
15447
15470
15471
15472
15473
15509
15510
15571
15626
15660
15662
15663
15664
15669
15675
15677
15678
15711
15714
15734
15774
15778
15798
15811
15824
15881
15882
15886
15887
15988
16018
16066
16118
16138
16139
16140
16141
16142
16143
16169
16191
16200
16269
16306
16315
16321
16342
16682
16813
17069
17099
17192
17205
17241
17242
17243
17245
17246
17247
17248
17249
17250
17251
17252
17253
17254
17255
17256
17257
17258
17259
17319
17359
17606
17610
17612
17613
17738
17776
17856
17950
18013
18014
18022
18162
18314
18339
18366
18395
18488
18680
18806
18964
19112
19126
19268
19271
19625
19690
19701
19981
20055
20265
20321
20437
20464
20482
20509
20543
20659
20713
20714
20721
20722
20725
20726
20729
20733
20737
20894
21108
21139
21428
21656
21744
21746
21774
21779
21787
22144
22188
22332
22448
22456
22610
