        1418980 72701421416335  030193  0950905 643          49          14           63950905 643      0 2 0347265X2512165:.02;            12165  012310603 193020000   024161241640    00       3      0              000000000000000000000000000000000     0     0 0     
        1422562 72701411416335  030193  0950905 650          49          14           63950905 650      0 2 0347265X2512165:.02;            12165  012310603 193020000   024593245950    00       2      0              000000000000000000000000000000000     0     0 0     
        1422958 72701411416335  030193  0950905 651      212735     3122312      33350479509052002    791 1 0347265X2512165:.02;            12165  012310603 193020000   024643720940    00   47451      0              000000000000000000000000000000000     0     0 0     
        1620117 72701421416335  030193  09509051208      104466      221137       3256039509051441    153 2 0347265X2512165;                12165  010310603 193000000   043695528710    00    9176      0              000000000000000000000000000000000     0     0 0     
        9815121 72701411416335  030193  09509052120        5567        5932        114999509052121      2 2 0347265X2512165:.02;            12165  012310603 193020000   076794768850    00      91      0              000000000000000000000000000000000     0     0 0     
        2594293 72701411416335  030193  0950906 609        5601        8485        14086950906 610      1 2 0347265X2512165:.02;            12165  012310603 193020000   022120221940    00      74      0              000000000000000000000000000000000     0     0 0     
        2596837 72701411416335  030193  0950906 613          49          14           63950906 613      0 2 0347265X2512165:.02;            12165  012310603 193020000   022394223960    00       2      0              000000000000000000000000000000000     0     0 0     
        2661584 72701411416335  030193  0950906 812          49          14           63950906 812      0 2 0347265X2512165:.02;            12165  012310603 193020000   029544295470    00       3      0              000000000000000000000000000000000     0     0 0     
        2665454 72701411416335  030193  0950906 819          49          14           63950906 819      0 2 0347265X2512165:.02;            12165  012310603 193020000   029944299470    00       3      0              000000000000000000000000000000000     0     0 0     
        2665621 72701411416335  030193  0950906 819          49          14           63950906 819      0 2 0347265X2512165:.02;            12165  012310603 193020000   029962299630    00       1      0              000000000000000000000000000000000     0     0 0     
        2667108 72701411416335  030193  0950906 822      132947     2020295      21532429509061634    492 2 0347265X2512165:.02;            12165  012310603 193020000   030124596230    00   29499      0              000000000000000000000000000000000     0     0 0     
        2667614 72701431416335  030193  0950906 823        2472        5559         8031950906 826      3 2 0347265X2512165;                12165  010310603 193000000   030181303600    00     179      0              000000000000000000000000000000000     0     0 0     
       10624128 72701421416335  030193  09509061660          49          14           639509061660      0 2 0347265X2512165:.02;            12165  012310603 193020000   061180611830    00       3      0              000000000000000000000000000000000     0     0 0     
        3840606 72701421416335  030193  0950907 746          49          14           63950907 746      0 2 0347265X2512165:.02;            12165  012310603 193020000   027965279670    00       2      0              000000000000000000000000000000000     0     0 0     
        3841243 72701421416335  030193  0950907 747          49          14           63950907 747      0 2 0347265X2512165:.02;            12165  012310603 193020000   028036280380    00       2      0              000000000000000000000000000000000     0     0 0     
        3841286 72701421416335  030193  0950907 747          49          14           63950907 747      0 2 0347265X2512165:.02;            12165  012310603 193020000   028042280440    00       2      0              000000000000000000000000000000000     0     0 0     
        3841335 72701421416335  030193  0950907 747          49          14           63950907 748      0 2 0347265X2512165:.02;            12165  012310603 193020000   028048280500    00       2      0              000000000000000000000000000000000     0     0 0     
        5754201 72701411416335  030193  09509081942       40041        7961        480029509081945      3 2 0347265X2512165;                12165  010310603 193000000   070913710920    00     179      0              000000000000000000000000000000000     0     0 0     
        3841395 72701421416335  030193  0950907 748      394144     5848258      62424029509102300   5232 2 0347265X2512165:.02;            12165  012310603 193020000   028055828000    00  313945      0              000000000000000000000000000000000     0     0 0     
        1886758 72701411416335  030193  0950911 608        5667        9561        15228950911 611      3 2 0347265X2512165:.02;            12165  012310603 193020000   022089222600    00     171      0              000000000000000000000000000000000     0     0 0     
        1888678 72701411416335  030193  0950911 612          49          14           63950911 612      0 2 0347265X2512165:.02;            12165  012310603 193020000   022307223090    00       2      0              000000000000000000000000000000000     0     0 0     
        1902078 72701411416335  030193  0950911 637          49          14           63950911 637      0 2 0347265X2512165:.02;            12165  012310603 193020000   023826238280    00       2      0              000000000000000000000000000000000     0     0 0     
        1904233 72701411416335  030193  0950911 641          49          14           63950911 641      0 2 0347265X2512165:.02;            12165  012310603 193020000   024078240790    00       1      0              000000000000000000000000000000000     0     0 0     
        1904756 72701411416335  030193  0950911 642          49          14           63950911 642      0 2 0347265X2512165:.02;            12165  012310603 193020000   024138241390    00       1      0              000000000000000000000000000000000     0     0 0     
        1905683 72701411416335  030193  0950911 644          49          14           63950911 644      0 2 0347265X2512165:.02;            12165  012310603 193020000   024245242470    00       2      0              000000000000000000000000000000000     0     0 0     
        1925934 72701441416335  030193  0950911 723      181253     1996330      21775839509111217    294 2 0347265X2512165:.02;            12165  012310603 193020000   026579441900    00   17611      0              000000000000000000000000000000000     0     0 0     
        9660689 72701411416335  030193  09509111426          49          14           639509111426      0 2 0347265X2512165:.02;            12165  012310603 193020000   051940519430    00       3      0              000000000000000000000000000000000     0     0 0     
        9685955 72701411416335  030193  09509111440          49          14           639509111440      0 2 0347265X2512165:.02;            12165  012310603 193020000   052790527930    00       3      0              000000000000000000000000000000000     0     0 0     
        9686963 72701411416335  030193  09509111440       33846      317162       3510089509111635    115 3 0347265X2512165:.02;            12165  012310603 193020000   052826597190    00    6893      0              000000000000000000000000000000000     0     0 0     
