        3878352 542015424 3012  021781  0950222 939        1494       10294        11788950222 943      4 3 0141630TYM.2080:.02             10188  0126070021781020000   034765349930    00     228      0              000000000000000000000000000000000     0     0 0     
        3881570 542014112 3012  021781  0950222 947         133        1558         1691950222 951      5 5 0141630TYM.2080:.99             10188  0126070021781990001   035193354890    00     296      0              000000000000000000000000000000000     0     0 0     
        3884096 542014112 3012  021781  0950222 952         124         422          546950222 958      6 3 0141630TYM.2080:.99             10188  0126070021781990001   035530358680    00     338      0              000000000000000000000000000000000     0     0 0     
        3884375 542015724 3012  021781  0950222 953          65          14           79950222 953      011 0141630TYM.2080:.01             10188  0126070021781010000   035569355720    00       3      0              000000000000000000000000000000000     0     0 0     
        3884558 542017624 3012  021781  0950222 953        1814       14503        16317950222 957      4 3 0141630TYM.2080:.01             10188  0126070021781010000   035595358210    00     226      0              000000000000000000000000000000000     0     0 0     
        3886744 542014112 3012  021781  0950222 958          61          14           75950222 959      111 0141630TYM.2080:.99             10188  0126070021781990001   035868359300    00      62      0              000000000000000000000000000000000     0     0 0     
        3886942 542022612 3012  021781  0950222 958         180        2285         2465950222 960      2 3 0141630TYM.2080:.99             10188  0126070021781990001   035891359820    00      91      0              000000000000000000000000000000000     0     0 0     
        3887670 542020012 3012  021781  0950222 960         115         872          9879502221002      3 3 0141630TYM.2080:.99             10188  0126070021781990001   035984361360    00     152      0              000000000000000000000000000000000     0     0 0     
        4816692 542016512 3012  021781  0950223 704          62          14           76950223 704      011 0141630TYM.2080:.99             10188  0126070021781990001   025445254480    00       3      0              000000000000000000000000000000000     0     0 0     
        4817551 542016212 3012  021781  0950223 705          72         159          231950223 706      0 3 0141630TYM.2080:.99             10188  0126070021781990001   025526255480    00      22      0              000000000000000000000000000000000     0     0 0     
        4819491 542015024 3012  021781  0950223 709       55762        2614        58376950223 714      6 2 0141630TYM.2080:.01             10188  0126070021781010000   025714260520    00     338      0              000000000000000000000000000000000     0     0 0     
        5040136 542014424 3012  021781  09502231245         340         181          5219502231246      0 2 0141630TYM.2080:.01             10188  0126070021781010000   045918459320    00      14      0              000000000000000000000000000000000     0     0 0     
        5041017 542020124 3012  021781  09502231246         340         181          5219502231246      0 2 0141630TYM.2080:.01             10188  0126070021781010000   045970459820    00      12      0              000000000000000000000000000000000     0     0 0     
        5042829 542014624 3012  021781  09502231248         340         181          5219502231248      0 2 0141630TYM.2080:.01             10188  0126070021781010000   046063460750    00      12      0              000000000000000000000000000000000     0     0 0     
        5043563 542020324 3012  021781  09502231248        7289       59846        671359502231312     24 3 0141630TYM.2080:.01             10188  0126070021781010000   046105475410    00    1436      0              000000000000000000000000000000000     0     0 0     
        5066313 542016724 3012  021781  09502231307         340         181          5219502231308      0 2 0141630TYM.2080:.01             10188  0126070021781010000   047241472530    00      12      0              000000000000000000000000000000000     0     0 0     
        5070791 542016224 3012  021781  09502231311        7769      268323       2760929502231351     40 2 0141630TYM.2080:.01             10188  0126070021781010000   047445498410    00    2396      0              000000000000000000000000000000000     0     0 0     
        5073351 542021224 3012  021781  09502231313          65          14           799502231314      111 0141630TYM.2080:.02             10188  0126070021781020000   047556476110    00      55      0              000000000000000000000000000000000     0     0 0     
        5076516 542016524 3012  021781  09502231315        6025       49881        559069502231350     35 3 0141630TYM.2080:.02             10188  0126070021781020000   047700498190    00    2119      0              000000000000000000000000000000000     0     0 0     
       12630310 542020612 3012  021781  09502231531          54          14           689502231531      011 0233157TYM.2081                 10188  0106070021781000001   055870558740    00       4      0              000000000000000000000000000000000     0     0 0     
       12662212 542020624 3012  021781  09502231550        3073       24314        273879502231556      6 3 0141630TYM.2080:.02             10188  0126070021781020000   056996573400    00     344      0              000000000000000000000000000000000     0     0 0     
       12712787 542017324 3012  021781  09502231619        1769       12614        143839502231622      4 3 0141630TYM.2080:.01             10188  0126070021781010000   058712589290    00     217      0              000000000000000000000000000000000     0     0 0     
       12809812 542016624 3012  021781  09502231718        3025       19782        228079502231725      7 3 0141630TYM.2080:.01             10188  0126070021781010000   062289627280    00     439      0              000000000000000000000000000000000     0     0 0     
       12837847 542014724 3012  021781  09502231737        3179       32286        354659502231746      9 3 0141630TYM.2080:.02             10188  0126070021781020000   063422639720    00     550      0              000000000000000000000000000000000     0     0 0     
       13664407 257514616 3012  021781  09502161428          53          14           679502161428      011 0 56162TRT.2041;                 1439  0107141002115000001   052068520720    00       4      0              000000000000000000000000000000000     0     0 0     
       13664709 257514616 3012  021781  09502161428          53          14           679502161428      011 0 56162TRT.2041;                 1439  0107141002115000001   052079520830    00       4      0              000000000000000000000000000000000     0     0 0     
       13827983 257514316 3012  021781  09502161604          53          14           679502161604      011 0 56162TRT.2041;                 1439  0107141002115000001   057847578520    00       5      0              000000000000000000000000000000000     0     0 0     
        1305305 257514116 3012  021781  0950217 938          53          14           67950217 938      011 0 56162TRT.2041;                 1439  0107141002115000001   034678346830    00       5      0              000000000000000000000000000000000     0     0 0     
        1305898 257514116 3012  021781  0950217 939          53          14           67950217 939      011 0 56162TRT.2041;                 1439  0107141002115000001   034754347580    00       4      0              000000000000000000000000000000000     0     0 0     
        1305976 257514116 3012  021781  0950217 939          53          14           67950217 939      011 0 56162TRT.2041;                 1439  0107141002115000001   034765347680    00       3      0              000000000000000000000000000000000     0     0 0     
        1307330 257514116 3012  021781  0950217 942          53          14           67950217 942      011 0 56162TRT.2041;                 1439  0107141002115000001   034937349410    00       4      0              000000000000000000000000000000000     0     0 0     
        1374025 257514316 3012  021781  09502171150          53          14           679502171150      011 0 56162TRT.2041;                 1439  0107141002115000001   042606426090    00       3      0              000000000000000000000000000000000     0     0 0     
        1375610 257514116 3012  021781  09502171153          53          14           679502171153      011 0 56162TRT.2041;                 1439  0107141002115000001   042763427670    00       4      0              000000000000000000000000000000000     0     0 0     
       13314462 542020212 3012  021781  09502201715          54          14           689502201716      011 0233157TYM.2081;                10188  0106070021781000001   062127621310    00       4      0              000000000000000000000000000000000     0     0 0     
       13343433 542016124 3012  021781  09502201738        1271        4798         60699502201745      7 3 0141630TYM.2080:.01;            10188  0126070021781010000   063499638920    00     393      0              000000000000000000000000000000000     0     0 0     
       13365812 542014724 3012  021781  09502201757         200         901         11019502201758      1 3 0141630TYM.2080:.01;            10188  0126070021781010000   064598646600    00      62      0              000000000000000000000000000000000     0     0 0     
       13368318 542016524 3012  021781  09502201759       26774         456        272309502201760      1 2 0141630TYM.2080;                10188  0106070021781000000   064715647800    00      65      0              000000000000000000000000000000000     0     0 0     
       13371391 542015024 3012  021781  09502201801        2301        7190         94919502201806      5 2 0141630TYM.2080;                10188  0106070021781000000   064856651370    00     281      0              000000000000000000000000000000000     0     0 0     
        5461485 542016724 3012  021781  0950221 747        1325        6541         7866950221 751      3 3 0141630TYM.2080:.01;            10188  0126070021781010000   028047282440    00     197      0              000000000000000000000000000000000     0     0 0     
        5482391 542015312 3012  021781  0950221 829          57          14           71950221 829      0 5 0141630TYM.2080:.01;            10188  0126070021781010001   030518305260    00       8      0              000000000000000000000000000000000     0     0 0     
        5483375 542014112 3012  021781  0950221 830          57          14           71950221 831      011 0141630TYM.2080:.01;            10188  0126070021781010001   030628306310    00       3      0              000000000000000000000000000000000     0     0 0     
        5483549 542014112 3012  021781  0950221 831          57          14           71950221 831      011 0141630TYM.2080;                10188  0106070021781000001   030648306510    00       3      0              000000000000000000000000000000000     0     0 0     
        5484097 542017012 3012  021781  0950221 832          61          14           75950221 832      011 0141630TYM.2080:.0099;          10188  0146070021781009901   030706307090    00       3      0              000000000000000000000000000000000     0     0 0     
        5484521 542021212 3012  021781  0950221 832          61          14           75950221 832      011 0141630TYM.2080:.99;            10188  0126070021781990001   030745307480    00       3      0              000000000000000000000000000000000     0     0 0     
        5485266 542021624 3012  021781  0950221 834          65          14           79950221 834      011 0141630TYM.2080:.01;            10188  0126070021781010000   030820308240    00       4      0              000000000000000000000000000000000     0     0 0     
        5485403 542015324 3012  021781  0950221 834          65          14           79950221 834      011 0141630TYM.2080:.01;            10188  0126070021781010000   030836308400    00       4      0              000000000000000000000000000000000     0     0 0     
        5489313 542017412 3012  021781  0950221 842          61          14           75950221 842      011 0141630TYM.2080:.99;            10188  0126070021781990001   031301313040    00       3      0              000000000000000000000000000000000     0     0 0     
        5501817 542024012 3012  021781  0950221 906          59          14           73950221 906      011 0141630TYM.2080;                10188  0106070021781000001   032783327860    00       3      0              000000000000000000000000000000000     0     0 0     
        5501982 542016412 3012  021781  0950221 907          61          14           75950221 907      011 0141630TYM.2080:.99;            10188  0126070021781990001   032803328060    00       3      0              000000000000000000000000000000000     0     0 0     
        5504456 542024012 3012  021781  0950221 911          61          14           75950221 912      011 0141630TYM.2080:.99;            10188  0126070021781990001   033087330900    00       3      0              000000000000000000000000000000000     0     0 0     
        5509754 542020412 3012  021781  0950221 922          61          14           75950221 922      011 0141630TYM.2080:.99;            10188  0126070021781990001   033700337030    00       3      0              000000000000000000000000000000000     0     0 0     
        5512837 542021512 3012  021781  0950221 928          61          14           75950221 928      011 0141630TYM.2080:.99;            10188  0126070021781990001   034085340880    00       3      0              000000000000000000000000000000000     0     0 0     
        5513183 542022412 3012  021781  0950221 929          57          14           71950221 929      011 0141630TYM.2080;                10188  0106070021781000001   034129341320    00       3      0              000000000000000000000000000000000     0     0 0     
        5513476 542017712 3012  021781  0950221 929          61          14           75950221 930      011 0141630TYM.2080:.0099;          10188  0146070021781009901   034168341710    00       3      0              000000000000000000000000000000000     0     0 0     
        5515051 542020412 3012  021781  0950221 933          61          14           75950221 933      0 5 0141630TYM.2080:.99;            10188  0126070021781990001   034352343610    00       9      0              000000000000000000000000000000000     0     0 0     
        5515319 542016012 3012  021781  0950221 933          61          14           75950221 933      011 0141630TYM.2080:.99;            10188  0126070021781990001   034381343850    00       4      0              000000000000000000000000000000000     0     0 0     
        5516993 542016712 3012  021781  0950221 937          61          14           75950221 937      011 0141630TYM.2080:.99;            10188  0126070021781990001   034595345990    00       4      0              000000000000000000000000000000000     0     0 0     
        5524208 542014512 3012  021781  0950221 951          61          14           75950221 951      011 0141630TYM.2080:.99;            10188  0126070021781990001   035485354880    00       3      0              000000000000000000000000000000000     0     0 0     
        5544592 542021512 3012  021781  09502211032          61          14           759502211032      0 5 0141630TYM.2080:.99;            10188  0126070021781990001   037925379330    00       8      0              000000000000000000000000000000000     0     0 0     
        5544800 542021512 3012  021781  09502211032         115         872          9879502211034      2 3 0141630TYM.2080:.99;            10188  0126070021781990001   037945380520    00     107      0              000000000000000000000000000000000     0     0 0     
        5546852 542022424 3012  021781  09502211037          65          14           799502211037      011 0141630TYM.2080:.01;            10188  0126070021781010000   038192381960    00       4      0              000000000000000000000000000000000     0     0 0     
        5547509 542020024 3012  021781  09502211038          65          14           799502211038      011 0141630TYM.2080:.01;            10188  0126070021781010000   038269382720    00       3      0              000000000000000000000000000000000     0     0 0     
        5547776 542014312 3012  021781  09502211038          93         233          3269502211039      0 3 0141630TYM.2080:.99;            10188  0126070021781990001   038302383260    00      24      0              000000000000000000000000000000000     0     0 0     
        5548159 542014612 3012  021781  09502211039          61          14           759502211040      111 0141630TYM.2080:.99;            10188  0126070021781990001   038349383950    00      46      0              000000000000000000000000000000000     0     0 0     
        5548899 542020112 3012  021781  09502211041         171        1997         21689502211043      2 3 0141630TYM.2080:.99;            10188  0126070021781990001   038434385660    00     132      0              000000000000000000000000000000000     0     0 0     
        5549962 542021012 3012  021781  09502211043          61          14           759502211044      111 0141630TYM.2080:.99;            10188  0126070021781990001   038564386350    00      71      0              000000000000000000000000000000000     0     0 0     
        5550236 542016412 3012  021781  09502211043         125         688          8139502211044      1 5 0141630TYM.2080:.99;            10188  0126070021781990001   038598386560    00      58      0              000000000000000000000000000000000     0     0 0     
        5551455 542017212 3012  021781  09502211046          74         323          3979502211047      1 3 0141630TYM.2080:.99;            10188  0126070021781990001   038746388030    00      57      0              000000000000000000000000000000000     0     0 0     
        55 542016424 3012  021781  09502211046          65          14           799502211046      011 0141630TYM.2080:.01;            10188  0126070021781010000   038766387690    00       3      0              000000000000000000000000000000000     0     0 0     
        5552559 542017212 3012  021781  09502211048         125        1097         12229502211049      1 2 0141630TYM.2080:.99;            10188  0126070021781990001   038872389140    00      42      0              000000000000000000000000000000000     0     0 0     
        5553182 542017112 3012  021781  09502211049          78       47307        473859502211050      1 3 0141630TYM.2080:.99;            10188  0126070021781990001   038943390052    00      62      0              000000000000000000000000000000000     0     0 0     
        5553468 542015224 3012  021781  09502211050          65          14           799502211050      011 0141630TYM.2080:.01;            10188  0126070021781010000   038979389830    00       4      0              000000000000000000000000000000000     0     0 0     
        5553891 542021212 3012  021781  09502211050          61          14           759502211051      111 0141630TYM.2080:.99;            10188  0126070021781990001   039027390670    00      40      0              000000000000000000000000000000000     0     0 0     
        5554246 542022212 3012  021781  09502211051         132        1251         13839502211053      2 5 0141630TYM.2080:.99;            10188  0126070021781990001   039067391700    00     103      0              000000000000000000000000000000000     0     0 0     
        5555840 542017212 3012  021781  09502211054          82        8210         82929502211055      0 3 0141630TYM.2080:.99;            10188  0126070021781990001   039257392710    00      14      0              000000000000000000000000000000000     0     0 0     
        5556008 542017212 3012  021781  09502211055          63          14           779502211056      111 0141630TYM.2080:.99;            10188  0126070021781990001   039280393320    00      52      0              000000000000000000000000000000000     0     0 0     
        5556366 542016112 3012  021781  09502211055          74         742          8169502211058      2 3 0141630TYM.2080:.99;            10188  0126070021781990001   039321394500    00     129      0              000000000000000000000000000000000     0     0 0     
        5556521 542017224 3012  021781  09502211056          65          14           799502211056      011 0141630TYM.2080:.01;            10188  0126070021781010000   039340393430    00       3      0              000000000000000000000000000000000     0     0 0     
        5557526 542016612 3012  021781  09502211058         203        4031         42349502211100      3 5 0141630TYM.2080:.99;            10188  0126070021781990001   039460396160    00     156      0              000000000000000000000000000000000     0     0 0     
        5559094 542020012 3012  021781  09502211101          74         773          8479502211103      2 3 0141630TYM.2080:.99;            10188  0126070021781990001   039634397570    00     123      0              000000000000000000000000000000000     0     0 0     
        5559898 542017224 3012  021781  09502211102          65          14           799502211102      011 0141630TYM.2080:.01;            10188  0126070021781010000   039722397260    00       4      0              000000000000000000000000000000000     0     0 0     
        5560626 542021212 3012  021781  09502211103          61          14           759502211104      011 0141630TYM.2080:.99;            10188  0126070021781990001   039802398170    00      15      0              000000000000000000000000000000000     0     0 0     
        5560967 542015212 3012  021781  09502211104         186        4372         45589502211106      2 5 0141630TYM.2080:.99;            10188  0126070021781990001   039841399360    00      95      0              000000000000000000000000000000000     0     0 0     
        5561933 542022512 3012  021781  09502211106          74       14894        149689502211118     12 3 0141630TYM.2080:.99;            10188  0126070021781990001   039953406590    00     706      0              000000000000000000000000000000000     0     0 0     
        5562091 542017124 3012  021781  09502211106         200         901         11019502211107      1 3 0141630TYM.2080:.01;            10188  0126070021781010000   039972400290    00      57      0              000000000000000000000000000000000     0     0 0     
        5564506 542022224 3012  021781  09502211111         466        2421         28879502211112      1 3 0141630TYM.2080:.01;            10188  0126070021781010000   040258403070    00      49      0              000000000000000000000000000000000     0     0 0     
        5565633 542020324 3012  021781  09502211113          57          14           719502211113      011 0141630TYM.2080;                10188  0106070021781000000   040398404010    00       3      0              000000000000000000000000000000000     0     0 0     
        5566331 542024624 3012  021781  09502211115          57          14           719502211115      011 0141630TYM.2080;                10188  0106070021781000000   040479404820    00       3      0              000000000000000000000000000000000     0     0 0     
        5568545 542023524 3012  021781  09502211119         995        2044         30399502211122      3 3 0141630TYM.2080:.01;            10188  0126070021781010000   040728409350    00     207      0              000000000000000000000000000000000     0     0 0     
        5570524 542020012 3012  021781  09502211123          61          14           759502211123      111 0141630TYM.2080:.99;            10188  0126070021781990001   040954409980    00      44      0              000000000000000000000000000000000     0     0 0     
        5570804 542022712 3012  021781  09502211123         206        5799         60059502211126      3 5 0141630TYM.2080:.99;            10188  0126070021781990001   040988411630    00     175      0              000000000000000000000000000000000     0     0 0     
        5640498 542021524 3012  021781  09502211257         340         181          5219502211257      0 2 0141630TYM.2080:.01;            10188  0126070021781010000   046624466370    00      13      0              000000000000000000000000000000000     0     0 0     
        5646920 542015724 3012  021781  09502211303         200         901         11019502211303      0 3 0141630TYM.2080:.01;            10188  0126070021781010000   046953469800    00      27      0              000000000000000000000000000000000     0     0 0     
        5651688 542017624 3012  021781  09502211307          57          14           719502211307      011 0141630TYM.2080;                10188  0106070021781000000   047192471950    00       3      0              000000000000000000000000000000000     0     0 0     
        5653314 542014224 3012  021781  09502211308          57          14           719502211308      011 0141630TYM.2080;                10188  0106070021781000000   047273472760    00       3      0              000000000000000000000000000000000     0     0 0     
        5655288 542017624 3012  021781  09502211310          57          14           719502211310      011 0141630TYM.2080;                10188  0106070021781000000   047374473770    00       3      0              000000000000000000000000000000000     0     0 0     
        5656869 542021324 3012  021781  09502211311          57          14           719502211311      011 0141630TYM.2080;                10188  0106070021781000000   047454474570    00       3      0              000000000000000000000000000000000     0     0 0     
        5657803 542022524 3012  021781  09502211312         621        3293         39149502211313      1 3 0141630TYM.2080:.01;            10188  0126070021781010000   047502475870    00      85      0              000000000000000000000000000000000     0     0 0     
        5661003 542014624 3012  021781  09502211314        5163        2292         74559502211318      3 2 0141630TYM.2080:.01;            10188  0126070021781010000   047655478580    00     203      0              000000000000000000000000000000000     0     0 0     
;@#Ú