        3878352 542015424 3012  021781  0950222 939        1494       10294        11788950222 943      4 3 0141630TYM.2080:.02             10188  0126070021781020000   034765349930    00     228      0              000000000000000000000000000000000     0     0 0     
        3881570 542014112 3012  021781  0950222 947         133        1558         1691950222 951      5 5 0141630TYM.2080:.99             10188  0126070021781990001   035193354890    00     296      0              000000000000000000000000000000000     0     0 0     
        3884096 542014112 3012  021781  0950222 952         124         422          546950222 958      6 3 0141630TYM.2080:.99             10188  0126070021781990001   035530358680    00     338      0              000000000000000000000000000000000     0     0 0     
        3884375 542015724 3012  021781  0950222 953          65          14           79950222 953      011 0141630TYM.2080:.01             10188  0126070021781010000   035569355720    00       3      0              000000000000000000000000000000000     0     0 0     
        3884558 542017624 3012  021781  0950222 953        1814       14503        16317950222 957      4 3 0141630TYM.2080:.01             10188  0126070021781010000   035595358210    00     226      0              000000000000000000000000000000000     0     0 0     
        3886744 542014112 3012  021781  0950222 958          61          14           75950222 959      111 0141630TYM.2080:.99             10188  0126070021781990001   035868359300    00      62      0              000000000000000000000000000000000     0     0 0     
        3886942 542022612 3012  021781  0950222 958         180        2285         2465950222 960      2 3 0141630TYM.2080:.99             10188  0126070021781990001   035891359820    00      91      0              000000000000000000000000000000000     0     0 0     
        3887670 542020012 3012  021781  0950222 960         115         872          9879502221002      3 3 0141630TYM.2080:.99             10188  0126070021781990001   035984361360    00     152      0              000000000000000000000000000000000     0     0 0     
        4816692 542016512 3012  021781  0950223 704          62          14           76950223 704      011 0141630TYM.2080:.99             10188  0126070021781990001   025445254480    00       3      0              000000000000000000000000000000000     0     0 0     
        4817551 542016212 3012  021781  0950223 705          72         159          231950223 706      0 3 0141630TYM.2080:.99             10188  0126070021781990001   025526255480    00      22      0              000000000000000000000000000000000     0     0 0     
        4819491 542015024 3012  021781  0950223 709       55762        2614        58376950223 714      6 2 0141630TYM.2080:.01             10188  0126070021781010000   025714260520    00     338      0              000000000000000000000000000000000     0     0 0     
        5040136 542014424 3012  021781  09502231245         340         181          5219502231246      0 2 0141630TYM.2080:.01             10188  0126070021781010000   045918459320    00      14      0              000000000000000000000000000000000     0     0 0     
        5041017 542020124 3012  021781  09502231246         340         181          5219502231246      0 2 0141630TYM.2080:.01             10188  0126070021781010000   045970459820    00      12      0              000000000000000000000000000000000     0     0 0     
        5042829 542014624 3012  021781  09502231248         340         181          5219502231248      0 2 0141630TYM.2080:.01             10188  0126070021781010000   046063460750    00      12      0              000000000000000000000000000000000     0     0 0     
        5043563 542020324 3012  021781  09502231248        7289       59846        671359502231312     24 3 0141630TYM.2080:.01             10188  0126070021781010000   046105475410    00    1436      0              000000000000000000000000000000000     0     0 0     
        5066313 542016724 3012  021781  09502231307         340         181          5219502231308      0 2 0141630TYM.2080:.01             10188  0126070021781010000   047241472530    00      12      0              000000000000000000000000000000000     0     0 0     
        5070791 542016224 3012  021781  09502231311        7769      268323       2760929502231351     40 2 0141630TYM.2080:.01             10188  0126070021781010000   047445498410    00    2396      0              000000000000000000000000000000000     0     0 0     
        5073351 542021224 3012  021781  09502231313          65          14           799502231314      111 0141630TYM.2080:.02             10188  0126070021781020000   047556476110    00      55      0              000000000000000000000000000000000     0     0 0     
        5076516 542016524 3012  021781  09502231315        6025       49881        559069502231350     35 3 0141630TYM.2080:.02             10188  0126070021781020000   047700498190    00    2119      0              000000000000000000000000000000000     0     0 0     
       12630310 542020612 3012  021781  09502231531          54          14           689502231531      011 0233157TYM.2081                 10188  0106070021781000001   055870558740    00       4      0              000000000000000000000000000000000     0     0 0     
       12662212 542020624 3012  021781  09502231550        3073       24314        273879502231556      6 3 0141630TYM.2080:.02             10188  0126070021781020000   056996573400    00     344      0              000000000000000000000000000000000     0     0 0     
       12712787 542017324 3012  021781  09502231619        1769       12614        143839502231622      4 3 0141630TYM.2080:.01             10188  0126070021781010000   058712589290    00     217      0              000000000000000000000000000000000     0     0 0     
       12809812 542016624 3012  021781  09502231718        3025       19782        228079502231725      7 3 0141630TYM.2080:.01             10188  0126070021781010000   062289627280    00     439      0              000000000000000000000000000000000     0     0 0     
       12837847 542014724 3012  021781  09502231737        3179       32286        354659502231746      9 3 0141630TYM.2080:.02             10188  0126070021781020000   063422639720    00     550      0              000000000000000000000000000000000     0     0 0     
