        1475995 371714112 4571  0 7152  0950502   0          27        2381         2408950502   1      1 2 0537501EMSSOS                    6085  4       0       000   0   18   480    00      30      0              000000000000000000000000000000000     0     0 0     
        1851348 337114111 3371  0 3181  0950502 430          11          97          108950502 431      1 3 0645311NISHSA                    9118  0       0       000   016178162530    00      75      0              000000000000000000000000000000000     0     0 0     
        2849200 371714111 3717  0 3204  0950502 550          11          97          108950502 551      1 3 0645311NISHSA                    6137  0       0       000   020990210640    00      74      0              000000000000000000000000000000000     0     0 0     
        2957125 3371141 1 4571  0 7152  0950502 915        6359        6074        12433950502 920      4 2 0607337EMSOTM                   18894  1       0       000   033325335790    00     254      0              000000000000000000000000000000000     0     0 0     
        2986154 371714111 3717  0 3204  09505021013        3580        1196         47769505021016      3 3 0645311NISHSA                    6137  0       0       000   036768369680    00     200      0              000000000000000000000000000000000     0     0 0     
        2986337 371714111 2305  0   40  09505021013        3706        1061         47679505021015      2 2 0 13143NTIJP1                    3204  0       0       000   036787368980    00     111      0              000000000000000000000000000000000     0     0 0     
        2507392 337114111 3371  0 3181  09505071211       18199       10690        288899505071307     56 3 0645311NISHSA                    4126  0       0       000   043876472390    00    3363      0              000000000000000000000000000000000     0     0 0     
        2507496 33711411111772  0   40  09505071211       26358       10019        363779505071305     54 2 0734063OKIJPN                    3181  0       0       000   043889471140    00    3225      0              000000000000000000000000000000000     0     0 0     
        2626587 337114111 3371  0 3181  09505071539       18669        2184        208539505071548      9 3 0645311NISHSA                    4126  0       0       000   056320568720    00     552      0              000000000000000000000000000000000     0     0 0     
        2626694 33711411111772  0   40  09505071539       40437        2049        424869505071546      7 2 0734063OKIJPN                    3181  0       0       000   056332567470    00     415      0              000000000000000000000000000000000     0     0 0     
        2633349 337114111 3371  0 3181  09505071551        1017     3402465      34034829505071719     88 3 0645311NISHSA                    4126  0       0       000   057031623122    00    5281      0              000000000000000000000000000000000     0     0 0     
        2633463 33711411111772  0   40  09505071551         707     3394619      33953269505071716     86 2 0734063OKIJPN                    3181  0       0       000   057044621862    00    5142      0              000000000000000000000000000000000     0     0 0     
        2914367 371714111 3717  0 3204  09505072327          61       41613        416749505072332      5 3 0645311NISHSA                    6137  0       0       000   084409847300    00     321      0              000000000000000000000000000000000     0     0 0     
        2914611 371714111 2305  0   40  09505072327          18       41396        414149505072331      4 2 0 13143NTIJP1                    3204  0       0       000   084429846590    00     230      0              000000000000000000000000000000000     0     0 0     
        2932895 371714112 4571  0 7152  09505072350          27        7133         71609505072352      1 2 0537501EMSSOS                    6085  4       0       000   085823858940    00      71      0              000000000000000000000000000000000     0     0 0     
        2262839 371714111 3717  0 3204  09505082327          61         489          5509505082329      2 3 0645311NISHSA                    6137  0       0       000   084408845430    00     135      0              000000000000000000000000000000000     0     0 0     
        2263207 37171411111772  0   40  09505082327          18         357          3759505082328      1 2 0 13143NTIJP1                    3204  0       0       000   084428844730    00      45      0              000000000000000000000000000000000     0     0 0     
        2943052 371714111 3717  0 3204  0950508   5          62         463          525950508   8      4 2 0645311NISHSA                    6137  0       0       000   0  290  5020    00     212      0              000000000000000000000000000000000     0     0 0     
        2943289 371714111 2305  0   40  0950508   5          20         288          308950508   6      1 2 0664125C0000000                  3204  0       0       000   0  310  3600    00      50      0              000000000000000000000000000000000     0     0 0     
        3041867 337114111 3371  0 3181  0950508 216          81       10461        10542950508 220      4 3 0645311NISHSA                    4126  0       0       000   0 8167 83980    00     231      0              000000000000000000000000000000000     0     0 0     
        3042026 33711411111772  0   40  0950508 216          31       10362        10393950508 218      2 2 0734063OKIJPN                    3181  0       0       000   0 8181 82720    00      91      0              000000000000000000000000000000000     0     0 0     
        3119837 337114111 3371  0 3181  0950508 412          11          97          108950508 413      1 3 0645311NISHSA                    9118  0       0       000   015096151710    00      75      0              000000000000000000000000000000000     0     0 0     
        3120748 337114111 3371  0 3181  0950508 413          11          97          108950508 415      1 3 0645311NISHSA                    9118  0       0       000   015198152720    00      74      0              000000000000000000000000000000000     0     0 0     
        3120910 337114111 3371  0 3181  0950508 414          11          97          108950508 415      1 3 0645311NISHSA                    9118  0       0       000   015215152900    00      75      0              000000000000000000000000000000000     0     0 0     
        3121050 337114111 3371  0 3181  0950508 414          11          97          108950508 415      1 3 0645311NISHSA                    9118  0       0       000   015231153060    00      75      0              000000000000000000000000000000000     0     0 0     
        3123775 337114111 3371  0 3181  0950508 419           0           0            0950508 419      0 3 0645311NISHSA                    4126  0       0       000   015524155260    00       2      0              000000000000000000000000000000000     0     0 0     
        3124555 337114111 3371  0 3181  0950508 420          11          97          108950508 421      1 3 0645311NISHSA                    9118  0       0       000   015609156840    00      75      0              000000000000000000000000000000000     0     0 0     
       10486965 371714111 3717  0 3204  0950508 502          61         461          522950508 505      4 2 0645311NISHSA                    6137  0       0       000   018111183240    00     213      0              000000000000000000000000000000000     0     0 0     
       10487137 371714111 2305  0   40  0950508 502          19         285          304950508 503      1 2 0664125C0000000                  3204  0       0       000   018130181810    00      51      0              000000000000000000000000000000000     0     0 0     
       10513128 371714111 3717  0 3204  0950508 553          11          97          108950508 554      1 3 0645311NISHSA                    6137  0       0       000   021160212350    00      75      0              000000000000000000000000000000000     0     0 0     
       10591483 337114111 3371  0 3181  0950508 837          11          97          108950508 838      1 3 0645311NISHSA                    9118  0       0       000   030994310690    00      75      0              000000000000000000000000000000000     0     0 0     
       10627519 3371141 1 4571  0 7152  0950508 952       12496       12303        24799950508 960      8 2 0607337EMSOTM                   18894  1       0       000   035519359810    00     462      0              000000000000000000000000000000000     0     0 0     
       10728474 337114111 3371  0 3181  09505081211      108426        9792       1182189505081323     72 3 0645311NISHSA                    4126  0       0       000   043849481850    00    4336      0              000000000000000000000000000000000     0     0 0     
       10728770 337114111 2305  0   40  09505081211      266226        9078       2753049505081321     70 2 0734063OKIJPN                    3181  0       0       000   043864480600    00    4196      0              000000000000000000000000000000000     0     0 0     
       10635026 371714111 3717  0 3204  09505081006        1724        1127         28519505081009      3 3 0645311NISHSA                    6137  0       0       000   036352365410    00     189      0              000000000000000000000000000000000     0     0 0     
       10635206 371714111 2305  0   40  09505081006        1752         991         27439505081008      2 2 0 13143NTIJP1                    3204  0       0       000   036371364700    00      99      0              000000000000000000000000000000000     0     0 0     
       10668124 371714111 3717  0 3204  09505081103       45006         866        458729505081112      8 2 0645311NISHSA                    6137  0       0       000   039790402990    00     509      0              000000000000000000000000000000000     0     0 0     
       10668368 371714111 2305  0   40  09505081103       54636         683        553199505081109      6 2 0664125C0000000                  3204  0       0       000   039809401570    00     348      0              000000000000000000000000000000000     0     0 0     
       10959969 337114111 3371  0 3181  09505081449       17672        1257        189299505081458      9 3 0645311NISHSA                    4126  0       0       000   053337539020    00     565      0              000000000000000000000000000000000     0     0 0     
       10960400 33711411111772  0   40  09505081449       39923        1080        410039505081456      7 2 0734063OKIJPN                    3181  0       0       000   053351537770    00     426      0              000000000000000000000000000000000     0     0 0     
       11059451 337114111 3371  0 3181  09505081549          99       19633        197329505081553      4 3 0645311NISHSA                    4126  0       0       000   056930571820    00     252      0              000000000000000000000000000000000     0     0 0     
       11059839 33711411111772  0   40  09505081549          44       19531        195759505081551      2 2 0734063OKIJPN                    3181  0       0       000   056944570570    00     113      0              000000000000000000000000000000000     0     0 0     
        2482414 337114111 3371  0 3181  0950509 237         153      135397       135550950509 245      8 3 0645311NISHSA                    4126  0       0       000   0 9410 98850    00     475      0              000000000000000000000000000000000     0     0 0     
        2482737 337114111 2305  0   40  0950509 237          83      134946       135029950509 243      6 2 0734063OKIJPN                    3181  0       0       000   0 9424 97600    00     336      0              000000000000000000000000000000000     0     0 0     
        2301492 371714111 3717  0 3204  0950509   4          11          97          108950509   5      1 3 0645311NISHSA                    6137  0       0       000   0  232  3080    00      76      0              000000000000000000000000000000000     0     0 0     
        2301988 371714112 4571  0 7152  0950509   4          27        1957         1984950509   5      0 2 0537501EMSSOS                    6085  4       0       000   0  258  2860    00      28      0              000000000000000000000000000000000     0     0 0     
        2349257 371714111 3717  0 3204  0950509  51          62         825          887950509  54      4 2 0645311NISHSA                    6137  0       0       000   0 3055 32680    00     213      0              000000000000000000000000000000000     0     0 0     
        2349575 37171411111772  0   40  0950509  51          20         654          674950509  52      1 2 0664125C0000000                  3204  0       0       000   0 3075 31260    00      51      0              000000000000000000000000000000000     0     0 0     
        2352053 371714111 3717  0 3204  0950509  54         173       34083        34256950509 101      7 2 0645311NISHSA                    6137  0       0       000   0 3216 36520    00     436      0              000000000000000000000000000000000     0     0 0     
        2352412 37171411111772  0   40  0950509  54         118       33808        33926950509  58      5 2 0664125C0000000                  3204  0       0       000   0 3236 35090    00     273      0              000000000000000000000000000000000     0     0 0     
        3235234 371714111 3717  0 3204  09505092327          61        1149         12109505092329      2 3 0645311NISHSA                    6137  0       0       000   084410845460    00     136      0              000000000000000000000000000000000     0     0 0     
        3235575 371714111 2305  0   40  09505092327          18        1012         10309505092328      1 2 0 13143NTIJP1                    3204  0       0       000   084429844740    00      45      0              000000000000000000000000000000000     0     0 0     
        3267660 371714112 4571  0 7152  09505092358          56        3980         40369505092360      1 2 0537501EMSSOS                    6085  4       0       000   086309863880    00      79      0              000000000000000000000000000000000     0     0 0     
        4088839 371714111 3717  0 3204  0950509 504          61         461          522950509 507      4 2 0645311NISHSA                    6137  0       0       000   018219184370    00     218      0              000000000000000000000000000000000     0     0 0     
        4089521 37171411111772  0   40  0950509 504          19         285          304950509 505      1 2 0664125C0000000                  3204  0       0       000   018243182950    00      52      0              000000000000000000000000000000000     0     0 0     
        4122290 371714111 3717  0 3204  0950509 602          11          97          108950509 604      1 3 0645311NISHSA                    6137  0       0       000   021737218120    00      75      0              000000000000000000000000000000000     0     0 0     
       11594231 3371141 1 4571  0 7152  09505091010        8163        7933        160969505091015      5 2 0607337EMSOTM                   18894  1       0       000   036606369180    00     312      0              000000000000000000000000000000000     0     0 0     
       11715820 337114111 3371  0 3181  09505091228      516579        9965       5265449505091416    108 3 0645311NISHSA                    4126  0       0       000   044887513550    00    6468      0              000000000000000000000000000000000     0     0 0     
       11716076 33711411111772  0   40  09505091228      740828        9236       7500649505091414    106 2 0734063OKIJPN                    3181  0       0       000   044899512290    00    6330      0              000000000000000000000000000000000     0     0 0     
       11592398 371714111 3717  0 3204  09505091007        3611        1052         46639505091010      3 3 0645311NISHSA                    6137  0       0       000   036410366110    00     201      0              000000000000000000000000000000000     0     0 0     
       11592575 37171411111772  0   40  09505091007        3672         915         45879505091009      2 2 0 13143NTIJP1                    3204  0       0       000   036430365410    00     111      0              000000000000000000000000000000000     0     0 0     
       12043753 337114111 3371  0 3181  09505091551         429        1360         17899505091558      7 3 0645311NISHSA                    4126  0       0       000   057039574720    00     433      0              000000000000000000000000000000000     0     0 0     
       12044091 33711411111772  0   40  09505091551         419        1185         16049505091556      5 2 0734063OKIJPN                    3181  0       0       000   057053573460    00     293      0              000000000000000000000000000000000     0     0 0     
       12067226 337114111 3371  0 3181  09505091606         153      171136       1712899505091614      9 3 0645311NISHSA                    4126  0       0       000   057940584570    00     517      0              000000000000000000000000000000000     0     0 0     
       12067554 33711411111772  0   40  09505091606          83      170621       1707049505091612      6 2 0734063OKIJPN                    3181  0       0       000   057954583320    00     378      0              000000000000000000000000000000000     0     0 0     
        3476321 337114111 3371  0 3181  0950510 248         153      115242       115395950510 255      7 3 0645311NISHSA                    4126  0       0       000   010066105110    00     445      0              000000000000000000000000000000000     0     0 0     
        3476585 337114111 2305  0   40  0950510 248          83      114881       114964950510 253      5 2 0734063OKIJPN                    3181  0       0       000   010080103850    00     305      0              000000000000000000000000000000000     0     0 0     
        5311844 3371141 1 4571  0 7152  0950510 912        8896        8672        17568950510 918      6 2 0607337EMSOTM                   18894  1       0       000   033110334500    00     340      0              000000000000000000000000000000000     0     0 0     
        53 371714111 3717  0 3204  09505101018        3412        1200         46129505101021      3 3 0645311NISHSA                    6137  0       0       000   037083372830    00     200      0              000000000000000000000000000000000     0     0 0     
        5348026 37171411111772  0   40  09505101018        3541        1065         46069505101020      2 2 0 13143NTIJP1                    3204  0       0       000   037102372140    00     112      0              000000000000000000000000000000000     0     0 0     
        5443869 337114111 3371  0 3181  09505101214      211207        9879       2210869505101335     80 3 0645311NISHSA                    4126  0       0       000   044054488780    00    4824      0              000000000000000000000000000000000     0     0 0     
        5444138 337114111 2305  0   40  09505101214      396921        9164       4060859505101333     78 2 0734063OKIJPN                    3181  0       0       000   044067487530    00    4686      0              000000000000000000000000000000000     0     0 0     
        5796588 337114111 3371  0 3181  09505101555        5427        1329         67569505101603      8 3 0645311NISHSA                    4126  0       0       000   057317577700    00     453      0              000000000000000000000000000000000     0     0 0     
        5796966 337114111 2305  0   40  09505101556        7428        1156         85849505101601      5 2 0734063OKIJPN                    3181  0       0       000   057331576450    00     314      0              000000000000000000000000000000000     0     0 0     
        5816754 337114111 3371  0 3181  09505101608         171      102529       1027009505101616      7 3 0645311NISHSA                    4126  0       0       000   058101585370    00     436      0              000000000000000000000000000000000     0     0 0     
        5817099 337114111 2305  0   40  09505101609          96      102215       1023119505101614      5 2 0734063OKIJPN                    3181  0       0       000   058114584130    00     299      0              000000000000000000000000000000000     0     0 0     
        2057364 337114111 3371  0 3181  09505111017          11          97          1089505111018      1 3 0645311NISHSA                    4126  0       0       000   037028370900    00      62      0              000000000000000000000000000000000     0     0 0     
        2083030 3371141 1 4571  0 7152  09505111059       13423       13236        266599505111107      8 2 0607337EMSOTM                   18894  3       0       000   039511400010    00     490      0              000000000000000000000000000000000     0     0 0     
        1877684 371714111 3717  0 3204  0950511 504          61         467          528950511 507      4 2 0645311NISHSA                    6137  0       0       000   018218184460    00     228      0              000000000000000000000000000000000     0     0 0     
        1878448 371714111 2305  0   40  0950511 504          19         291          310950511 505      1 2 0664125C0000000                  3204  0       0       000   018250183040    00      54      0              000000000000000000000000000000000     0     0 0     
        2052620 371714111 3717  0 3204  09505111009        4560        1198         57589505111012      4 3 0645311NISHSA                    6137  0       0       000   036521367310    00     210      0              000000000000000000000000000000000     0     0 0     
        2052810 37171411111772  0   40  09505111009        4708        1063         57719505111011      2 2 0 13143NTIJP1                    3204  0       0       000   036541366600    00     119      0              000000000000000000000000000000000     0     0 0     
        9503645 337114111 3371  0 3181  09505111220       89796        9818        996149505111324     64 3 0645311NISHSA                    4126  0       0       000   044392482510    00    3859      0              000000000000000000000000000000000     0     0 0     
        9503952 337114111 2305  0   40  09505111220      146284        9106       1553909505111322     62 2 0734063OKIJPN                    3181  0       0       000   044406481260    00    3720      0              000000000000000000000000000000000     0     0 0     
        9790226 337114111 3371  0 3181  09505111524       35437        1276        367139505111535     11 3 0645311NISHSA                    4126  0       0       000   055449561150    00     666      0              000000000000000000000000000000000     0     0 0     
        9790600 337114111 2305  0   40  09505111524       69389        1100        704899505111533      9 2 0734063OKIJPN                    3181  0       0       000   055463559910    00     528      0              000000000000000000000000000000000     0     0 0     
        9824553 337114111 3371  0 3181  09505111545         117       45410        455279505111550      5 3 0645311NISHSA                    4126  0       0       000   056704570150    00     311      0              000000000000000000000000000000000     0     0 0     
        9824919 337114111 2305  0   40  09505111545          57       45240        452979505111548      3 2 0734063OKIJPN                    3181  0       0       000   056718568890    00     171      0              000000000000000000000000000000000     0     0 0     
       10440651 371714111 3717  0 3204  09505112327          61         493          5549505112329      2 3 0645311NISHSA                    6137  0       0       000   084410845470    00     137      0              000000000000000000000000000000000     0     0 0     
       10441024 371714111 2305  0   40  09505112327          18         361          3799505112328      1 2 0 13143NTIJP1                    3204  0       0       000   084432844770    00      45      0              000000000000000000000000000000000     0     0 0     
s@ pð