        1074996 215015414 3502  0 3359  0941122 145        1954         193         2147941122 147      2 2 0 51010WUI.D4243                14324  014424314 102002000   0 6326 64200    00      94      0              000000000000000000000000000000000     0     0 0     
        1124844 211214514 3502  0 3359  0941122 235        5039         173         5212941122 235      1 3 0 51010WUI.D4243                 6103  014424314 121904000   0 9271 93080    00      37      0              000000000000000000000000000000000     0     0 0     
        1127957 211215614 3502  0 3359  0941122 238        1359         173         1532941122 238      0 3 0 51010WUI.D4243                 6103  014424314 121904000   0 9456 94800    00      24      0              000000000000000000000000000000000     0     0 0     
        1160091 211214714 3502  0 3359  0941122 310        4203         173         4376941122 310      1 3 0 51010WUI.D4243                 6103  014424314 121904000   011371114060    00      35      0              000000000000000000000000000000000     0     0 0     
        1191718 211214614 3502  0 3359  0941122 342        1787         173         1960941122 343      0 3 0 51010WUI.D4243                 6103  014424314 121904000   013332133590    00      27      0              000000000000000000000000000000000     0     0 0     
        1201337 211214414 3502  0 3359  0941122 354         838         173         1011941122 354      0 3 0 51010WUI.D4243                 6103  014424314 121904000   014021140430    00      22      0              000000000000000000000000000000000     0     0 0     
        1208507 211216014 3502  0 3359  0941122 402        2031         173         2204941122 403      0 3 0 51010WUI.D4243                 6103  014424314 121904000   014524145520    00      28      0              000000000000000000000000000000000     0     0 0     
        1237782 211214514 3502  0 3359  0941122 439         749         173          922941122 439      0 3 0 51010WUI.D4243                 6103  014424314 121904000   016713167340    00      21      0              000000000000000000000000000000000     0     0 0     
        1239307 211214414 3502  0 3359  0941122 441        1416         173         1589941122 441      0 3 0 51010WUI.D4243                 6103  014424314 121904000   016850168750    00      25      0              000000000000000000000000000000000     0     0 0     
        1240016 211214214 3502  0 3359  0941122 442        1401         173         1574941122 442      0 3 0 51010WUI.D4243                 6103  014424314 121904000   016909169320    00      23      0              000000000000000000000000000000000     0     0 0     
        1252147 215015414 3502  0 3359  0941122 460         607         173          780941122 500      0 2 0 51010WUI.D4243                14324  014424314 102002000   017984180110    00      27      0              000000000000000000000000000000000     0     0 0     
        1265284 211214614 3502  0 3359  0941122 519        3382         173         3555941122 519      1 3 0 51010WUI.D4243                 6103  014424314 121904000   019117191490    00      32      0              000000000000000000000000000000000     0     0 0     
        1272875 211214714 3502  0 3359  0941122 530        2420         173         2593941122 531      0 3 0 51010WUI.D4243                 6103  014424314 121904000   019820198480    00      28      0              000000000000000000000000000000000     0     0 0     
        1273455 211215314 3502  0 3359  0941122 531        2491         173         2664941122 532      0 3 0 51010WUI.D4243                 6103  014424314 121904000   019875199020    00      27      0              000000000000000000000000000000000     0     0 0     
        1278651 211214514 3502  0 3359  0941122 540       14878         173        15051941122 541      1 3 0 51010WUI.D4243                 6103  014424314 121904000   020379204520    00      73      0              000000000000000000000000000000000     0     0 0     
        1288466 211215214 3502  0 3359  0941122 557       10720         203        10923941122 558      1 3 0 51010WUI.D4243                 6103  014424314 121904000   021397214630    00      66      0              000000000000000000000000000000000     0     0 0     
        1218225 603214414 3502  0 1581  0941122 414        3862          91         3953941122 415      1 3 1552461XXBAHHOLLAND              5662  010204118 487000000   015212152910    00      79      0              000000000000000000000000000000000     0     0 0     
        1054113 350214514 2151  011053  0941122 125          51          24           75941122 125      0 2 0 56411RCA.D4201                 2012  0124201832040090000   0 5091 50930    00       2      0              000000000000000000000000000000000     0     0 0     
        10547461272315714 2151  011053  0941122 125          51          24           75941122 126      0 2 0 56411RCA.D4201                 1658  0124201832040090000   0 5128 51320    00       4      0              000000000000000000000000000000000     0     0 0     
        1055368 350214714 2151  011053  0941122 126          51          24           75941122 126      0 2 0 56411RCA.D4201                 2012  0124201832040090000   0 5166 51690    00       3      0              000000000000000000000000000000000     0     0 0     
        10559721272316014 2151  011053  0941122 127          51          24           75941122 127      0 2 0 56411RCA.D4201                 1658  0124201832040090000   0 5202 52060    00       4      0              000000000000000000000000000000000     0     0 0     
        1056662 350214414 2151  011053  0941122 127          51          24           75941122 127      0 2 0 56411RCA.D4201                 2012  0124201832040090000   0 5242 52440    00       2      0              000000000000000000000000000000000     0     0 0     
        1057315 350214714 2151  011053  0941122 128          51          24           75941122 128      0 2 0 56411RCA.D4201                 2012  0124201832040090000   0 5280 52820    00       2      0              000000000000000000000000000000000     0     0 0     
        1057930 350215314 2151  011053  0941122 129          51          24           75941122 129      0 2 0 56411RCA.D4201                 2012  0124201832040090000   0 5317 53200    00       3      0              000000000000000000000000000000000     0     0 0     
        1058557 350216114 2151  011053  0941122 129          51          24           75941122 129      0 2 0 56411RCA.D4201                 2012  0124201832040090000   0 5355 53580    00       3      0              000000000000000000000000000000000     0     0 0     
        1059232 350215314 2151  011053  0941122 130          51          24           75941122 130      0 2 0 56411RCA.D4201                 2012  0124201832040090000   0 5393 53960    00       3      0              000000000000000000000000000000000     0     0 0     
        1059875 350214414 2151  011053  0941122 131          51          24           75941122 131      0 2 0 56411RCA.D4201                 2012  0124201832040090000   0 5430 54330    00       3      0              000000000000000000000000000000000     0     0 0     
        1065468 350214414 2151  011053  0941122 136          51          24           75941122 136      0 2 0 56411RCA.D4201                 2012  0124201832040090000   0 5738 57410    00       3      0              000000000000000000000000000000000     0     0 0     
        10705981272315514 2151  011053  0941122 141          51          24           75941122 141      0 2 0 56411RCA.D4201                 1658  0124201832040090000   0 6045 60500    00       5      0              000000000000000000000000000000000     0     0 0     
        1075482 350215114 2151  011053  0941122 146          51          24           75941122 146      0 2 0 56411RCA.D4201                 2012  0124201832040090000   0 6355 63570    00       2      0              000000000000000000000000000000000     0     0 0     
        10806401272314314 2151  011053  0941122 151          51          24           75941122 151      0 2 0 56411RCA.D4201                 1658  0124201832040090000   0 6661 66640    00       3      0              000000000000000000000000000000000     0     0 0     
        1085457 350214714 2151  011053  0941122 156          51          24           75941122 156      0 2 0 56411RCA.D4201                 2012  0124201832040090000   0 6968 69710    00       3      0              000000000000000000000000000000000     0     0 0     
        10907831272314214 2151  011053  0941122 201          51          24           75941122 201      0 2 0 56411RCA.D4201                 1658  0124201832040090000   0 7276 72810    00       5      0              000000000000000000000000000000000     0     0 0     
        1096137 350214614 2151  011053  0941122 206          51          24           75941122 206      0 2 0 56411RCA.D4201                 2012  0124201832040090000   0 7586 75890    00       3      0              000000000000000000000000000000000     0     0 0     
        1101426 350215314 2151  011053  0941122 212          51          24           75941122 212      0 2 0 56411RCA.D4201                 2012  0124201832040090000   0 7894 78960    00       2      0              000000000000000000000000000000000     0     0 0     
        1106304 350214212 2151  011053  0941122 216       90087       55608       145695941122 231     15 2 0 56411RCA.D4201                 2012  0124201804040240001   0 8182 90780    00     896      0              000000000000000000000000000000000     0     0 0     
        1106640 350214714 2151  011053  0941122 217          51          24           75941122 217      0 2 0 56411RCA.D4201                 2012  0124201832040090000   0 8200 82030    00       3      0              000000000000000000000000000000000     0     0 0     
        1111823 350215314 2151  011053  0941122 222          51          24           75941122 222      0 2 0 56411RCA.D4201                 2012  0124201832040090000   0 8508 85110    00       3      0              000000000000000000000000000000000     0     0 0     
        1120830 214114714 2151  011053  0941122 231       39551          97        39648941122 233      3 2 0 50734WUI.D4201                 7653  0124201406540000000   0 9041 91960    00     155      0              000000000000000000000000000000000     0     0 0     
        1124199 211214514 2151  011053  0941122 234        5039         177         5216941122 235      1 3 0 50734WUI.D4201                 6103  0144201408040334000   0 9236 92700    00      34      0              000000000000000000000000000000000     0     0 0     
        1172658 350214714 2151  011053  0941122 322          51          24           75941122 322      0 2 0 56411RCA.D4201                 2012  0124201832040090000   012115121180    00       3      0              000000000000000000000000000000000     0     0 0     
        1220724 211215714 2151  011053  0941122 417       13493       13006        26499941122 431     14 3 0 50734WUI.D4201                 6103  0124201804040310000   015394162550    00     861      0              000000000000000000000000000000000     0     0 0     
        1225068 350214214 2151  011053  0941122 422          51          24           75941122 422      0 2 0 56411RCA.D4201                 2012  0124201832040090000   015722157240    00       2      0              000000000000000000000000000000000     0     0 0     
        12565671272315314 2151  011053  0941122 506         213         161          374941122 506      0 3 0 56411RCA.D4201                 1658  0124201832040090000   018351183650    00      14      0              000000000000000000000000000000000     0     0 0     
        1256923 350215214 2151  011053  0941122 506          55          31           86941122 506      0 3 0 56411RCA.D4201                 2012  0124201832040090000   018380183840    00       4      0              000000000000000000000000000000000     0     0 0     
        12675271272315714 2151  011053  0941122 522       34370         355        34725941122 525      3 3 0 56411RCA.D4201                 1658  0124201832040090000   019327194990    00     172      0              000000000000000000000000000000000     0     0 0     
        1284463 350214714 2151  011053  0941122 550          49          24           73941122 550      0 2 0 56411RCA.D4201                 2012  0144201408040165400   020981209840    00       3      0              000000000000000000000000000000000     0     0 0     
        1285477 350215014 2151  011053  0941122 551          49          24           73941122 552      0 2 0 56411RCA.D4201                 2012  0144201408040165400   021088210910    00       3      0              000000000000000000000000000000000     0     0 0     
        12865521272315014 2151  011053  0941122 553          49          24           73941122 553      0 2 0 56411RCA.D4201                 1658  0144201408040165400   021194211980    00       4      0              000000000000000000000000000000000     0     0 0     
        12875501272314414 2151  011053  0941122 555          49          24           73941122 555      0 2 0 56411RCA.D4201                 1658  0144201408040165400   021301213050    00       4      0              000000000000000000000000000000000     0     0 0     
        1288172 211215214 2151  011053  0941122 556        2207         177         2384941122 557      0 3 0 50734WUI.D4201                 6103  0144201408040334000   021368213970    00      29      0              000000000000000000000000000000000     0     0 0     
        1288576 350215014 2151  011053  0941122 557          49          24           73941122 557      0 2 0 56411RCA.D4201                 2012  0144201408040165400   021408214110    00       3      0              000000000000000000000000000000000     0     0 0     
        1053875 215016712 2135  0 4094  0941122 125        2527         278         2805941122 126      1 3 0 50231WUI.D3020                  437  0123020856010600001   0 5075 51390    00      64      0              000000000000000000000000000000000     0     0 0     
        1057220 215014514 2135  0 4094  0941122 128         647          85          732941122 131      3 3 0 50231WUI.D3020                  602  0123020833001080000   0 5274 54580    00     184      0              000000000000000000000000000000000     0     0 0     
        1058622 215014612 2135  0 4094  0941122 129         302        7515         7817941122 133      4 3 0 50231WUI.D3020                  602  0123020204001770001   0 5359 55800    00     221      0              000000000000000000000000000000000     0     0 0     
        1061943 215015614 2135  0 4094  0941122 132         678          43          721941122 133      0 3 0 50231WUI.D3020                  602  0143020781010056300   0 5539 55600    00      21      0              000000000000000000000000000000000     0     0 0     
        1069334 215014114 2135  0 4094  0941122 140         245          43          288941122 140      0 3 0 50231WUI.D3020                  602  0143020781010056600   0 5970 59910    00      21      0              000000000000000000000000000000000     0     0 0     
        1072227 215014512 2135  0 4094  0941122 142         449        1078         1527941122 143      1 3 0 50231WUI.D3020                  602  0123020833001080001   0 6145 61940    00      49      0              000000000000000000000000000000000     0     0 0     
        1082662 266414714 2135  0 4094  0941122 153        2273         193         2466941122 153      0 3 0 50231WUI.D3020                  593  0123020891003850000   0 6785 68040    00      19      0              000000000000000000000000000000000     0     0 0     
        1086219 266414614 2135  0 4094  0941122 157       29176         453        29629941122 158      1 3 0 50231WUI.D3020                  593  0123020891003850000   0 7014 70720    00      58      0              000000000000000000000000000000000     0     0 0     
        1090513 215016212 2135  0 4094  0941122 201         314        1548         1862941122 202      1 3 0 50231WUI.D3020                  437  0123020575019010001   0 7262 73310    00      69      0              000000000000000000000000000000000     0     0 0     
        1114911 215016214 2135  0 4094  0941122 225        1139          68         1207941122 226      1 2 0 50231WUI.D3020                  602  0123020437007600000   0 8685 87720    00      87      0              000000000000000000000000000000000     0     0 0     
        1125805 215015712 2135  0 4094  0941122 235        1599         586         2185941122 238      2 3 0 50231WUI.D3020                  437  0123020575019010001   0 9328 94610    00     133      0              000000000000000000000000000000000     0     0 0     
        1137235 215015712 2135  0 4094  0941122 247        1560        5286         6846941122 250      4 3 0 50231WUI.D3020                  602  0123020833001080001   010015102270    00     212      0              000000000000000000000000000000000     0     0 0     
        1137683 266414514 2135  0 4094  0941122 247       24676         413        25089941122 249      1 3 0 50231WUI.D3020                  593  0123020891003850000   010042101310    00      89      0              000000000000000000000000000000000     0     0 0     
        1145704 266414714 2135  0 4094  0941122 256        1864         193         2057941122 256      0 3 0 50231WUI.D3020                  593  0123020891003850000   010542105570    00      15      0              000000000000000000000000000000000     0     0 0     
        1148049 266414114 2135  0 4094  0941122 258        1285         193         1478941122 258      0 3 0 50231WUI.D3020                  593  0123020891003850000   010675106890    00      14      0              000000000000000000000000000000000     0     0 0     
        1148608 215014614 2135  0 4094  0941122 258        1144          68         1212941122 259      1 2 0 50231WUI.D3020                  602  0123020437007600000   010708107420    00      34      0              000000000000000000000000000000000     0     0 0     
        11 266414214 2135  0 4094  0941122 259        1855         193         2048941122 260      0 3 0 50231WUI.D3020                  593  0123020891003850000   010766107820    00      16      0              000000000000000000000000000000000     0     0 0     
        1152719 266414714 2135  0 4094  0941122 302        3731         213         3944941122 303      0 3 0 50231WUI.D3020                  593  0123020891003850000   010935109540    00      19      0              000000000000000000000000000000000     0     0 0     
        1156525 215014712 2135  0 4094  0941122 306          95         536          631941122 306      0 2 0 50231WUI.D3020                  602  0123020238005930001   011149111710    00      22      0              000000000000000000000000000000000     0     0 0     
        1160118 215014512 2135  0 4094  0941122 310        1216        1568         2784941122 312      3 2 0 50231WUI.D3020                  602  0123020238005930001   011373115340    00     161      0              000000000000000000000000000000000     0     0 0     
        1170509 215014412 2135  0 4094  0941122 320         568       17338        17906941122 325      5 2 0 50231WUI.D3020                  437  0143020958003477701   011984122750    00     291      0              000000000000000000000000000000000     0     0 0     
        1175246 215014714 2135  0 4094  0941122 325        1481         392         1873941122 325      1 3 0 50231WUI.D3020                  602  0143020563000260400   012284123210    00      37      0              000000000000000000000000000000000     0     0 0     
        1179661 266414414 2135  0 4094  0941122 330        2725         213         2938941122 330      0 3 0 50231WUI.D3020                  593  0123020891003850000   012578125970    00      19      0              000000000000000000000000000000000     0     0 0     
        1180533 266414214 2135  0 4094  0941122 330        2982         213         3195941122 331      0 3 0 50231WUI.D3020                  593  0123020891003850000   012628126430    00      15      0              000000000000000000000000000000000     0     0 0     
        1185913 215014612 2135  0 4094  0941122 336        1008         367         1375941122 337      1 2 0 50231WUI.D3020                  437  0143020958003477701   012945129950    00      50      0              000000000000000000000000000000000     0     0 0     
        1185976 266415014 2135  0 4094  0941122 336        2030         193         2223941122 336      0 3 0 50231WUI.D3020                  593  0123020891003850000   012949129630    00      14      0              000000000000000000000000000000000     0     0 0     
        1196686 215015412 2135  0 4094  0941122 348         505        6417         6922941122 350      2 3 0 50231WUI.D3020                  602  0123020833001080001   013686137940    00     108      0              000000000000000000000000000000000     0     0 0     
        1211871 266414214 2135  0 4094  0941122 406       49357         633        49990941122 407      1 3 0 50231WUI.D3020                  593  0123020891003850000   014759148470    00      88      0              000000000000000000000000000000000     0     0 0     
        1220995 215014612 2135  0 4094  0941122 417        2206       75538        77744941122 447     30 3 0 50231WUI.D3020                  437  0123020876001220001   015413171910    00    1778      0              000000000000000000000000000000000     0     0 0     
        1239638 215015314 2135  0 4094  0941122 441         754          85          839941122 446      5 3 0 50231WUI.D3020                  602  0123020833001080000   016878171870    00     309      0              000000000000000000000000000000000     0     0 0     
        1255393 215014414 2135  0 4094  0941122 504         545          85          630941122 505      0 3 0 50231WUI.D3020                  602  0123020833001080000   018250182710    00      21      0              000000000000000000000000000000000     0     0 0     
        1255801 266414114 2135  0 4094  0941122 505       15350         313        15663941122 505      0 3 0 50231WUI.D3020                  593  0123020891003850000   018281183100    00      29      0              000000000000000000000000000000000     0     0 0     
        1269884 215014112 2135  0 4094  0941122 526        1682        9380        11062941122 533      7 3 0 50231WUI.D3020                  602  0123020833001080001   019545199720    00     427      0              000000000000000000000000000000000     0     0 0     
        1273043 215014614 2135  0 4094  0941122 531         830         192         1022941122 531      1 3 0 50231WUI.D3020                  602  0123020891003850000   019836198740    00      38      0              000000000000000000000000000000000     0     0 0     
        1273764 215015614 2135  0 4094  0941122 532        2150         405         2555941122 532      1 3 0 50231WUI.D3020                  602  0143020563000260400   019903199370    00      34      0              000000000000000000000000000000000     0     0 0     
        1276355 215014512 2135  0 4094  0941122 536         156         586          742941122 537      1 2 0 50231WUI.D3020                  602  0123020238005930001   020152202200    00      68      0              000000000000000000000000000000000     0     0 0     
        1288074 271314414 2135  0 4094  0941122 556          98          48          146941122 556      0 2 0 50231WUI.D3020                10552  0123020901000840000   021356213590    00       3      0              000000000000000000000000000000000     0     0 0     
        1060942 350215314 2111  0 4594  0941122 131         412         704         1116941122 138      7 3 0 52367RCA.D2680                 2012  0142680981903002000   0 5486 58910    00     405      0              000000000000000000000000000000000     0     0 0     
        11513451272314414 2111  0 4594  0941122 301         614        1288         1902941122 310      9 3 0 52367RCA.D2680                 1658  0142680981903002000   010861114220    00     561      0              000000000000000000000000000000000     0     0 0     
        1267154 215014514 2111  0 4594  0941122 522        1302          67         1369941122 523      1 2 0 47523WUI.D2680                  602  0122680676103960000   019291193660    00      75      0              000000000000000000000000000000000     0     0 0     
        21081801272314614 2111  0 4594  09411221155        2593       17965        205589411221201      6 2 0 52367RCA.D2680                 1658  0142680743103240100   042903432410    00     338      0              000000000000000000000000000000000     0     0 0     
        2124732 211214614 2151  011053  09411221216        7447       10107        175549411221230     13 3 0 50734WUI.D4201                 6103  0124201804040310000   044185449730    00     788      0              000000000000000000000000000000000     0     0 0     
        21537761272314614 2151  011053  09411221248         806         175          9819411221249      0 3 0 56411RCA.D4201                 1658  0124201832040090000   046107461270    00      20      0              000000000000000000000000000000000     0     0 0     
        21796921272314114 2151  011053  09411221310        3793         190         39839411221311      1 3 0 56411RCA.D4201                 1658  0124201832040090000   047414474460    00      32      0              000000000000000000000000000000000     0     0 0     
        21947311272315114 2151  011053  09411221322         942         175         11179411221322      0 3 0 56411RCA.D4201                 1658  0124201832040090000   048116481340    00      18      0              000000000000000000000000000000000     0     0 0     
        21950141272315212 2151  011053  09411221322        1793         571         23649411221328      6 2 0 56411RCA.D4201                 1658  0144201408040160401   048130484850    00     355      0              000000000000000000000000000000000     0     0 0     
        2216519 215014512 2151  011053  09411221338      121434       18837       1402719411221358     20 3 0 50734WUI.D4201                  500  0144201402040100001   049081502790    00    1198      0              000000000000000000000000000000000     0     0 0     
        22193991272314414 2151  011053  09411221340        2556         175         27319411221342      1 3 0 56411RCA.D4201                 1658  0124201604040260000   049207492920    00      85      0              000000000000000000000000000000000     0     0 0     
        22517311272315214 2151  011053  09411221402         904         175         10799411221403      0 3 0 56411RCA.D4201                 1658  0124201832040090000   050536505570    00      21      0              000000000000000000000000000000000     0     0 0     
        22646101272315214 2151  011053  09411221411        3399         175         35749411221411      0 3 0 56411RCA.D4201                 1658  0124201832040090000   051040510680    00      28      0              000000000000000000000000000000000     0     0 0     
        2275349 211215314 2151  011053  09411221418       10792       35665        464579411221423      6 3 0 50734WUI.D4201                 6103  0124201804040310000   051461518090    00     348      0              000000000000000000000000000000000     0     0 0     
        2117401 266414614 2135  0 4094  09411221207       10016         273        102899411221208      1 3 0 50231WUI.D3020                  593  0123020891003850000   043617436510    00      34      0              000000000000000000000000000000000     0     0 0     
        2117686 211116012 2135  0 4094  09411221207          51          26           779411221207      0 2 0 50231WUI.D3020                 9008  0123020563000260001   043638436420    00       4      0              000000000000000000000000000000000     0     0 0     
        2119757 211116214 2135  0 4094  09411221210          65          43          1089411221210      0 3 0 50231WUI.D3020                 9008  0123020957013410000   043804438080    00       4      0              000000000000000000000000000000000     0     0 0     
        2134287 211215014 2135  0 4094  09411221228         604         492         10969411221232      4 3 0 50231WUI.D3020                10554  0123020901000840000   044873450930    00     220      0              000000000000000000000000000000000     0     0 0     
        2143422 211116412 2135  0 4094  09411221238          51          26           779411221238      0 2 0 50231WUI.D3020                 9008  0123020563000260001   045463454660    00       3      0              000000000000000000000000000000000     0     0 0     
        2168089 271314714 2135  0 4094  09411221301        3705       31505        352109411221317     16 3 0 50231WUI.D3020                10552  0123020901000840000   046883478480    00     965      0              000000000000000000000000000000000     0     0 0     
        2204792 266414114 2135  0 4094  09411221330        1404         193         15979411221330      0 3 0 50231WUI.D3020                  593  0123020891003850000   048576485990    00      23      0              000000000000000000000000000000000     0     0 0     
        2219854 213514212 2135  0 4094  09411221340         112          42          1549411221341      0 3 0 50231WUI.D3020                 2925  0123020574000100001   049227492400    00      13      0              000000000000000000000000000000000     0     0 0     
        2220486 213514312 2135  0 4094  09411221341          49          26           759411221341      0 2 0 50231WUI.D3020                 2925  012302076     20001   049255492590    00       4      0              000000000000000000000000000000000     0     0 0     
        2221984 266416714 2135  0 4094  09411221342        4395         213         46089411221343      1 3 0 50231WUI.D3020                  593  0123020891003850000   049318493510    00      33      0              000000000000000000000000000000000     0     0 0     
        2225232 213514512 2135  0 4094  09411221344         112          39          1519411221344      0 3 0 50266WUI.D3025                 2925  012302510 106010001   049451494660    00      15      0              000000000000000000000000000000000     0     0 0     
        2225837 213514512 2135  0 4094  09411221345          49          14           639411221345      0 2 0 50266WUI.D3025                 2925  012302510 106030001   049476494780    00       2      0              000000000000000000000000000000000     0     0 0     
        2226360 213514312 2135  0 4094  09411221345          49          14           639411221345      0 2 0 50266WUI.D3025                 2925  012302510 106030001   049496494970    00       1      0              000000000000000000000000000000000     0     0 0     
        2235581 215015012 2135  0 4094  09411221351          63          95          1589411221351      0 3 0 50231WUI.D3020                  437  0123020575019010001   049877498870    00      10      0              000000000000000000000000000000000     0     0 0     
        2245081 266414514 2135  0 4094  09411221358        2745         213         29589411221358      0 3 0 50231WUI.D3020                  593  0123020891003850000   050271502940    00      23      0              000000000000000000000000000000000     0     0 0     
        2262136 215016514 2135  0 4094  09411221409        1965         192         21579411221409      0 3 0 50231WUI.D3020                  602  0123020891003850000   050942509680    00      26      0              000000000000000000000000000000000     0     0 0     
        2263478 271314214 2135  0 4094  09411221410        1057         492         15499411221414      4 3 0 50231WUI.D3020                10552  0123020901000840000   050994512140    00     220      0              000000000000000000000000000000000     0     0 0     
        2265723 266415714 2135  0 4094  09411221411        5308         233         55419411221412      0 3 0 50231WUI.D3020                  593  0123020891003850000   051084511060    00      22      0              000000000000000000000000000000000     0     0 0     
        2276842 266415314 2135  0 4094  09411221419        3199         213         34129411221419      1 3 0 50231WUI.D3020                  593  0123020891003850000   051518515550    00      37      0              000000000000000000000000000000000     0     0 0     
        2288239 266416114 2135  0 4094  09411221426        1736         193         19299411221426      0 3 0 50231WUI.D3020                  593  0123020891003850000   051964519880    00      24      0              000000000000000000000000000000000     0     0 0     
        2296088 266414514 2135  0 4094  09411221431        1342         193         15359411221432      0 3 0 50231WUI.D3020                  593  0123020891003850000   052273522930    00      20      0              000000000000000000000000000000000     0     0 0     
        2306173 266414414 2135  0 4094  09411221438        3610         213         38239411221438      0 3 0 50231WUI.D3020                  593  0123020891003850000   052659526800    00      21      0              000000000000000000000000000000000     0     0 0     
        2310109 266416514 2135  0 4094  09411221440        2243         193         24369411221441      0 3 0 50231WUI.D3020                  593  0123020891003850000   052811528390    00      28      0              000000000000000000000000000000000     0     0 0     
        2310885 266415714 2135  0 4094  09411221441         923         193         11169411221441      0 3 0 50231WUI.D3020                  593  0123020891003850000   052841528680    00      27      0              000000000000000000000000000000000     0     0 0     
        2315825 266414414 2135  0 4094  09411221444        3565         213         37789411221444      1 3 0 50231WUI.D3020                  593  0123020891003850000   053030530620    00      32      0              000000000000000000000000000000000     0     0 0     
        2322991 266415514 2135  0 4094  09411221448       15652         333        159859411221450      1 3 0 50231WUI.D3020                  593  0123020891003850000   053297533810    00      84      0              000000000000000000000000000000000     0     0 0     
        2326030 266416614 2135  0 4094  09411221450        4505         213         47189411221451      1 3 0 50231WUI.D3020                  593  0123020891003850000   053412534510    00      39      0              000000000000000000000000000000000     0     0 0     
        2327206 266416614 2135  0 4094  09411221451        4781         233         50149411221452      1 3 0 50231WUI.D3020                  593  0123020891003850000   053453535130    00      60      0              000000000000000000000000000000000     0     0 0     
        2332456 266414114 2135  0 4094  09411221454         910         193         11039411221455      1 3 0 50231WUI.D3020                  593  0123020891003850000   053659537040    00      45      0              000000000000000000000000000000000     0     0 0     
        2339616 215014512 2135  0 4094  09411221459         632         871         15039411221500      2 2 0 50231WUI.D3020                  437  0143020958003477701   053922540140    00      92      0              000000000000000000000000000000000     0     0 0     
        2353045 215015612 2135  0 4094  09411221506         781         431         12129411221508      1 2 0 50231WUI.D3020                  437  0143020958003477701   054387544590    00      72      0              000000000000000000000000000000000     0     0 0     
        2367684 266415514 2135  0 4094  09411221515       11786         293        120799411221516      1 3 0 50231WUI.D3020                  593  0123020891003850000   054896549670    00      71      0              000000000000000000000000000000000     0     0 0     
        2367860 350015314 2135  0 4094  09411221515         101          50          1519411221515      0 2 0 50231WUI.D3020                 3146  0123020901000840000   054902549070    00       5      0              000000000000000000000000000000000     0     0 0     
        22488051272315314 2111  0 4594  09411221400        1155          63         12189411221401      0 2 0 52367RCA.D2680                 1658  0122680676103960000   050425504460    00      21      0              000000000000000000000000000000000     0     0 0     
        22613741272315014 2111  0 4594  09411221409         409         555          9649411221412      3 2 0 52367RCA.D2680                 1658  0122680062105690000   050913511030    00     190      0              000000000000000000000000000000000     0     0 0     
        22662901272314214 2111  0 4594  09411221412        1364          63         14279411221412      0 2 0 52367RCA.D2680                 1658  012268004 104040000   051106511270    00      21      0              000000000000000000000000000000000     0     0 0     
        22894221272314414 2111  0 4594  09411221427        1376          63         14399411221427      0 2 0 52367RCA.D2680                 1658  012268004 104040000   052012520350    00      23      0              000000000000000000000000000000000     0     0 0     
        2465803 350115112 3502  0 3340  09411221612       35829        6028        418579411221622     10 2 0 51447WUI.D5021                 2401  0125021134005120001   058313589420    00     629      0              000000000000000000000000000000000     0     0 0     
        25748781272314214 2151  011053  09411221718        4846         190         50369411221720      3 3 0 56411RCA.D4201                 1658  0124201604040260000   062255624140    00     159      0              000000000000000000000000000000000     0     0 0     
        2382150 653114414 2135  0 4094  09411221524          37          23           609411221524      0 2 0 50231WUI.D3020                15563  0123020202006020000   055418554210    00       3      0              000000000000000000000000000000000     0     0 0     
        2382345 215020014 2135  0 4094  09411221524          41          23           649411221524      011 0 50231WUI.D3020                14324  0123020858014600000   055425554290    00       4      0              000000000000000000000000000000000     0     0 0     
        2382588 215015314 2135  0 4094  09411221524        1464         197         16619411221524      0 3 0 50231WUI.D3020                14324  0123020994001350000   055434554600    00      26      0              000000000000000000000000000000000     0     0 0     
        2383122 266416514 2135  0 4094  09411221524        3233         213         34469411221525      1 3 0 50231WUI.D3020                  593  0123020891003850000   055455555010    00      46      0              000000000000000000000000000000000     0     0 0     
        2383442 653116214 2135  0 4094  09411221524        1903         199         21029411221525      0 3 0 50231WUI.D3020                15563  0123020202006020000   055467554850    00      18      0              000000000000000000000000000000000     0     0 0     
        2389629 266415514 2135  0 4094  09411221528        2336         193         25299411221529      0 3 0 50231WUI.D3020                  593  0123020891003850000   055692557200    00      28      0              000000000000000000000000000000000     0     0 0     
        2391815 266415514 2135  0 4094  09411221530        5011         233         52449411221530      1 3 0 50231WUI.D3020                  593  0123020891003850000   055770558280    00      58      0              000000000000000000000000000000000     0     0 0     
        2393016 350015114 2135  0 4094  09411221530         101          50          1519411221530      0 2 0 50231WUI.D3020                 3146  0123020901000840000   055814558200    00       6      0              000000000000000000000000000000000     0     0 0     
        2394524 211114214 2135  0 4094  09411221531          65          43          1089411221531      0 3 0 50231WUI.D3020                 9008  0123020957013410000   055867558720    00       5      0              000000000000000000000000000000000     0     0 0     
        2395980 215016112 2135  0 4094  09411221532         162        1196         13589411221534      2 3 0 50231WUI.D3020                  437  0143020958003477701   055920560600    00     140      0              000000000000000000000000000000000     0     0 0     
        2408727 266414514 2135  0 4094  09411221540         663         193          8569411221540      0 3 0 50231WUI.D3020                  593  0123020891003850000   056372563970    00      25      0              000000000000000000000000000000000     0     0 0     
        2409956 266414514 2135  0 4094  09411221540       20027         413        204409411221542      2 3 0 50231WUI.D3020                  593  0123020891003850000   056414565320    00     118      0              000000000000000000000000000000000     0     0 0     
        2419180 350015614 2135  0 4094  09411221545         101          50          1519411221546      0 2 0 50231WUI.D3020                 3146  0123020901000840000   056728567350    00       7      0              000000000000000000000000000000000     0     0 0     
        2422571 215015412 2135  0 4094  09411221547         793        9424        102179411221552      5 3 0 50231WUI.D3020                  437  0143020958003477701   056844571380    00     294      0              000000000000000000000000000000000     0     0 0     
        2422719 266415414 2135  0 4094  09411221547        7858         253         81119411221548      1 3 0 50231WUI.D3020                  593  0123020891003850000   056849568840    00      35      0              000000000000000000000000000000000     0     0 0     
        2424885 266415214 2135  0 4094  09411221549        8219         253         84729411221549      1 3 0 50231WUI.D3020                  593  0123020891003850000   056923569600    00      37      0              000000000000000000000000000000000     0     0 0     
        2429773 266416114 2135  0 4094  09411221551         976         193         11699411221552      0 3 0 50231WUI.D3020                  593  0123020891003850000   057085571130    00      28      0              000000000000000000000000000000000     0     0 0     
        2432517 266415114 2135  0 4094  09411221553        3372         213         35859411221553      0 3 0 50231WUI.D3020                  593  0123020891003850000   057177572030    00      26      0              000000000000000000000000000000000     0     0 0     
        24327761561115320 2135  0 4094  09411221553        1480       51602        530829411221630     37 3 0270722EDC1                     19069 30123020836000990001   057186594290    00    2243      0              000000000000000000000000000000000     0     0 0     
        2442224 266415114 2135  0 4094  09411221558        4850         253         51039411221559      1 3 0 50231WUI.D3020                  593  0123020891003850000   057509575410    00      32      0              000000000000000000000000000000000     0     0 0     
        2452065 266414514 2135  0 4094  09411221604        1272         193         14659411221605      1 3 0 50231WUI.D3020                  593  0123020891003850000   057842578940    00      52      0              000000000000000000000000000000000     0     0 0     
        2471061 266416014 2135  0 4094  09411221615        6123         253         63769411221616      1 3 0 50231WUI.D3020                  593  0123020891003850000   058493585480    00      55      0              000000000000000000000000000000000     0     0 0     
        2478812 266415414 2135  0 4094  09411221619        5967         237         62049411221620      1 2 0 50231WUI.D3020                  593  0123020891003850000   058756588280    00      72      0              000000000000000000000000000000000     0     0 0     
        2484759 266414514 2135  0 4094  09411221623        3010         213         32239411221623      1 3 0 50231WUI.D3020                  593  0123020891003850000   058967589970    00      30      0              000000000000000000000000000000000     0     0 0     
        2487705 266414214 2135  0 4094  09411221625        3000         213         32139411221626      1 3 0 50231WUI.D3020                  593  0123020891003850000   059076591300    00      54      0              000000000000000000000000000000000     0     0 0     
        2489444 266414214 2135  0 4094  09411221626        3314         213         35279411221626      1 3 0 50231WUI.D3020                  593  0123020891003850000   059135591780    00      43      0              000000000000000000000000000000000     0     0 0     
        2494278 266417214 2135  0 4094  09411221628       63968         813        647819411221634      6 3 0 50231WUI.D3020                  593  0123020891003850000   059300596440    00     344      0              000000000000000000000000000000000     0     0 0     
        2507470 266415114 2135  0 4094  09411221636        1757         163         19209411221637      1 3 0 50231WUI.D3020                  593  0123020891003850000   059748597910    00      43      0              000000000000000000000000000000000     0     0 0     
        2509355 266414714 2135  0 4094  09411221637        5783         253         60369411221638      1 3 0 50231WUI.D3020                  593  0123020891003850000   059813598770    00      64      0              000000000000000000000000000000000     0     0 0     
        2522841 653114414 2135  0 4094  09411221645          37          23           609411221645      0 2 0 50231WUI.D3020                15563  0123020202006020000   060299603040    00       5      0              000000000000000000000000000000000     0     0 0     
        2523085 215016614 2135  0 4094  09411221645          41          23           649411221645      011 0 50231WUI.D3020                14324  0123020858014600000   060307603100    00       3      0              000000000000000000000000000000000     0     0 0     
        2523359 215016414 2135  0 4094  09411221645        7273         197         74709411221646      1 3 0 50231WUI.D3020                14324  0123020994001350000   060316603520    00      36      0              000000000000000000000000000000000     0     0 0     
        2524975 266414114 2135  0 4094  09411221646       43904         653        445579411221649      3 3 0 50231WUI.D3020                  593  0123020891003850000   060375605480    00     173      0              000000000000000000000000000000000     0     0 0     
        2532205 266416014 2135  0 4094  09411221651        2423         193         26169411221651      0 3 0 50231WUI.D3020                  593  0123020891003850000   060638606610    00      23      0              000000000000000000000000000000000     0     0 0     
        2538340 266414614 2135  0 4094  09411221654      130780        1373       1321539411221660      5 3 0 50231WUI.D3020                  593  0123020891003850000   060869611880    00     319      0              000000000000000000000000000000000     0     0 0     
        2558664 741614114 2135  0 4094  09411221707          49          26           759411221707      0 2 0 25455T.CANESPDE06              6329  0123020511003560000   061623616260    00       3      0              000000000000000000000000000000000     0     0 0     
        2558757 741614114 2135  0 4094  09411221707        1660        1045         27059411221708      0 2 0 25455T.CANESPDE06              6329  0123020511003560000   061627616530    00      26      0              000000000000000000000000000000000     0     0 0     
        2576442 266414614 2135  0 4094  09411221719        2055         193         22489411221719      1 3 0 50231WUI.D3020                  593  0123020891003850000   062318623500    00      32      0              000000000000000000000000000000000     0     0 0     
        2578591 653115414 2135  0 4094  09411221720          72          73          1459411221724      4 3 0 50231WUI.D3020                15563  0123020202006020000   062401626400    00     239      0              000000000000000000000000000000000     0     0 0     
        2583590 266415014 2135  0 4094  09411221723        1315         193         15089411221724      0 3 0 50231WUI.D3020                  593  0123020891003850000   062604626290    00      25      0              000000000000000000000000000000000     0     0 0     
        2585663 653116014 2135  0 4094  09411221725          37          23           609411221725      0 2 0 50231WUI.D3020                15563  0123020202006020000   062690626940    00       4      0              000000000000000000000000000000000     0     0 0     
        2585811 215017214 2135  0 4094  09411221725          41          23           649411221725      011 0 50231WUI.D3020                14324  0123020858014600000   062696627010    00       5      0              000000000000000000000000000000000     0     0 0     
        2586193 215016514 2135  0 4094  09411221725        1093         197         12909411221726      1 3 0 50231WUI.D3020                14324  0123020994001350000   062709627510    00      42      0              000000000000000000000000000000000     0     0 0     
        2586552 266415114 2135  0 4094  09411221725       11175         273        114489411221726      1 3 0 50231WUI.D3020                  593  0123020891003850000   062724627790    00      55      0              000000000000000000000000000000000     0     0 0     
        2596619 266415214 2135  0 4094  09411221732        9647         273         99209411221733      1 3 0 50231WUI.D3020                  593  0123020891003850000   063135631850    00      50      0              000000000000000000000000000000000     0     0 0     
        2596762 215016214 2135  0 4094  09411221732         251          43          2949411221733      0 3 0 50231WUI.D3020                  602  0143020781010056300   063141631650    00      24      0              000000000000000000000000000000000     0     0 0     
        2611117 266414714 2135  0 4094  09411221742       14667         313        149809411221745      2 3 0 50231WUI.D3020                  593  0123020891003850000   063740638730    00     133      0              000000000000000000000000000000000     0     0 0     
        2419191 20211601212513  0 2361  09411221545          31       17404        174359411221546      0 3 0256764GATEWAY                    267  0       0       000   056728567432    00      15      0              000000000000000000000000000000000     0     0 0     
        2439118 350215014 2111  0 4594  09411221557        1283          63         13469411221557      0 2 0511246MCI.D2680                 2012  0122680676103960000   057400574210    00      21      0              000000000000000000000000000000000     0     0 0     
        2447877 350215014 2111  0 4594  09411221602         926          63          9899411221602      0 2 0511246MCI.D2680                 2012  0122680676103960000   057698577180    00      20      0              000000000000000000000000000000000     0     0 0     
        24602641275415314 2111  0 4594  09411221609        2045         860         29059411221609      1 2 0511246MCI.D2680                 2662  0122680063103980000   058119581660    00      47      0              000000000000000000000000000000000     0     0 0     
        2499930 350214114 2111  0 4594  09411221632        2477          63         25409411221632      0 2 0511246MCI.D2680                 2012  012268004 104040000   059494595200    00      26      0              000000000000000000000000000000000     0     0 0     
        25048981272314612 2111  0 4594  09411221634          51          29           809411221634      0 2 0 52367RCA.D2680                 1658  0142680743103240101   059659596630    00       4      0              000000000000000000000000000000000     0     0 0     
        2514547 350216114 2111  0 4594  09411221640       22801       64755        875569411221701     21 2 0511246MCI.D2680                 2012  0142680743103240100   060000612750    00    1275      0              000000000000000000000000000000000     0     0 0     
        2559557 350216214 2111  0 4594  09411221708        6324       45759        520839411221724     17 2 0511246MCI.D2680                 2012  0142680743103240100   061659626500    00     991      0              000000000000000000000000000000000     0     0 0     
        2595537 350215614 2111  0 4594  09411221732        1816          63         18799411221732      0 2 0511246MCI.D2680                 2012  012268004 104040000   063092631120    00      20      0              000000000000000000000000000000000     0     0 0     
        26026101272314514 2111  0 4594  09411221736         256        2846         31029411221743      7 3 0 52367RCA.D2680                 1658  0142680981903002000   063382638020    00     420      0              000000000000000000000000000000000     0     0 0     
        2719221 271314714 3502  0 3359  09411221858       17403         684        180879411221860      2 3 0 51010WUI.D4243                10552  014424312 100003500   068266683960    00     130      0              000000000000000000000000000000000     0     0 0     
        2835425 215015514 3502  0 3359  09411222016        1303         173         14769411222017      1 2 0 51010WUI.D4243                14324  014424314 102002000   072949730000    00      51      0              000000000000000000000000000000000     0     0 0     
        2660295 350215212 2151  011053  09411221816         653         631         12849411221820      4 2 0512540MCI.D4201                 2012  0144201408040160401   065781660130    00     232      0              000000000000000000000000000000000     0     0 0     
        2671171 350216212 2151  011053  09411221824       10078         660        107389411221836     12 2 0512540MCI.D4201                 2012  0144201408040160401   066241669840    00     743      0              000000000000000000000000000000000     0     0 0     
        27001811272314512 2151  011053  09411221844         432         230          6629411221848      4 2 0 56411RCA.D4201                 1658  0144201408040160401   067465677000    00     235      0              000000000000000000000000000000000     0     0 0     
        2724755 350214612 2151  011053  09411221902        1752         446         21989411221909      8 2 0512540MCI.D4201                 2012  0144201408040160401   068492689650    00     473      0              000000000000000000000000000000000     0     0 0     
        2624116 266416014 2135  0 4094  09411221751        7463         253         77169411221753      1 3 0 50231WUI.D3020                  593  0123020891003850000   064288643620    00      74      0              000000000000000000000000000000000     0     0 0     
        2626432 266416514 2135  0 4094  09411221753       69160         813        699739411221756      3 3 0 50231WUI.D3020                  593  0123020891003850000   064387645530    00     166      0              000000000000000000000000000000000     0     0 0     
        2633512 211214514 2135  0 4094  09411221758        1133         388         15219411221760      1 3 0 50231WUI.D3020                10554  0123020958003170000   064691647720    00      81      0              000000000000000000000000000000000     0     0 0     
        2643023 215014714 2135  0 4094  09411221804         397          43          4409411221805      0 3 0 50231WUI.D3020                  602  0143020781010056300   065068650880    00      20      0              000000000000000000000000000000000     0     0 0     
        2650852 266415414 2135  0 4094  09411221810        2980         213         31939411221810      1 3 0 50231WUI.D3020                  593  0123020891003850000   065384654190    00      35      0              000000000000000000000000000000000     0     0 0     
        2653570 266416014 2135  0 4094  09411221812       19939         353        202929411221814      2 3 0 50231WUI.D3020                  593  0123020891003850000   065498656130    00     115      0              000000000000000000000000000000000     0     0 0     
        2654278 271314114 2135  0 4094  09411221812         826         492         13189411221816      4 3 0 50231WUI.D3020                10552  0123020901000840000   065527657410    00     214      0              000000000000000000000000000000000     0     0 0     
        2664279 215016114 2135  0 4094  09411221819         397          43          4409411221820      0 3 0 50231WUI.D3020                  602  0143020781010056300   065949659700    00      21      0              000000000000000000000000000000000     0     0 0     
        2689623 266416114 2135  0 4094  09411221837        1303         193         14969411221838      1 3 0 50231WUI.D3020                  593  0123020891003850000   067028670600    00      32      0              000000000000000000000000000000000     0     0 0     
        2692210 266415014 2135  0 4094  09411221839        8803         253         90569411221840      1 3 0 50231WUI.D3020                  593  0123020891003850000   067136671980    00      62      0              000000000000000000000000000000000     0     0 0     
        2693478 741614214 2135  0 4094  09411221840          49          26           759411221840      0 2 0 25455T.CANESPDE06              6329  0123020511003560000   067189671920    00       3      0              000000000000000000000000000000000     0     0 0     
        2693601 741614214 2135  0 4094  09411221840        2153         946         30999411221840      0 2 0 25455T.CANESPDE06              6329  0123020511003560000   067194672210    00      27      0              000000000000000000000000000000000     0     0 0     
        2699016 266414614 2135  0 4094  09411221844      149259        1573       1508329411221849      6 3 0 50231WUI.D3020                  593  0123020891003850000   067416677670    00     351      0              000000000000000000000000000000000     0     0 0     
        2721439 211215514 2135  0 4094  09411221859         395         343          7389411221904      4 3 0 50231WUI.D3020                10554  0123020958003170000   068360686220    00     262      0              000000000000000000000000000000000     0     0 0     
        2742580 266415414 2135  0 4094  09411221914        6653         253         69069411221915      1 3 0 50231WUI.D3020                  593  0123020891003850000   069219692770    00      58      0              000000000000000000000000000000000     0     0 0     
        2755191 266414414 2135  0 4094  09411221922      191168        1953       1931219411221929      7 3 0 50231WUI.D3020                  593  0123020891003850000   069725701290    00     404      0              000000000000000000000000000000000     0     0 0     
        2763797 215015214 2135  0 4094  09411221928         529          43          5729411221928      0 3 0 50231WUI.D3020                  602  0143020781010056300   070063700850    00      22      0              000000000000000000000000000000000     0     0 0     
        2771272 215017214 2135  0 4094  09411221933         525          43          5689411221933      0 3 0 50231WUI.D3020                  602  0143020781010056300   070358703810    00      23      0              000000000000000000000000000000000     0     0 0     
        2780339 266415014 2135  0 4094  09411221939       10164         273        104379411221939      1 3 0 50231WUI.D3020                  593  0123020891003850000   070720707630    00      43      0              000000000000000000000000000000000     0     0 0     
        2783819 266415414 2135  0 4094  09411221941          37          23           609411221941      0 2 0 50231WUI.D3020                  593  0123020891003850000   070859708650    00       6      0              000000000000000000000000000000000     0     0 0     
        2785917 215016614 2135  0 4094  09411221942         245          43          2889411221943      0 3 0 50231WUI.D3020                  602  0143020781010056600   070946709670    00      21      0              000000000000000000000000000000000     0     0 0     
        2787414 215016614 2135  0 4094  09411221943         245          43          2889411221944      0 3 0 50231WUI.D3020                  602  0143020781010056600   071006710290    00      23      0              000000000000000000000000000000000     0     0 0     
        2790513 215016614 2135  0 4094  09411221945         475          43          5189411221946      0 3 0 50231WUI.D3020                  602  0143020781010056300   071127711480    00      21      0              000000000000000000000000000000000     0     0 0     
        2797265 215014614 2135  0 4094  09411221950         475          43          5189411221950      0 3 0 50231WUI.D3020                  602  0143020781010056300   071403714230    00      20      0              000000000000000000000000000000000     0     0 0     
        2805042 215015214 2135  0 4094  09411221955         245          43          2889411221956      0 3 0 50231WUI.D3020                  602  0143020781010056600   071724717450    00      21      0              000000000000000000000000000000000     0     0 0     
        2807873 266415614 2135  0 4094  09411221957       27521         473        279949411221960      2 3 0 50231WUI.D3020                  593  0123020891003850000   071838719710    00     133      0              000000000000000000000000000000000     0     0 0     
        2816273 215014514 2135  0 4094  09411222003         245          43          2889411222003      0 3 0 50231WUI.D3020                  602  0143020781010056600   072181722020    00      21      0              000000000000000000000000000000000     0     0 0     
        2827402 211114412 2135  0 4094  09411222010          51          26           779411222011      0 2 0 50231WUI.D3020                 9008  0123020563000260001   072629726320    00       3      0              000000000000000000000000000000000     0     0 0     
        2841991 271314314 2135  0 4094  09411222020       30037      237787       2678249411222139     78 3 0 50231WUI.D3020                10552  0123020901000840000   073211779150    00    4704      0              000000000000000000000000000000000     0     0 0     
        2846135 266415714 2135  0 4094  09411222023        1994         193         21879411222023      0 3 0 50231WUI.D3020                  593  0123020891003850000   073379734030    00      24      0              000000000000000000000000000000000     0     0 0     
        28461821312017220 2135  0 4094  09411222023          49        2414         24639411222026      2 2 0270722EDC1                      4210 32123020836000990001   073382735300    00     148      0              000000000000000000000000000000000     0     0 0     
        2848012 266414414 2135  0 4094  09411222024        1269         193         14629411222025      0 3 0 50231WUI.D3020                  593  0123020891003850000   073457734770    00      20      0              000000000000000000000000000000000     0     0 0     
        2857956 215015412 2135  0 4094  09411222031         109         333          4429411222031      0 3 0 50231WUI.D3020                  602  0123020204001770001   073852738750    00      23      0              000000000000000000000000000000000     0     0 0     
        2860012 266416614 2135  0 4094  09411222032        2207         193         24009411222033      1 3 0 50231WUI.D3020                  593  0123020891003850000   073932739680    00      36      0              000000000000000000000000000000000     0     0 0     
        2869919 266415314 2135  0 4094  09411222039        1643         193         18369411222039      0 3 0 50231WUI.D3020                  593  0123020891003850000   074333743620    00      29      0              000000000000000000000000000000000     0     0 0     
        2624187 350215314 2111  0 4594  09411221752        1346          63         14099411221752      0 2 0511246MCI.D2680                 2012  0122680676103960000   064291643110    00      20      0              000000000000000000000000000000000     0     0 0     
        2658136 350215714 2111  0 4594  09411221815        1727          63         17909411221815      0 2 0511246MCI.D2680                 2012  0122680676103960000   065692657130    00      21      0              000000000000000000000000000000000     0     0 0     
        2767148 350216014 2111  0 4594  09411221930         914        7495         84099411221943     13 3 0511246MCI.D2680                 2012  0142680981903002000   070198709690    00     771      0              000000000000000000000000000000000     0     0 0     
        28140761272314414 2111  0 4594  09411222002        4677         866         55439411222005      3 3 0 52367RCA.D2680                 1658  0122680063103980000   072093722800    00     187      0              000000000000000000000000000000000     0     0 0     
        2935332 271314114 3502  0 3359  09411222121         285         147          4329411222123      1 3 0 51010WUI.D4243                10552  014424312 100003500   076881769540    00      73      0              000000000000000000000000000000000     0     0 0     
        2942775 211214514 3502  0 3359  09411222126        1411         173         15849411222126      0 3 0 51010WUI.D4243                 6103  014424314 121904000   077145771720    00      27      0              000000000000000000000000000000000     0     0 0     
        2977961 211214114 3502  0 3359  09411222148        1395         173         15689411222149      0 3 0 51010WUI.D4243                 6103  014424314 121904000   078497785210    00      24      0              000000000000000000000000000000000     0     0 0     
        3024040 211214114 3502  0 3359  09411222222       42747         188        429359411222225      3 3 0 51010WUI.D4243                 6103  014424314 121904000   080508806970    00     189      0              000000000000000000000000000000000     0     0 0     
        3025383 215014114 3502  0 3359  09411222223        2017         193         22109411222224      1 2 0 51010WUI.D4243                14324  014424314 102002000   080570806280    00      58      0              000000000000000000000000000000000     0     0 0     
        3029026 211215214 3502  0 3359  09411222226        1401         173         15749411222226      0 3 0 51010WUI.D4243                 6103  014424314 121904000   080738807660    00      28      0              000000000000000000000000000000000     0     0 0     
        3030070 215015314 3502  0 3359  09411222226        6183         273         64569411222229      2 2 0 51010WUI.D4243                14324  014424314 102002000   080788809150    00     127      0              000000000000000000000000000000000     0     0 0     
        3032715 211214114 3502  0 3359  09411222228        1381         173         15549411222229      0 3 0 51010WUI.D4243                 6103  014424314 121904000   080908809360    00      28      0              000000000000000000000000000000000     0     0 0     
        3041103 211214114 3502  0 3359  09411222235        2589         188         27779411222236      1 3 0 51010WUI.D4243                 6103  014424314 121904000   081295813320    00      37      0              000000000000000000000000000000000     0     0 0     
        3047346 211214114 3502  0 3359  09411222240        2561         188         27499411222240      1 3 0 51010WUI.D4243                 6103  014424314 121904000   081592816290    00      37      0              000000000000000000000000000000000     0     0 0     
        3054020 211214214 3502  0 3359  09411222245        2579         188         27679411222246      1 3 0 51010WUI.D4243                 6103  014424314 121904000   081907819400    00      33      0              000000000000000000000000000000000     0     0 0     
        3073072 211214214 3502  0 3359  09411222301        1371         173         15449411222301      0 3 0 51010WUI.D4243                 6103  014424314 121904000   082855828820    00      27      0              000000000000000000000000000000000     0     0 0     
        3112129 211214214 3502  0 3359  09411222335        3862         173         40359411222336      1 3 0 51010WUI.D4243                 6103  014424314 121904000   084926849580    00      32      0              000000000000000000000000000000000     0     0 0     
        3118405 215015314 3502  0 3359  09411222341         183         132          3159411222345      4 3 0 51010WUI.D4243                14324  014424314 102002000   085274855050    00     231      0              000000000000000000000000000000000     0     0 0     
        3123515 215014314 3502  0 3359  09411222346        1791         193         19849411222348      1 2 0 51010WUI.D4243                14324  014424314 102002000   085565856510    00      86      0              000000000000000000000000000000000     0     0 0     
        3054663 350215012 3502  011777  09411222246        6939         672         76119411222257     12 2 0512540MCI.D4201                 2012  0144201408040160401   081939826320    00     693      0              000000000000000000000000000000000     0     0 0     
        3074776 350214312 3502  011777  09411222302        8319         861         91809411222312     10 2 0512540MCI.D4201                 2012  0144201408040160401   082933835060    00     573      0              000000000000000000000000000000000     0     0 0     
        2902957 211214114 2151  011053  09411222100        1342         177         15199411222101      0 3 0 50734WUI.D4201                 6103  0144201408040334000   075620756410    00      21      0              000000000000000000000000000000000     0     0 0     
        2977109 215014112 2151  011053  09411222148         476         280          7569411222149      1 2 0 50734WUI.D4201                  500  014420140 140470101   078459785440    00      85      0              000000000000000000000000000000000     0     0 0     
        3027335 215016012 2151  011053  09411222224         787        2316         31039411222232      8 3 0 50734WUI.D4201                  500  0144201402040100001   080661811360    00     475      0              000000000000000000000000000000000     0     0 0     
        3028171 211214114 2151  011053  09411222225        4616         207         48239411222226      1 3 0 50734WUI.D4201                 6103  0144201408040334000   080699807370    00      38      0              000000000000000000000000000000000     0     0 0     
        3038188 211214114 2151  011053  09411222233        1378         177         15559411222233      0 3 0 50734WUI.D4201                 6103  0144201408040334000   081155811770    00      22      0              000000000000000000000000000000000     0     0 0     
        3044634 211215314 2151  011053  09411222238        1284         177         14619411222238      0 3 0 50734WUI.D4201                 6103  0144201408040334000   081463814830    00      20      0              000000000000000000000000000000000     0     0 0     
        3059841 211214114 2151  011053  09411222250        1393         177         15709411222250      0 3 0 50734WUI.D4201                 6103  0144201408040334000   082199822200    00      21      0              000000000000000000000000000000000     0     0 0     
        3090512 211215414 2151  011053  09411222316       25275       12460        377359411222332     16 3 0 50734WUI.D4201                 6103  0124201804040310000   083750846970    00     947      0              000000000000000000000000000000000     0     0 0     
        3090756 211215314 2151  011053  09411222316        1335         177         15129411222316      0 3 0 50734WUI.D4201                 6103  0144201408040334000   083764837850    00      21      0              000000000000000000000000000000000     0     0 0     
        3101996 211215514 2151  011053  09411222326        3122         192         33149411222327      1 3 0 50734WUI.D4201                 6103  0144201408040334000   084376844060    00      30      0              000000000000000000000000000000000     0     0 0     
        2876240 271314114 2135  0 4094  09411222043        1386         357         17439411222045      2 3 0 50231WUI.D3020                10552  0123020901000840000   074588746790    00      91      0              000000000000000000000000000000000     0     0 0     
        2878381 266415614 2135  0 4094  09411222045        2040         193         22339411222045      1 3 0 50231WUI.D3020                  593  0123020891003850000   074676747090    00      33      0              000000000000000000000000000000000     0     0 0     
        2881085 266415514 2135  0 4094  09411222046        2897         213         31109411222047      1 3 0 50231WUI.D3020                  593  0123020891003850000   074779748110    00      32      0              000000000000000000000000000000000     0     0 0     
        2882973 215116414 2135  0 4094  09411222048        3781         100         38819411222048      1 3 0 50231WUI.D3020                11053  0123020366000190000   074852748910    00      39      0              000000000000000000000000000000000     0     0 0     
        2883973 215014614 2135  0 4094  09411222048         170       55650        558209411222055      7 3 0 50231WUI.D3020                  602  0123020827002940000   074893753050    00     412      0              000000000000000000000000000000000     0     0 0     
        2890556 266415214 2135  0 4094  09411222052      169072        1713       1707859411222059      6 3 0 50231WUI.D3020                  593  0123020891003850000   075143755230    00     380      0              000000000000000000000000000000000     0     0 0     
        2891577 215116214 2135  0 4094  09411222053        3775         100         38759411222054      1 3 0 50231WUI.D3020                11053  0123020366000190000   075183752190    00      36      0              000000000000000000000000000000000     0     0 0     
        2893127 215017612 2135  0 4094  09411222054        4182       12436        166189411222102      8 3 0 50231WUI.D3020                  602  0123020833001080001   075243757030    00     460      0              000000000000000000000000000000000     0     0 0     
        2895947 211114112 2135  0 4094  09411222056          51          26           779411222056      0 2 0 50231WUI.D3020                 9008  0123020563000260001   075353753570    00       4      0              000000000000000000000000000000000     0     0 0     
        2896521 350015414 2135  0 4094  09411222056         101          50          1519411222056      0 2 0 50231WUI.D3020                 3146  0123020901000840000   075374753800    00       6      0              000000000000000000000000000000000     0     0 0     
        2896938 215017214 2135  0 4094  09411222057         723        1176         18999411222101      4 3 0 50231WUI.D3020                  602  0123020827002940000   075390756490    00     259      0              000000000000000000000000000000000     0     0 0     
        2909012 215014714 2135  0 4094  09411222104         266          43          3099411222104      0 3 0 50231WUI.D3020                  602  0143020781010056600   075849758690    00      20      0              000000000000000000000000000000000     0     0 0     
        2910936 266415514 2135  0 4094  09411222105        4998         233         52319411222106      1 3 0 50231WUI.D3020                  593  0123020891003850000   075924759560    00      32      0              000000000000000000000000000000000     0     0 0     
        2913118 266415614 2135  0 4094  09411222107        1218         193         14119411222108      1 3 0 50231WUI.D3020                  593  0123020891003850000   076013760520    00      39      0              000000000000000000000000000000000     0     0 0     
        2918973 215015314 2135  0 4094  09411222111        2784        1500         42849411222113      2 3 0 50231WUI.D3020                  602  0123020827002940000   076246763650    00     119      0              000000000000000000000000000000000     0     0 0     
        2920151 350015414 2135  0 4094  09411222112         101          50          1519411222112      0 2 0 50231WUI.D3020                 3146  0123020901000840000   076290762960    00       6      0              000000000000000000000000000000000     0     0 0     
        2920798 266415014 2135  0 4094  09411222112        4538         213         47519411222113      1 3 0 50231WUI.D3020                  593  0123020891003850000   076318763730    00      55      0              000000000000000000000000000000000     0     0 0     
        2927350 266415514 2135  0 4094  09411222116        1009         193         12029411222117      1 3 0 50231WUI.D3020                  593  0123020891003850000   076575766090    00      34      0              000000000000000000000000000000000     0     0 0     
        2938149 266414214 2135  0 4094  09411222123         840         193         10339411222123      0 3 0 50231WUI.D3020                  593  0123020891003850000   076980770030    00      23      0              000000000000000000000000000000000     0     0 0     
        2940017 266415014 2135  0 4094  09411222124        3612         213         38259411222125      1 3 0 50231WUI.D3020                  593  0123020891003850000   077046770810    00      35      0              000000000000000000000000000000000     0     0 0     
        2943647 266414614 2135  0 4094  09411222126        3416         213         36299411222127      0 3 0 50231WUI.D3020                  593  0123020891003850000   077176772010    00      25      0              000000000000000000000000000000000     0     0 0     
        2945769 350015614 2135  0 4094  09411222128         101          50          1519411222128      0 2 0 50231WUI.D3020                 3146  0123020901000840000   077252772580    00       6      0              000000000000000000000000000000000     0     0 0     
        2945898 266416014 2135  0 4094  09411222128       56600         693        572939411222131      3 3 0 50231WUI.D3020                  593  0123020891003850000   077257774480    00     191      0              000000000000000000000000000000000     0     0 0     
        29535881312015052 2135  0 4094  09411222132          46        6986         70329411222134      1 2 0270722EDC1                      4210 35123020836000990001   077533776190    00      86      0              000000000000000000000000000000000     0     0 0     
        29590941312015420 2135  0 4094  09411222136          29        1261         12909411222137      1 2 0270722EDC1                      4210 44123020836000990001   077744777980    00      54      0              000000000000000000000000000000000     0     0 0     
        2961029 215015012 2135  0 4094  09411222137         121         646          7679411222138      1 2 0 50231WUI.D3020                  602  0123020238005930001   077825778730    00      48      0              000000000000000000000000000000000     0     0 0     
        29616121312015452 2135  0 4094  09411222137          17        1233         12509411222141      4 2 0270722EDC1                      4210 44123020836000990001   077848780590    00     211      0              000000000000000000000000000000000     0     0 0     
        2965902 266415414 2135  0 4094  09411222140        1893         193         20869411222141      1 3 0 50231WUI.D3020                  593  0123020891003850000   078018780590    00      41      0              000000000000000000000000000000000     0     0 0     
        2966643 215014514 2135  0 4094  09411222141        3026         418         34449411222141      1 3 0 50231WUI.D3020                  602  0143020563000260400   078047780840    00      37      0              000000000000000000000000000000000     0     0 0     
        2967165 215015014 2135  0 4094  09411222141         311          43          3549411222142      0 3 0 50231WUI.D3020                  602  0143020781010056300   078069780900    00      21      0              000000000000000000000000000000000     0     0 0     
        2970792 350014514 2135  0 4094  09411222144         101          50          1519411222144      0 2 0 50231WUI.D3020                 3146  0123020901000840000   078213782180    00       5      0              000000000000000000000000000000000     0     0 0     
        2972653 215014114 2135  0 4094  09411222145        1997         405         24029411222145      1 3 0 50231WUI.D3020                  602  0143020563000260400   078286783190    00      33      0              000000000000000000000000000000000     0     0 0     
        29728421561114152 2135  0 4094  09411222145         145       15578        157239411222157     12 2 0270722EDC1                     19069 22123020836000990001   078293789910    00     698      0              000000000000000000000000000000000     0     0 0     
        2974220 215014114 2135  0 4094  09411222146        4198         574         47729411222147      1 3 0 50231WUI.D3020                  602  0143020563000260400   078346783940    00      48      0              000000000000000000000000000000000     0     0 0     
        2976238 266414114 2135  0 4094  09411222147       15041         313        153549411222149      2 3 0 50231WUI.D3020                  593  0123020891003850000   078424785240    00     100      0              000000000000000000000000000000000     0     0 0     
        2979610 266415214 2135  0 4094  09411222150        3785         213         39989411222151      1 3 0 50231WUI.D3020                  593  0123020891003850000   078571786500    00      79      0              000000000000000000000000000000000     0     0 0     
        2982911 266415214 2135  0 4094  09411222152       46778         633        474119411222154      2 3 0 50231WUI.D3020                  593  0123020891003850000   078708788270    00     119      0              000000000000000000000000000000000     0     0 0     
        2988625 266414614 2135  0 4094  09411222156       10424         293        107179411222157      1 3 0 50231WUI.D3020                  593  0123020891003850000   078943790010    00      58      0              000000000000000000000000000000000     0     0 0     
        2993291 215014514 2135  0 4094  09411222159         927         192         11199411222160      1 3 0 50231WUI.D3020                  602  0123020891003850000   079142791860    00      44      0              000000000000000000000000000000000     0     0 0     
        2993929 215015514 2135  0 4094  09411222159        1601          72         16739411222160      0 3 0 50231WUI.D3020                  602  0123020367900390000   079169791870    00      18      0              000000000000000000000000000000000     0     0 0     
        2998206 266414614 2135  0 4094  09411222203        4109         213         43229411222203      0 3 0 50231WUI.D3020                  593  0123020891003850000   079353793820    00      29      0              000000000000000000000000000000000     0     0 0     
        3005949 211214114 2135  0 4094  09411222208          98          48          1469411222208      0 2 0 50231WUI.D3020                10554  0123020901000840000   079689796930    00       4      0              000000000000000000000000000000000     0     0 0     
        3006663 215014212 2135  0 4094  09411222209          52          29           819411222209      011 0 50231WUI.D3020                  500  0133020573000214001   079722797250    00       3      0              000000000000000000000000000000000     0     0 0     
        3017174 215014514 2135  0 4094  09411222217        1137          85         12229411222232     16 3 0 50231WUI.D3020                  602  0123020833001080000   080197811450    00     948      0              000000000000000000000000000000000     0     0 0     
        3023289 266415014 2135  0 4094  09411222221        1565         193         17589411222222      1 3 0 50231WUI.D3020                  593  0123020891003850000   080474805070    00      33      0              000000000000000000000000000000000     0     0 0     
        3023674 215015312 2135  0 4094  09411222222          52          29           819411222222      011 0 50231WUI.D3020                  500  0133020509000655001   080491804950    00       4      0              000000000000000000000000000000000     0     0 0     
        3024258 215015612 2135  0 4094  09411222222          52          29           819411222222      011 0 50231WUI.D3020                  500  0123020509006550001   080519805230    00       4      0              000000000000000000000000000000000     0     0 0     
        3026993 266415014 2135  0 4094  09411222224        8850         253         91039411222225      1 3 0 50231WUI.D3020                  593  0123020891003850000   080647806980    00      51      0              000000000000000000000000000000000     0     0 0     
        3030934 215014312 2135  0 4094  09411222227          52          29           819411222227      011 0 50231WUI.D3020                  500  0133020509022405001   080825808290    00       4      0              000000000000000000000000000000000     0     0 0     
        3040056 266415114 2135  0 4094  09411222234        7081         253         73349411222235      0 3 0 50231WUI.D3020                  593  0123020891003850000   081246812740    00      28      0              000000000000000000000000000000000     0     0 0     
        3040674 215015512 2135  0 4094  09411222235        2015       17108        191239411222247     12 3 0 50231WUI.D3020                  602  0123020833001080001   081275820090    00     734      0              000000000000000000000000000000000     0     0 0     
        3056165 266415314 2135  0 4094  09411222247        5402         233         56359411222248      1 3 0 50231WUI.D3020                  593  0123020891003850000   082015820530    00      38      0              000000000000000000000000000000000     0     0 0     
        3058056 266415214 2135  0 4094  09411222249       14449         313        147629411222251      2 3 0 50231WUI.D3020                  593  0123020891003850000   082111822310    00     120      0              000000000000000000000000000000000     0     0 0     
        3066042 266414714 2135  0 4094  09411222255       22506         393        228999411222256      1 3 0 50231WUI.D3020                  593  0123020891003850000   082507825620    00      55      0              000000000000000000000000000000000     0     0 0     
        3067188 266414414 2135  0 4094  09411222256        6325         233         65589411222257      1 3 0 50231WUI.D3020                  593  0123020891003850000   082563826030    00      40      0              000000000000000000000000000000000     0     0 0     
        3069097 266415114 2135  0 4094  09411222258        6188         233         64219411222258      0 3 0 50231WUI.D3020                  593  0123020891003850000   082660826830    00      23      0              000000000000000000000000000000000     0     0 0     
        3069462 215014214 2135  0 4094  09411222258         288          43          3319411222258      0 3 0 50231WUI.D3020                  602  0143020781010056300   082677826980    00      21      0              000000000000000000000000000000000     0     0 0     
        3074380 266415214 2135  0 4094  09411222302        5752         233         59859411222302      0 3 0 50231WUI.D3020                  593  0123020891003850000   082917829380    00      21      0              000000000000000000000000000000000     0     0 0     
        3076557 653114214 2135  0 4094  09411222304       31308         229        315379411222305      2 3 0 50231WUI.D3020                15563  0123020202006020000   083023831220    00      99      0              000000000000000000000000000000000     0     0 0     
        3081237 266414414 2135  0 4094  09411222308        1206         193         13999411222308      0 3 0 50231WUI.D3020                  593  0123020891003850000   083256832770    00      21      0              000000000000000000000000000000000     0     0 0     
        3086093 266415014 2135  0 4094  09411222312        1557         193         17509411222313      1 3 0 50231WUI.D3020                  593  0123020891003850000   083514835560    00      42      0              000000000000000000000000000000000     0     0 0     
        30891721312015052 2135  0 4094  09411222315          69       12365        124349411222319      5 2 0270722EDC1                      4210 26123020836000990001   083679839490    00     270      0              000000000000000000000000000000000     0     0 0     
        3090493 215015314 2135  0 4094  09411222316        1183          68         12519411222316      0 2 0 50231WUI.D3020                  602  0123020437007600000   083749837660    00      17      0              000000000000000000000000000000000     0     0 0     
        3099645 215014712 2135  0 4094  09411222324          52          29           819411222324      011 0 50231WUI.D3020                  500  0123020587000110001   084241842440    00       3      0              000000000000000000000000000000000     0     0 0     
        3105134 266416014 2135  0 4094  09411222329       60375         733        611089411222331      2 3 0 50231WUI.D3020                  593  0123020891003850000   084550846760    00     126      0              000000000000000000000000000000000     0     0 0     
        3117742 215015314 2135  0 4094  09411222341         245          43          2889411222341      0 3 0 50231WUI.D3020                  602  0143020781010056600   085235852570    00      22      0              000000000000000000000000000000000     0     0 0     
        3124220 215014114 2135  0 4094  09411222347       16734         332        170669411222348      2 3 0 50231WUI.D3020                  602  0123020891003850000   085604857030    00      99      0              000000000000000000000000000000000     0     0 0     
        3124458 266415014 2135  0 4094  09411222347       23670         413        240839411222348      1 3 0 50231WUI.D3020                  593  0123020891003850000   085617856850    00      68      0              000000000000000000000000000000000     0     0 0     
        3127191 215014114 2135  0 4094  09411222350         245          43          2889411222350      0 3 0 50231WUI.D3020                  602  0143020781010056600   085771857910    00      20      0              000000000000000000000000000000000     0     0 0     
        3128771 211215514 2135  0 4094  09411222351          98          48          1469411222351      0 2 0 50231WUI.D3020                10554  0123020901000840000   085859858640    00       5      0              000000000000000000000000000000000     0     0 0     
        3131640 215015514 2135  0 4094  09411222354        1230         121         13519411222356      2 3 0 50231WUI.D3020                  602  0123020833001080000   086020861430    00     123      0              000000000000000000000000000000000     0     0 0     
        3134367 215014314 2135  0 4094  09411222356         540          85          6259411222360      4 3 0 50231WUI.D3020                  602  0123020833001080000   086176863930    00     217      0              000000000000000000000000000000000     0     0 0     
        3136850 266415114 2135  0 4094  09411222359         197         114          3119411222359      0 3 0 50231WUI.D3020                  593  0123020891003850000   086316863260    00      10      0              000000000000000000000000000000000     0     0 0     
        2876082 350215314 2111  0 4594  09411222043        4118       46317        504359411222245    122 2 0511246MCI.D2680                 2012  0122680053103640000   074582818990    00    7317      0              000000000000000000000000000000000     0     0 0     
        2881396 350214712 2111  0 4594  09411222047       11750       98899       1106499411222213     86 3 0511246MCI.D2680                 2012  013268093 104712001   074790799500    00    5160      0              000000000000000000000000000000000     0     0 0     
        2909940 271314512 2111  0 4594  09411222105          51          29           809411222105      011 0 47523WUI.D2680                10552  0102680584820000001   075886758890    00       3      0              000000000000000000000000000000000     0     0 0     
        2959802 215014114 2111  0 4594  09411222136         861         195         10569411222137      1 3 0 47523WUI.D2680                  602  0142680053107192400   077775778100    00      35      0              000000000000000000000000000000000     0     0 0     
        30327251275414514 2111  0 4594  09411222228          72          42          1149411222229      0 3 0511246MCI.D2680                 2662  013268093 104712000   080908809160    00       8      0              000000000000000000000000000000000     0     0 0     
        3033102 350214214 2111  0 4594  09411222229        1077         117         11949411222230      1 3 0511246MCI.D2680                 2012  013268093 104712000   080922809900    00      68      0              000000000000000000000000000000000     0     0 0     
        3085681 350214212 2111  0 4594  09411222312         101         118          2199411222312      0 3 0511246MCI.D2680                 2012  0142680942104720301   083493835010    00       8      0              000000000000000000000000000000000     0     0 0     
@l/