201523 919937
201539 919937
201562 919937
201568 919937
201592 919937
201758 919937
201824 919937
201864 919937
203243 919937
203324 919937
203444 919937
203454 919937
203562 919937
203573 919937
203634 919937
203763 919937
203797 919937
204668 919937
205237 919937
205269 919937
205343 919937
205543 919937
205742 919937
205759 919937
205760 919937
205794 919937
205881 919937
205942 919937
206258 919937
206284 919937
206377 919937
206425 919937
206451 919937
206457 919937
206573 919937
206627 919937
206671 919937
206735 919937
207622 919937
207775 919937
207795 919937
207990 919937
208233 919937
208343 919937
208524 919937
208734 919937
208765 919937
209268 919937
209383 919937
209527 919937
209733 919937
209941 919937
212269 919937
213432 919937
213589 919937
213640 919937
214236 919937
214581 919937
214637 919937
214792 919937
214892 919937
215384 919937
215543 919937
215592 919937
215666 919937
215779 919937
215866 919937
215946 919937
216241 919937
216324 919937
216399 919937
216434 919937
216453 919937
216759 919937
217352 919937
217423 919937
217442 919937
217525 919937
218722 919937
219233 919937
219293 919937
219422 919937
219883 919937
301224 919937
301272 919937
301293 919937
301548 919937
301685 919937
301738 919937
301777 919937
302571 919937
302678 919937
302856 919937
303224 919937
303241 919937
303351 919937
303543 919937
303860 919937
304232 919937
304292 919937
304342 919937
304422 919937
304523 919937
305477 919937
305525 919937
307237 919937
307638 919937
307742 919937
308382 919937
309673 919937
309788 919937
309827 919937
312427 919937
313338 919937
313455 919937
313569 919937
313743 919937
313778 919937
313963 919937
313971 919937
313985 919937
314232 919937
314335 919937
314364 919937
314449 919937
314635 919937
315433 919937
315797 919937
316681 919937
317284 919937
317423 919937
317453 919937
317631 919937
317662 919937
318269 919937
318325 919937
318433 919937
318442 919937
318688 919937
319233 919937
319354 919937
319363 919937
319583 919937
401278 919937
401769 919937
401849 919937
402391 919937
402464 919937
403275 919937
404291 919937
404327 919937
404451 919937
404548 919937
404855 919937
405226 919937
405237 919937
405353 919937
405495 919937
406252 919937
406443 919937
406494 919937
406587 919937
406727 919937
406728 919937
407272 919937
407335 919937
407422 919937
407466 919937
407471 919937
407639 919937
407778 919937
407933 919937
408375 919937
408433 919937
408476 919937
408754 919937
409727 919937
409762 919937
409779 919937
412283 919937
412642 919937
412658 919937
412836 919937
413443 919937
413787 919937
414235 919937
414334 919937
414432 919937
414457 919937
414553 919937
414730 919937
414786 919937
415367 919937
415453 919937
415462 919937
415498 919937
415543 919937
415588 919937
415635 919937
415754 919937
415896 919937
415935 919937
416229 919937
416628 919937
417781 919937
417881 919937
418522 919937
419224 919937
419244 919937
419529 919937
501535 919937
501575 919937
501623 919937
501663 919937
501782 919937
501935 919937
502223 919937
502499 919937
502782 919937
502926 919937
503222 919937
503343 919937
503399 919937
503758 919937
503779 919937
504292 919937
504525 919937
504641 919937
505242 919937
505473 919937
505524 919937
507282 919937
507625 919937
508222 919937
508448 919937
508458 919937
508480 919937
508526 919937
508537 919937
508673 919937
508683 919937
508792 919937
508823 919937
508997 919937
509334 919937
509375 919937
509453 919937
509624 919937
512225 919937
512289 919937
512447 919937
512544 919937
512576 919937
512682 919937
512727 919937
512883 919937
513322 919937
513530 919937
513874 919937
513898 919937
514748 919937
515232 919937
515277 919937
515752 919937
516420 919937
516471 919937
516485 919937
517484 919937
517695 919937
517788 919937
518438 919937
519254 919937
519570 919937
601353 919937
601482 919937
601582 919937
601636 919937
601762 919937
601844 919937
601864 919937
602253 919937
602297 919937
602779 919937
602783 919937
603224 919937
603627 919937
603643 919937
603868 919937
603883 919937
603924 919937
603964 919937
604682 919937
605224 919937
605334 919937
605341 919937
606268 919937
607724 919937
607737 919937
607974 919937
608221 919937
608362 919937
608784 919937
609345 919937
609520 919937
609665 919937
609695 919937
609794 919937
612251 919937
612333 919937
613233 919937
614228 919937
614266 919937
614345 919937
615265 919937
615378 919937
615453 919937
615483 919937
615648 919937
615691 919937
615885 919937
615928 919937
616388 919937
616458 919937
616739 919937
616775 919937
616925 919937
616941 919937
616963 919937
617275 919937
617439 919937
617581 919937
617585 919937
617961 919937
618624 919937
618874 919937
619296 919937
619321 919937
619486 919937
619941 919937
701237 919937
701255 919937
701775 919937
701839 919937
702293 919937
702882 919937
703330 919937
703433 919937
703691 919937
703981 919937
704253 919937
704377 919937
704867 919937
704938 919937
707253 919937
707425 919937
707445 919937
707526 919937
707644 919937
708343 919937
708469 919937
708474 919937
708501 919937
708615 919937
708844 919937
708888 919937
708991 919937
712255 919937
713420 919937
713497 919937
714661 919937
714737 919937
714756 919937
714825 919937
714860 919937
714981 919937
715833 919937
715848 919937
716285 919937
716385 919937
716487 919937
716893 919937
717323 919937
717348 919937
717569 919937
717761 919937
717823 919937
717846 919937
719590 919937
801364 919937
801373 919937
801393 919937
802223 919937
802864 919937
803232 919937
803254 919937
803448 919937
803553 919937
803583 919937
803665 919937
804229 919937
804330 919937
804596 919937
804727 919937
804846 919937
804853 919937
804861 919937
804977 919937
805325 919937
805526 919937
805543 919937
805564 919937
805922 919937
805945 919937
805984 919937
806355 919937
806797 919937
808244 919937
808531 919937
808935 919937
812232 919937
812332 919937
812425 919937
813337 919937
813365 919937
813434 919937
813461 919937
813858 919937
813932 919937
814234 919937
814452 919937
814535 919937
814943 919937
815235 919937
815654 919937
815727 919937
815935 919937
816233 919937
817322 919937
817387 919937
817526 919937
817773 919937
817776 919937
817877 919937
818501 919937
818576 919937
818843 919937
901424 919937
901523 919937
902423 919937
904335 919937
904478 919937
904676 919937
904725 919937
904732 919937
904769 919937
904878 919937
906228 919937
912233 919937
912888 919937
912923 919937
913233 919937
913384 919937
913651 919937
913776 919937
913825 919937
913843 919937
914336 919937
914473 919937
914561 919937
914634 919937
914681 919937
915533 919937
915563 919937
915658 919937
915676 919937
915682 919937
916241 919937
916343 919937
916447 919937
916758 919937
918585 919937
919274 919937
919343 919937
919424 919937
919549 919937
919756 919937
919765 919937
919828 919937
919883 919937
