


DATE    MINUTES    CHARACTERS   SESS     AD   INV.MIN INV.CHARS INV.SESS INV.AD
931001  19627095  26111890738 1163762  532305       0     35220     2999      0
931002  11566103  16326431748  606109  251182       0     28326     1603      0
931003   9149506  14179809007  540207  224199       0     31148     2208      0
931004  28991568  27154434077 1238414  600438       0     28185     1706      0
931005  19441870  27794543223 1223489  574849       0     17270     1169      0
931006  19504466  28153665832 1181886  552469       1      4629     1030      0
931007  19996034  26515905075 1181301  555341       0      3035      523      0
931008  21312056  25555753843 1173926  533506       2     27501     4395      0
931009  12756254  16706098812  763863  249987       0     27418     4067      0
931010  11966576  14899198199  687858  222365       0      7364     1126      0
931011  24243029  25566013237 1220721  498353       0      7189     1126      0
931012  19517826  26325869496 1275792  557680       0     13438     2056      0
931013  19726677  26398124441 1263027  560973       0     15022     1744      0
931014  15681983  20897315999  960853  415690       7     18388     2454      0
931015  18160927  25532357929 1176080  514811       0     16902     2124      0
931016  13506458  17788229930  663587  240355       0     16573     2738      0
931017  20371657  17211340340  631460  215317       0      6881     1132      0
931018  20936476  26872047927 1300883  570772       2     19627     2138      0
931019  18589248  27726561345 1278263  570256       1     10077     1468      0
931020  20451092  28204275053 1378173  582059       0      7544     1132      0
931021  22430948  26959932632 1356514  566085       8      7641     1166      0
931022  20654550  27176378571 1343400  536508       0     13341     1926      0
931023  11298562  16724221547  543648  232521       0     13434     1125      0
931024   8649766  14130044430  475828  194573       0     25374     2286      0
931025  39635648  26060739972 1155550  545251       0     31934     2579      0
931026  25547311  28592389085 1269939  602492       0      3037      308      0
931027  21366931  26785162477 1201105  588874       0      8771      952      0
931028  23872578  27205949721 1225529  581951       0     17845     2199      0
931029  19526028  26639002370 1154169  569136       0      3608      505      0
931030  14416367  18959492626  604335  273093       0      3332      540      0
931031  22682808  15925425143  539490  233948       0     24410     3677      0


                 TOTALS
                 SESSIONS             31779161                            56201
                 MINUTES             595578398                               21
                 CHARACTERS       721078604825.                          494464.
                 DISCONNECTS          13947339                                0

