1
 
                   MAX
            TOTAL  SIM                MAXIMUM CPS                   CONNECT
 DATE  HOUR USERS USERS            IN         OUT       TOTAL         HOURS
 
 
 930125   1     0     0          0.00        0.00        0.00          0.00
 930125   2     2     1          1.05       53.28       53.90          0.03
 930125   3     1     1          0.62       53.28       53.90          1.00
 930125   4     2     2         13.15       95.00      108.15          1.07
 930125   5     2     2         13.15       95.00      108.15          0.42
 930125   6     1     1          0.38       61.02       61.40          0.42
 930125   7     1     1          0.38       61.02       61.40          1.00
 930125   8     1     1          0.38       61.02       61.40          1.00
 930125   9     1     1          0.38       61.02       61.40          0.05
 930125  10     0     0          0.00        0.00        0.00          0.00
 930125  11     0     0          0.00        0.00        0.00          0.00
 930125  12     1     1          0.87       71.72       72.58          0.15
 930125  13     1     1          1.07       54.97       56.03          0.10
 930125  14     1     1          0.95       52.58       53.53          0.17
 930125  15     0     0          0.00        0.00        0.00          0.00
 930125  16     1     1          0.52       10.93       11.45          0.88
 930125  17     1     1          0.52       10.93       11.45          1.00
 930125  18     1     1          0.52       10.93       11.45          1.00
 930125  19     2     2          1.05       65.65       66.70          1.70
 930125  20     4     2          1.05       65.65       66.70          1.57
 930125  21     3     2          1.58      121.93      123.52          1.32
 930125  22     1     1          0.52       10.93       11.45          1.00
 930125  23     1     1          0.52       10.93       11.45          0.78
 930125  24     1     1          0.80       84.85       85.65          0.10
1
 
                   MAX
            TOTAL  SIM                MAXIMUM CPS                   CONNECT
 DATE  HOUR USERS USERS            IN         OUT       TOTAL         HOURS
 
 
 930126   1     0     0          0.00        0.00        0.00          0.00
 930126   2     1     1          0.28       75.05       75.33          0.35
 930126   3     4     1         11.93       75.05       79.28          0.48
 930126   4     3     2          1.97      149.57      151.53          0.98
 930126   5     2     2          2.77       97.22       99.98          1.80
 930126   6     2     2          2.77       97.22       99.98          1.93
 930126   7     1     1          1.50       12.18       13.68          1.00
 930126   8     1     1          1.50       12.18       13.68          0.23
 930126   9     0     0          0.00        0.00        0.00          0.00
 930126  10     1     1          0.22       23.35       23.57          0.15
 930126  11     0     0          0.00        0.00        0.00          0.00
 930126  12     2     2          0.87       55.65       56.52          1.13
 930126  13     5     2          0.87       55.65       56.52          0.98
 930126  14     1     1          0.35       26.77       27.12          0.55
 930126  15     0     0          0.00        0.00        0.00          0.00
 930126  16     0     0          0.00        0.00        0.00          0.00
 930126  17     0     0          0.00        0.00        0.00          0.00
 930126  18     2     2          0.68       50.35       51.03          0.62
 930126  19     2     2          1.98       21.73       23.72          1.03
 930126  20     2     2          0.88       71.73       72.62          1.17
 930126  21     3     2          1.38       93.52       94.90          1.98
 930126  22     2     2          1.38       93.52       94.90          2.00
 930126  23     2     2          1.38       93.52       94.90          1.03
 930126  24     1     1          0.45       10.85       11.30          0.98
1
 
                   MAX
            TOTAL  SIM                MAXIMUM CPS                   CONNECT
 DATE  HOUR USERS USERS            IN         OUT       TOTAL         HOURS
 
 
 930127   1     1     1          0.45       10.85       11.30          1.00
 930127   2     2     2          1.15       77.02       78.17          1.07
 930127   3     5     4          4.45      193.62      196.30          1.38
 930127   4     4     3         33.45      128.35      142.05          2.05
 930127   5     2     2          2.87      128.35      131.22          1.60
 930127   6     1     1          1.75       39.65       41.40          1.00
 930127   7     1     1          1.75       39.65       41.40          1.00
 930127   8     0     0          0.00        0.00        0.00          0.00
 930127   9     0     0          0.00        0.00        0.00          0.00
 930127  10     0     0          0.00        0.00        0.00          0.00
 930127  11     0     0          0.00        0.00        0.00          0.00
 930127  12     0     0          0.00        0.00        0.00          0.00
 930127  13     1     1          0.93       71.92       72.85          0.07
 930127  14     1     1          1.88       18.42       20.30          0.05
 930127  15     1     1          0.50       53.68       54.18          0.37
 930127  16     3     3          3.35      143.18      146.53          1.87
 930127  17     4     3          3.35      143.18      146.53          1.98
 930127  18     2     2          1.78       62.23       64.02          1.25
 930127  19     2     2          1.95       88.83       90.78          1.73
 930127  20     2     2          1.95       88.83       90.78          1.35
 930127  21     2     1          1.60       55.65       57.25          0.92
 930127  22     4     3          2.67      135.47      137.92          1.48
 930127  23     1     1          0.85       79.82       80.67          0.13
 930127  24     0     0          0.00        0.00        0.00          0.00
1
 
                   MAX
            TOTAL  SIM                MAXIMUM CPS                   CONNECT
 DATE  HOUR USERS USERS            IN         OUT       TOTAL         HOURS
 
 
 930128   1     1     1          1.38       27.63       29.02          0.25
 930128   2     1     1          1.38       27.63       29.02          0.10
 930128   3     1     1          0.65      107.17      107.82          0.05
 930128   4     3     2          2.65      107.17      107.82          0.82
 930128   5     3     2          2.65       55.22       57.87          1.12
 930128   6     1     1          0.57       31.67       32.23          0.37
 930128   7     0     0          0.00        0.00        0.00          0.00
 930128   8     0     0          0.00        0.00        0.00          0.00
 930128   9     0     0          0.00        0.00        0.00          0.00
 930128  10     0     0          0.00        0.00        0.00          0.00
 930128  11     0     0          0.00        0.00        0.00          0.00
 930128  12     0     0          0.00        0.00        0.00          0.00
 930128  13     0     0          0.00        0.00        0.00          0.00
 930128  14     0     0          0.00        0.00        0.00          0.00
 930128  15     0     0          0.00        0.00        0.00          0.00
 930128  16     1     1          0.67       31.72       32.38          0.67
 930128  17     3     3          2.23      122.87      125.10          1.87
 930128  18     4     3          2.23      122.87      125.10          2.32
 930128  19     1     1          0.67       31.72       32.38          1.00
 930128  20     1     1          0.67       31.72       32.38          1.00
 930128  21     1     1          0.67       31.72       32.38          1.00
 930128  22     1     1          0.67       31.72       32.38          1.00
 930128  23     1     1          0.67       31.72       32.38          0.40
 930128  24     0     0          0.00        0.00        0.00          0.00
1
 
                   MAX
            TOTAL  SIM                MAXIMUM CPS                   CONNECT
 DATE  HOUR USERS USERS            IN         OUT       TOTAL         HOURS
 
 
 930129   1     1     1          0.60       92.72       93.32          0.08
 930129   2     0     0          0.00        0.00        0.00          0.00
 930129   3     0     0          0.00        0.00        0.00          0.00
 930129   4     1     1          0.67       49.17       49.83          0.32
 930129   5     3     3          1.32       51.00       52.32          0.57
 930129   6     0     0          0.00        0.00        0.00          0.00
 930129   7     0     0          0.00        0.00        0.00          0.00
 930129   8     0     0          0.00        0.00        0.00          0.00
 930129   9     0     0          0.00        0.00        0.00          0.00
 930129  10     0     0          0.00        0.00        0.00          0.00
 930129  11     0     0          0.00        0.00        0.00          0.00
 930129  12     0     0          0.00        0.00        0.00          0.00
 930129  13     1     1          0.37       33.73       34.10          0.33
 930129  14     1     1          0.80       56.03       56.83          0.17
 930129  15     1     1          0.58       38.95       39.53          0.58
 930129  16     2     1          5.43       52.53       57.97          0.20
 930129  17     2     2          1.82       52.95       54.77          1.62
 930129  18     2     2          1.82       52.95       54.77          1.15
 930129  19     2     2          1.82       62.72       64.53          1.30
 930129  20     2     2          1.23       72.42       73.65          1.57
 930129  21     4     2          2.50      171.20      173.70          2.00
 930129  22     2     2          0.82       46.83       47.65          2.00
 930129  23     3     2          6.88       80.07       86.95          1.25
 930129  24     1     1          0.62       21.12       21.73          0.42
1     MAXIMUM OF MAXIMUM SIMULTANEOUS USERS
 
 
                   MAX
            TOTAL  SIM                MAXIMUM CPS                   CONNECT
 DATE  HOUR USERS USERS            IN         OUT       TOTAL         HOURS
 
 930127   3     5     4          4.45      193.62      196.30          1.38
 
 
     MAXIMUM OF CONNECT HOURS
 
 
                   MAX
            TOTAL  SIM                MAXIMUM CPS                   CONNECT
 DATE  HOUR USERS USERS            IN         OUT       TOTAL         HOURS
 
 930128  18     4     3          2.23      122.87      125.10          2.32
1
  