1
 
                   MAX
            TOTAL  SIM                MAXIMUM CPS                   CONNECT
 DATE  HOUR USERS USERS            IN         OUT       TOTAL         HOURS
 
 
 930120   1     1     1          0.52       77.08       77.60          0.15
 930120   2     2     2          2.37       35.93       38.30          0.43
 930120   3     2     1          3.23       26.48       29.72          0.53
 930120   4     1     1          0.53      168.62      169.15          0.27
 930120   5     0     0          0.00        0.00        0.00          0.00
 930120   6     0     0          0.00        0.00        0.00          0.00
 930120   7     0     0          0.00        0.00        0.00          0.00
 930120   8     0     0          0.00        0.00        0.00          0.00
 930120   9     0     0          0.00        0.00        0.00          0.00
 930120  10     0     0          0.00        0.00        0.00          0.00
 930120  11     0     0          0.00        0.00        0.00          0.00
 930120  12     0     0          0.00        0.00        0.00          0.00
 930120  13     0     0          0.00        0.00        0.00          0.00
 930120  14     0     0          0.00        0.00        0.00          0.00
 930120  15     1     1          0.35       39.00       39.35          0.18
 930120  16     2     2          1.78       98.12       99.90          1.03
 930120  17     1     1          1.23       36.82       38.05          0.13
 930120  18     1     1          1.55       26.60       28.15          0.32
 930120  19     1     1          1.55       26.60       28.15          0.77
 930120  20     1     1          1.23       46.08       47.32          0.58
 930120  21     2     1          1.23       77.10       78.07          0.10
 930120  22     1     1          0.55       33.95       34.50          0.17
 930120  23     0     0          0.00        0.00        0.00          0.00
 930120  24     0     0          0.00        0.00        0.00          0.00
1
 
                   MAX
            TOTAL  SIM                MAXIMUM CPS                   CONNECT
 DATE  HOUR USERS USERS            IN         OUT       TOTAL         HOURS
 
 
 930121   1     2     1          3.30       79.07       79.70          0.35
 930121   2     1     1          0.63       79.07       79.70          0.13
 930121   3     0     0          0.00        0.00        0.00          0.00
 930121   4     1     1          1.30       63.42       64.72          0.05
 930121   5     0     0          0.00        0.00        0.00          0.00
 930121   6     1     1          1.20       79.82       81.02          0.57
 930121   7     1     1          1.20       79.82       81.02          0.70
 930121   8     1     1          2.10       33.18       35.28          0.25
 930121   9     1     1          2.10       33.18       35.28          1.00
 930121  10     2     1          2.10       33.18       35.28          0.37
 930121  11     1     1          1.60       24.93       26.53          0.25
 930121  12     0     0          0.00        0.00        0.00          0.00
 930121  13     0     0          0.00        0.00        0.00          0.00
 930121  14     5     4         47.97      214.70      249.62          1.73
 930121  15     1     1          0.23       13.62       13.85          1.00
 930121  16     2     2          2.23       67.57       69.80          1.05
 930121  17     3     2          6.43       89.88       96.32          1.23
 930121  18     1     1          0.23       13.62       13.85          0.83
 930121  19     0     0          0.00        0.00        0.00          0.00
 930121  20     0     0          0.00        0.00        0.00          0.00
 930121  21     2     1          0.80       54.88       55.68          0.98
 930121  22     1     1          0.77       23.95       24.72          1.00
 930121  23     2     1          0.77       40.10       40.87          0.23
 930121  24     3     1          0.77       41.07       41.60          0.28
1
 
                   MAX
            TOTAL  SIM                MAXIMUM CPS                   CONNECT
 DATE  HOUR USERS USERS            IN         OUT       TOTAL         HOURS
 
 
 930122   1     1     1          0.02        1.03        1.05          1.00
 930122   2     1     1          0.02        1.03        1.05          1.00
 930122   3     1     1          0.02        1.03        1.05          1.00
 930122   4     5     2          2.25       59.68       61.93          1.32
 930122   5     2     2          1.75       59.22       60.97          0.92
 930122   6     0     0          0.00        0.00        0.00          0.00
 930122   7     0     0          0.00        0.00        0.00          0.00
 930122   8     0     0          0.00        0.00        0.00          0.00
 930122   9     0     0          0.00        0.00        0.00          0.00
 930122  10     0     0          0.00        0.00        0.00          0.00
 930122  11     0     0          0.00        0.00        0.00          0.00
 930122  12     1     1          0.55       14.57       15.12          0.32
 930122  13     2     2          1.42       92.63       94.05          0.63
 930122  14     0     0          0.00        0.00        0.00          0.00
 930122  15     3     2          4.92       99.90      102.78          0.57
 930122  16     0     0          0.00        0.00        0.00          0.00
 930122  17     1     1          0.58       70.20       70.78          0.30
 930122  18     2     1          9.10      101.28      110.38          0.72
 930122  19     2     1          9.10      101.28      110.38          0.12
 930122  20     1     1          0.67       62.12       62.78          0.10
 930122  21     5     2          6.92      147.38      148.77          1.32
 930122  22     1     1          0.67       62.12       62.78          1.00
 930122  23     5     2          4.58       62.12       62.78          0.32
 930122  24     2     1          3.60       56.10       57.25          0.70
1
 
                   MAX
            TOTAL  SIM                MAXIMUM CPS                   CONNECT
 DATE  HOUR USERS USERS            IN         OUT       TOTAL         HOURS
 
 
 930123   1     1     1          1.15       56.10       57.25          0.03
 930123   2     0     0          0.00        0.00        0.00          0.00
 930123   3     0     0          0.00        0.00        0.00          0.00
 930123   4     1     1          0.55       67.67       68.22          0.17
 930123   5     1     1          0.55       67.67       68.22          0.07
 930123   6     0     0          0.00        0.00        0.00          0.00
 930123   7     0     0          0.00        0.00        0.00          0.00
 930123   8     0     0          0.00        0.00        0.00          0.00
 930123   9     0     0          0.00        0.00        0.00          0.00
 930123  10     0     0          0.00        0.00        0.00          0.00
 930123  11     0     0          0.00        0.00        0.00          0.00
 930123  12     0     0          0.00        0.00        0.00          0.00
 930123  13     0     0          0.00        0.00        0.00          0.00
 930123  14     0     0          0.00        0.00        0.00          0.00
 930123  15     1     1          7.60      111.10      118.70          0.03
 930123  16     1     1          7.60      111.10      118.70          0.10
 930123  17     0     0          0.00        0.00        0.00          0.00
 930123  18     1     1          0.92      128.05      128.97          0.08
 930123  19     0     0          0.00        0.00        0.00          0.00
 930123  20     0     0          0.00        0.00        0.00          0.00
 930123  21     0     0          0.00        0.00        0.00          0.00
 930123  22     0     0          0.00        0.00        0.00          0.00
 930123  23     0     0          0.00        0.00        0.00          0.00
 930123  24     0     0          0.00        0.00        0.00          0.00
1
 
                   MAX
            TOTAL  SIM                MAXIMUM CPS                   CONNECT
 DATE  HOUR USERS USERS            IN         OUT       TOTAL         HOURS
 
 
 930124   1     0     0          0.00        0.00        0.00          0.00
 930124   2     0     0          0.00        0.00        0.00          0.00
 930124   3     0     0          0.00        0.00        0.00          0.00
 930124   4     0     0          0.00        0.00        0.00          0.00
 930124   5     0     0          0.00        0.00        0.00          0.00
 930124   6     0     0          0.00        0.00        0.00          0.00
 930124   7     0     0          0.00        0.00        0.00          0.00
 930124   8     0     0          0.00        0.00        0.00          0.00
 930124   9     0     0          0.00        0.00        0.00          0.00
 930124  10     0     0          0.00        0.00        0.00          0.00
 930124  11     0     0          0.00        0.00        0.00          0.00
 930124  12     0     0          0.00        0.00        0.00          0.00
 930124  13     0     0          0.00        0.00        0.00          0.00
 930124  14     0     0          0.00        0.00        0.00          0.00
 930124  15     0     0          0.00        0.00        0.00          0.00
 930124  16     0     0          0.00        0.00        0.00          0.00
 930124  17     0     0          0.00        0.00        0.00          0.00
 930124  18     1     1          0.55       73.73       74.28          0.13
 930124  19     0     0          0.00        0.00        0.00          0.00
 930124  20     0     0          0.00        0.00        0.00          0.00
 930124  21     0     0          0.00        0.00        0.00          0.00
 930124  22     0     0          0.00        0.00        0.00          0.00
 930124  23     0     0          0.00        0.00        0.00          0.00
 930124  24     0     0          0.00        0.00        0.00          0.00
1     MAXIMUM OF MAXIMUM SIMULTANEOUS USERS
 
 
                   MAX
            TOTAL  SIM                MAXIMUM CPS                   CONNECT
 DATE  HOUR USERS USERS            IN         OUT       TOTAL         HOURS
 
 930121  14     5     4         47.97      214.70      249.62          1.73
 
 
     MAXIMUM OF CONNECT HOURS
 
 
                   MAX
            TOTAL  SIM                MAXIMUM CPS                   CONNECT
 DATE  HOUR USERS USERS            IN         OUT       TOTAL         HOURS
 
 930121  14     5     4         47.97      214.70      249.62          1.73
1
  