1
 
                   MAX
            TOTAL  SIM                MAXIMUM CPS                   CONNECT
 DATE  HOUR USERS USERS            IN         OUT       TOTAL         HOURS
 
 
 930125   1     2     2          1.93       78.72       80.65          0.70
 930125   2     1     1          0.97       14.95       15.92          0.25
 930125   3     3     2          2.43       98.23      100.67          0.92
 930125   4     1     1          0.53      103.08      103.62          0.23
 930125   5     0     0          0.00        0.00        0.00          0.00
 930125   6     0     0          0.00        0.00        0.00          0.00
 930125   7     0     0          0.00        0.00        0.00          0.00
 930125   8     0     0          0.00        0.00        0.00          0.00
 930125   9     0     0          0.00        0.00        0.00          0.00
 930125  10     0     0          0.00        0.00        0.00          0.00
 930125  11     0     0          0.00        0.00        0.00          0.00
 930125  12     0     0          0.00        0.00        0.00          0.00
 930125  13     1     1          0.63       32.42       33.05          0.58
 930125  14     1     1          0.63       32.42       33.05          0.65
 930125  15     2     2          1.77       77.63       79.40          0.95
 930125  16     2     1          1.15       38.17       39.32          0.70
 930125  17     1     1          0.23       31.77       32.00          1.00
 930125  18     1     1          0.23       31.77       32.00          1.00
 930125  19     1     1          0.23       31.77       32.00          1.00
 930125  20     1     1          0.23       31.77       32.00          1.00
 930125  21     3     2          1.25      127.08      128.33          1.20
 930125  22     4     2          7.92       63.43       71.35          1.07
 930125  23     0     0          0.00        0.00        0.00          0.00
 930125  24     2     1          0.68       76.85       77.53          0.38
1
 
                   MAX
            TOTAL  SIM                MAXIMUM CPS                   CONNECT
 DATE  HOUR USERS USERS            IN         OUT       TOTAL         HOURS
 
 
 930126   1     3     1          1.45       76.85       77.53          0.38
 930126   2     4     2          3.25      114.25      117.50          0.97
 930126   3     7     4          3.27      160.32      163.32          1.70
 930126   4     8     4          3.27      137.18      140.45          2.12
 930126   5     3     3          2.33      158.83      161.17          2.15
 930126   6     1     1          0.82       57.42       58.23          0.53
 930126   7     0     0          0.00        0.00        0.00          0.00
 930126   8     0     0          0.00        0.00        0.00          0.00
 930126   9     0     0          0.00        0.00        0.00          0.00
 930126  10     1     1          0.60       60.73       61.33          0.30
 930126  11     1     1          0.60       60.73       61.33          0.35
 930126  12     2     1          1.53      114.85      115.58          0.10
 930126  13     2     1          1.77      126.17      127.10          0.22
 930126  14     0     0          0.00        0.00        0.00          0.00
 930126  15     3     3          5.25      151.95      157.20          1.25
 930126  16     6     3          5.25      151.95      157.20          1.58
 930126  17     1     1          0.43       19.17       19.60          0.03
 930126  18     0     0          0.00        0.00        0.00          0.00
 930126  19     2     2          1.85       63.63       65.48          0.97
 930126  20     1     1          1.02       26.07       27.08          1.00
 930126  21     1     1          1.02       26.07       27.08          0.72
 930126  22     2     1          1.42       42.23       43.65          0.32
 930126  23     2     1          1.67       64.20       65.87          0.05
 930126  24     0     0          0.00        0.00        0.00          0.00
1
 
                   MAX
            TOTAL  SIM                MAXIMUM CPS                   CONNECT
 DATE  HOUR USERS USERS            IN         OUT       TOTAL         HOURS
 
 
 930127   1     7     3          4.52      256.25      260.77          1.62
 930127   2     5     3          4.20      178.72      181.38          2.35
 930127   3     4     3          3.53       90.68       93.63          1.97
 930127   4     3     3          3.63      104.40      108.03          2.13
 930127   5     0     0          0.00        0.00        0.00          0.00
 930127   6     1     1          0.00        0.00        0.00          0.18
 930127   7     1     1          0.00        0.00        0.00          0.02
 930127   8     0     0          0.00        0.00        0.00          0.00
 930127   9     0     0          0.00        0.00        0.00          0.00
 930127  10     0     0          0.00        0.00        0.00          0.00
 930127  11     0     0          0.00        0.00        0.00          0.00
 930127  12     1     1          1.03       64.35       65.38          0.05
 930127  13     1     1          1.07       62.75       63.82          0.12
 930127  14     3     2          2.03      115.10      116.80          1.48
 930127  15     4     2          2.27       93.82       96.08          1.22
 930127  16     2     2          2.27       93.82       96.08          0.72
 930127  17     1     1          0.63        9.53       10.17          0.17
 930127  18     0     0          0.00        0.00        0.00          0.00
 930127  19     2     2          2.92      144.53      147.45          0.50
 930127  20     2     1          0.65       57.15       57.80          0.77
 930127  21     2     1         10.43       21.00       31.43          0.20
 930127  22     2     1          0.55       13.55       13.95          0.63
 930127  23     1     1          1.30       62.72       64.02          0.07
 930127  24     3     2          2.93      216.23      219.17          0.27
1
 
                   MAX
            TOTAL  SIM                MAXIMUM CPS                   CONNECT
 DATE  HOUR USERS USERS            IN         OUT       TOTAL         HOURS
 
 
 930128   1     1     1          0.08        0.88        0.97          0.03
 930128   2     2     1          2.22      110.38      112.60          0.25
 930128   3     2     1          0.65      110.58      111.23          0.55
 930128   4     4     2          2.35      131.87      134.22          0.65
 930128   5     1     1          1.85       52.20       54.05          0.20
 930128   6     0     0          0.00        0.00        0.00          0.00
 930128   7     0     0          0.00        0.00        0.00          0.00
 930128   8     0     0          0.00        0.00        0.00          0.00
 930128   9     0     0          0.00        0.00        0.00          0.00
 930128  10     0     0          0.00        0.00        0.00          0.00
 930128  11     1     1          2.33       29.10       31.43          0.48
 930128  12     2     2          3.78       74.32       78.10          1.05
 930128  13     3     2          6.27      120.58      126.85          0.70
 930128  14     2     2          6.27      120.58      126.85          1.02
 930128  15     3     3          6.67      140.37      147.03          1.40
 930128  16     2     2          5.25      116.18      121.43          1.03
 930128  17     0     0          0.00        0.00        0.00          0.00
 930128  18     1     1          0.25        2.03        2.28          0.50
 930128  19     1     1          0.25        2.03        2.28          0.58
 930128  20     0     0          0.00        0.00        0.00          0.00
 930128  21     1     1          0.08        0.80        0.88          0.02
 930128  22     1     1          1.53       49.57       51.10          0.08
 930128  23     0     0          0.00        0.00        0.00          0.00
 930128  24     1     1          3.03      129.88      132.92          0.03
1
 
                   MAX
            TOTAL  SIM                MAXIMUM CPS                   CONNECT
 DATE  HOUR USERS USERS            IN         OUT       TOTAL         HOURS
 
 
 930129   1     2     2          1.65      125.07      126.72          1.18
 930129   2     2     1          1.28       59.27       59.67          0.22
 930129   3     1     1          1.27       85.58       86.85          0.12
 930129   4     2     2          1.13       61.77       62.90          1.10
 930129   5     1     1          0.70       24.98       25.68          0.20
 930129   6     0     0          0.00        0.00        0.00          0.00
 930129   7     0     0          0.00        0.00        0.00          0.00
 930129   8     0     0          0.00        0.00        0.00          0.00
 930129   9     0     0          0.00        0.00        0.00          0.00
 930129  10     0     0          0.00        0.00        0.00          0.00
 930129  11     0     0          0.00        0.00        0.00          0.00
 930129  12     0     0          0.00        0.00        0.00          0.00
 930129  13     3     2          3.47       40.68       44.15          0.60
 930129  14     2     2          3.47       40.68       44.15          1.37
 930129  15     1     1          0.88       32.68       33.57          1.00
 930129  16     4     2          1.18      107.63      108.82          1.27
 930129  17     3     3          2.18       98.13      100.32          1.58
 930129  18     2     1          0.63       35.02       35.65          0.65
 930129  19     1     1          0.63       35.02       35.65          0.42
 930129  20     3     3          3.62      128.97      132.58          1.02
 930129  21     9     4         12.22      412.05      419.88          2.23
 930129  22     6     3          7.25      155.77      157.00          0.75
 930129  23     5     3         18.37      326.35      327.68          1.73
 930129  24     4     3          1.50      326.35      327.68          0.40
1     MAXIMUM OF MAXIMUM SIMULTANEOUS USERS
 
 
                   MAX
            TOTAL  SIM                MAXIMUM CPS                   CONNECT
 DATE  HOUR USERS USERS            IN         OUT       TOTAL         HOURS
 
 930126   3     7     4          3.27      160.32      163.32          1.70
 
 
     MAXIMUM OF CONNECT HOURS
 
 
                   MAX
            TOTAL  SIM                MAXIMUM CPS                   CONNECT
 DATE  HOUR USERS USERS            IN         OUT       TOTAL         HOURS
 
 930127   2     5     3          4.20      178.72      181.38          2.35
1
  