1
 
                   MAX
            TOTAL  SIM                MAXIMUM CPS                   CONNECT
 DATE  HOUR USERS USERS            IN         OUT       TOTAL         HOURS
 
 
 930120   1     4     2          2.58      129.95      132.08          0.92
 930120   2     5     3          7.32      206.78      214.10          1.47
 930120   3     5     2          2.68      141.15      143.00          1.30
 930120   4     4     2          2.80      213.18      215.53          1.25
 930120   5     2     2          2.12      146.78      148.90          2.00
 930120   6     2     2          2.12      146.78      148.90          0.50
 930120   7     0     0          0.00        0.00        0.00          0.00
 930120   8     0     0          0.00        0.00        0.00          0.00
 930120   9     0     0          0.00        0.00        0.00          0.00
 930120  10     0     0          0.00        0.00        0.00          0.00
 930120  11     0     0          0.00        0.00        0.00          0.00
 930120  12     0     0          0.00        0.00        0.00          0.00
 930120  13     0     0          0.00        0.00        0.00          0.00
 930120  14     0     0          0.00        0.00        0.00          0.00
 930120  15     2     1          0.80        8.83        9.63          0.22
 930120  16     0     0          0.00        0.00        0.00          0.00
 930120  17     1     1          0.53       35.53       36.07          0.12
 930120  18     0     0          0.00        0.00        0.00          0.00
 930120  19     0     0          0.00        0.00        0.00          0.00
 930120  20     0     0          0.00        0.00        0.00          0.00
 930120  21     0     0          0.00        0.00        0.00          0.00
 930120  22     0     0          0.00        0.00        0.00          0.00
 930120  23     1     1          3.33       56.90       60.23          0.05
 930120  24     1     1          0.22       49.30       49.52          0.57
1
 
                   MAX
            TOTAL  SIM                MAXIMUM CPS                   CONNECT
 DATE  HOUR USERS USERS            IN         OUT       TOTAL         HOURS
 
 
 930121   1     2     2          2.08       93.40       95.48          0.43
 930121   2     3     2          2.68       96.88       98.95          1.00
 930121   3     7     3          2.68      218.07      220.13          1.38
 930121   4     5     4          4.77      289.80      293.35          3.28
 930121   5     2     2          2.48      117.90      120.38          1.18
 930121   6     2     2          1.28       68.43       69.72          1.48
 930121   7     2     1          1.00       68.57       69.07          0.25
 930121   8     0     0          0.00        0.00        0.00          0.00
 930121   9     0     0          0.00        0.00        0.00          0.00
 930121  10     0     0          0.00        0.00        0.00          0.00
 930121  11     1     1          1.38       40.08       41.47          0.55
 930121  12     1     1          1.38       40.08       41.47          0.35
 930121  13     2     2          1.82       75.97       77.78          0.37
 930121  14     2     2          1.82       75.97       77.78          1.12
 930121  15     3     2          2.82       87.50       90.32          0.97
 930121  16     2     2          2.43       76.73       79.17          1.25
 930121  17     1     1          0.80       19.88       20.68          1.00
 930121  18     1     1          0.80       19.88       20.68          1.00
 930121  19     2     1          0.80       19.88       20.68          0.77
 930121  20     1     1          0.35       19.00       19.35          0.92
 930121  21     0     0          0.00        0.00        0.00          0.00
 930121  22     0     0          0.00        0.00        0.00          0.00
 930121  23     0     0          0.00        0.00        0.00          0.00
 930121  24     4     2          1.83       95.82       97.65          0.48
1
 
                   MAX
            TOTAL  SIM                MAXIMUM CPS                   CONNECT
 DATE  HOUR USERS USERS            IN         OUT       TOTAL         HOURS
 
 
 930122   1     1     1          1.03       53.37       54.40          0.42
 930122   2     4     2          2.75      125.72      128.42          1.33
 930122   3     3     1          2.90      111.05      113.95          0.62
 930122   4     1     1          0.48       58.07       58.55          0.02
 930122   5     0     0          0.00        0.00        0.00          0.00
 930122   6     0     0          0.00        0.00        0.00          0.00
 930122   7     0     0          0.00        0.00        0.00          0.00
 930122   8     0     0          0.00        0.00        0.00          0.00
 930122   9     0     0          0.00        0.00        0.00          0.00
 930122  10     0     0          0.00        0.00        0.00          0.00
 930122  11     0     0          0.00        0.00        0.00          0.00
 930122  12     0     0          0.00        0.00        0.00          0.00
 930122  13     1     1          0.55       18.00       18.55          0.72
 930122  14     1     1          0.55       18.00       18.55          1.00
 930122  15     1     1          0.55       18.00       18.55          1.00
 930122  16     1     1          0.55       18.00       18.55          0.48
 930122  17     0     0          0.00        0.00        0.00          0.00
 930122  18     1     1          0.17        6.50        6.67          0.05
 930122  19     1     1          0.17        6.50        6.67          0.17
 930122  20     1     1          0.77       28.05       28.82          0.20
 930122  21     1     1          0.77       28.05       28.82          1.00
 930122  22     2     2          1.40       65.32       66.72          0.97
 930122  23     1     1          1.55       42.38       43.93          0.28
 930122  24     0     0          0.00        0.00        0.00          0.00
1
 
                   MAX
            TOTAL  SIM                MAXIMUM CPS                   CONNECT
 DATE  HOUR USERS USERS            IN         OUT       TOTAL         HOURS
 
 
 930123   1     2     1          1.62       70.70       72.32          0.90
 930123   2     5     3          3.18      189.72      192.90          2.08
 930123   3     3     2          2.55       88.87       90.88          1.33
 930123   4     2     2          0.83       60.87       61.70          0.43
 930123   5     2     1          1.63       11.30       12.93          0.17
 930123   6     3     1          2.10       48.12       50.22          0.72
 930123   7     0     0          0.00        0.00        0.00          0.00
 930123   8     0     0          0.00        0.00        0.00          0.00
 930123   9     0     0          0.00        0.00        0.00          0.00
 930123  10     0     0          0.00        0.00        0.00          0.00
 930123  11     1     1          1.38       10.40       11.78          0.03
 930123  12     1     1          1.38       10.40       11.78          0.33
 930123  13     1     1          1.07       33.43       34.50          0.35
 930123  14     1     1          1.07       33.43       34.50          1.00
 930123  15     1     1          1.07       33.43       34.50          0.88
 930123  16     1     1          1.23       75.70       76.93          0.03
 930123  17     1     1          1.27      122.92      124.18          0.07
 930123  18     1     1          1.67       22.17       23.83          0.25
 930123  19     1     1          1.67       32.45       34.12          0.65
 930123  20     2     2          8.83      131.83      140.67          1.08
 930123  21     1     1          1.67       32.45       34.12          1.00
 930123  22     1     1          1.67       32.45       34.12          1.00
 930123  23     1     1          1.67       32.45       34.12          1.00
 930123  24     4     2          3.00       97.53      100.53          0.88
1
 
                   MAX
            TOTAL  SIM                MAXIMUM CPS                   CONNECT
 DATE  HOUR USERS USERS            IN         OUT       TOTAL         HOURS
 
 
 930124   1     4     3          7.07      248.72      255.78          2.30
 930124   2     2     2          5.82      112.92      118.73          1.32
 930124   3     2     2          6.32      133.07      139.38          1.22
 930124   4     1     1          4.83       77.92       82.75          0.85
 930124   5     0     0          0.00        0.00        0.00          0.00
 930124   6     0     0          0.00        0.00        0.00          0.00
 930124   7     0     0          0.00        0.00        0.00          0.00
 930124   8     0     0          0.00        0.00        0.00          0.00
 930124   9     0     0          0.00        0.00        0.00          0.00
 930124  10     0     0          0.00        0.00        0.00          0.00
 930124  11     0     0          0.00        0.00        0.00          0.00
 930124  12     0     0          0.00        0.00        0.00          0.00
 930124  13     1     1          0.83       37.28       38.12          0.63
 930124  14     2     2          3.03      165.07      168.10          1.03
 930124  15     2     2          3.48       79.57       83.05          1.17
 930124  16     1     1          2.65       42.28       44.93          0.23
 930124  17     0     0          0.00        0.00        0.00          0.00
 930124  18     1     1          1.10       21.62       22.72          0.97
 930124  19     3     3          6.88      170.32      177.20          2.62
 930124  20     4     4          7.68      253.42      261.10          3.23
 930124  21     3     3          6.88      170.32      177.20          2.07
 930124  22     1     1          1.10       21.62       22.72          0.23
 930124  23     3     1          3.07       84.48       85.08          0.45
 930124  24     1     1          1.45       66.02       67.47          0.55
1     MAXIMUM OF MAXIMUM SIMULTANEOUS USERS
 
 
                   MAX
            TOTAL  SIM                MAXIMUM CPS                   CONNECT
 DATE  HOUR USERS USERS            IN         OUT       TOTAL         HOURS
 
 930121   4     5     4          4.77      289.80      293.35          3.28
 
 
     MAXIMUM OF CONNECT HOURS
 
 
                   MAX
            TOTAL  SIM                MAXIMUM CPS                   CONNECT
 DATE  HOUR USERS USERS            IN         OUT       TOTAL         HOURS
 
 930121   4     5     4          4.77      289.80      293.35          3.28
1
  