 7.20    8.67    13.44    18.12    54.73    71.12    1094.70     209  ANN ARBOR
  .01     .18     5.00   100.00      .01      .18        .18    1505  PROVO
14.32   20.02    11.48    13.53   125.14   170.40    2502.77    1612  800#
  .16    1.00    23.10   100.00      .34     2.15       6.79    2193  KNOXVLE
14.02   23.37    12.22    15.42   115.90   155.32    2318.07    2315  SAN FRAN
 3.00    3.98    13.79    18.60    22.52    33.13     450.41    2359  UNION CTY
  .41    1.30    46.99   100.00      .88     3.62      17.50    2565  FAIRFLD
 5.73    8.82    15.57    23.83    37.80    57.92     755.96    2605  SACRAMNTO
 8.82   13.68    12.75    15.91    69.05    87.17    1380.98    2688  CINCI
  .00     .00      .00      .00      .00      .00        .00    2771  REDDING
  .03     .35    25.00   100.00      .03      .35        .57    2907  PRT HUNME
  .14     .98    24.68   100.00      .39     4.60       7.70    3317  GLEN ELYN
  .24     .78    64.50   100.00      .32     1.08       6.30    3521  ST CLOUD
  .00     .00      .00      .00      .00      .00        .00    4064  CTDRL CTY
13.30   16.83    11.42    13.44   116.98   161.93    2339.67    4210  DALLAS
 1.89    4.13    15.97    22.77    12.22    29.38     244.43    4291  PROVDENC
  .00     .00      .00      .00      .00      .00        .00    4298  MOORPRK
 4.96    6.68    14.45    18.81    34.20    40.03     684.01    4342  MEMPHIS
 6.16    8.33    13.64    20.22    46.85    82.35     937.00    4401  BRMINGHAM
 1.52    2.55    18.93    27.14     8.54    14.63     170.71    4418  CALGARY
  .27     .95    70.32   100.00      .43     1.55       8.69    4523  S SN FRN
 3.04    4.58    13.71    17.95    22.52    38.52     450.35    4573  ORLANDO
 1.85    3.52    18.19    36.36    11.66    26.18     233.21    4617  BTLE CRK
 7.31    9.32    13.28    16.33    55.19    66.07    1103.86    4676  TORONTO
24.35   28.55    11.53    12.33   211.28   246.13    4225.51    4686  CHICAGO
  .31    1.00    18.09   100.00     2.96    23.32      59.21    4703  WORCHSTR
 8.76    9.77    10.88    12.47    80.79    93.93    1615.88    4773  CLEVELAND
12.86   17.48    12.03    14.32   107.43   153.93    2148.68    4789  NEWARK
20.21   29.93    15.27    80.36   360.70   325.17    7214.08          NEW YORK
 8.35   21.82    35.17   100.00   152.83   195.22    3056.69          FAIRFAX
 6.84    9.32    12.41    17.21    55.29    72.88    1105.84    4871  MINN
 5.06    6.58    12.58    15.85    40.57    59.98     811.43    5017  DENVER
  .00     .00      .00      .00      .00      .00        .00    5153  DIMND BR
  .19     .48    59.11   100.00      .30      .90       5.98    5170  WNSTN SLM
  .07     .38    23.80   100.00      .12      .55       2.40    5338  BUFFALO
  .02     .35    10.00   100.00      .02      .35        .43    5569  VISTA
  .06     .27    62.67   100.00      .07      .27       1.43    5632  SN CLMNTE
 1.48    2.33    14.87    20.64    10.39    19.82     207.70    5798  JACKVILLE
 7.34   11.40    12.90    17.70    57.73    81.48    1154.64    6231  SEATTLE
11.56   14.77    10.86    13.58   107.09   143.32    2141.79    6232  NWPRTBCH
 8.51   11.53     9.54    12.20    89.68   106.47    1793.68    6233  SAN JOSE
 7.33   10.38    14.14    19.40    51.97    69.18    1039.38    6239  BALTIMORE
 1.00    1.88    33.78    60.00     3.70     6.87      74.06    6348  PENNSAUKN
  .18     .52    54.13   100.00      .30     1.23       6.00    6423  FRESNO
16.68   21.73    12.04    14.68   139.29   180.85    2785.75    6448  VERNON
14.34   16.22    11.76    13.98   123.20   167.58    2464.06    6646  HOUSTON
  .57    1.33    38.08    64.29     1.72     5.85      34.41    6805  DAYTON
 3.43    5.78    12.88    17.33    26.97    36.35     539.34    6939  NASHVILLE
 1.93    3.40    16.62    22.98    11.88    21.67     237.54    6942  TULSA
 3.67    5.95    13.67    22.42    27.16    37.10     543.17    7272  WALNT CRK
  .00     .07     5.00   100.00      .00      .07        .07    7380  OMAHA
 1.21    3.48    36.02    75.79     3.61     7.80      72.14    7725  TALLAHASE
  .05     .45    16.26   100.00      .06      .52       1.15    8073  FT WRTH
 5.58    7.42    14.26    20.88    39.79    59.67     795.80    8114  HAZELWD
  .15    1.00    12.48   100.00      .66     5.57      13.28    8234  MOBILE
 5.58    8.05    12.62    17.25    44.80    66.92     896.00    8579  PHOENIX
15.19   18.10    12.56    15.48   121.21   133.58    2424.12    8702  DETROIT
 6.46    7.67    11.99    13.68    54.37    71.40    1087.38    8754  COLUMBUS
 6.57    8.27    11.13    14.42    60.23    73.17    1204.57    8951  BLOOMFLD
 4.66    5.72    12.05    16.92    39.75    54.52     795.00    9032  SAN DIEGO
 1.99    3.32    14.02    26.96    15.49    30.37     309.71    9074  GRENVLLE
14.05   28.73    15.17    43.05   284.90   332.17    5698.05          BOSTON
12.25   16.03    11.85    15.89   104.71   140.77    2094.21    9791  DORAVLLE
 5.12    7.85    14.64    19.31    35.11    47.07     702.24    9792  MIAMI
 7.09   10.43    14.12    16.80    50.21    64.92    1004.26    9855  SOUTHFLD
 8.97   12.70    11.14    15.67    80.78   103.75    1615.63    9858  OAKLAND
 5.85    8.12    14.20    18.64    41.26    53.08     825.22    9872  GRND RPDS
  .29    1.20    40.48   100.00     1.03     5.50      20.53   10002  TUCSON
  .07     .72    13.78   100.00      .14     1.28       2.73   10100  COLO SPRG
  .50    1.00    57.60   100.00     1.13     5.05      22.63   10423  ALBANY
  .09     .62    20.51   100.00      .13     1.25       2.64   10563  SPOKANE
 2.39    3.68    16.11    23.75    15.52    27.95     310.47   10691  LTTL ROCK
 2.27    4.37    17.08    33.02    13.92    29.72     278.49   10873  NEW ORLNS
12.12   19.18    12.94    16.85    94.83   155.87    1896.67   10902  PHLDLPHIA
 1.93    3.90    16.56    25.51    12.09    19.33     241.73   11037  NEW HAVEN
 4.31    5.80    12.31    18.74    35.60    44.70     711.97   11136  PORTLAND
 4.13    6.78    14.00    17.44    29.72    42.75     594.47   11148  PITTSBRGH
 1.29    2.10    20.49    30.54     6.77    12.18     135.33   11149  CLRWATER
  .48     .95    36.30    73.08     1.41     3.40      28.23   11419  CORPUS CR
 3.90    5.53    14.08    18.99    27.77    33.35     555.32   11556  TAMPA
 4.74    6.12    13.47    17.23    35.56    48.07     711.12   11588  INDIANPLS
 3.98    7.20    13.27    20.49    30.42    46.95     608.35   11608  SLT LK CT
 3.67    5.03    11.58    15.75    32.07    43.13     641.36   11612  HEMPSTEAD
 5.80    7.58    12.38    16.99    47.66    62.75     953.14   11644  S BRUNSWK
 2.50    4.37    15.14    21.65    16.82    32.97     336.45   11662  OTTAWA
 4.84    5.75    12.62    16.60    38.94    52.12     778.81   11666  PITTSFORD
 5.84    7.17    10.66    15.16    56.39    81.62    1127.81   11708  NORRISTWN
 2.17    3.57    17.45    23.42    12.75    23.78     254.90   11717  ST LRENT
 1.56    2.62    15.30    23.84    10.54    18.03     210.76   11739  COLTON
 6.80    8.48    11.27    14.60    61.00    83.58    1219.97   11741  WHITE PLS
 4.74    5.88    14.68    19.56    32.88    45.43     657.63   11746  MISSION
 6.69    8.97    11.83    15.46    56.81    75.23    1136.24   11753  BROOKFLD
 3.72    6.02    11.12    16.66    34.43    61.32     688.68   11803  AUSTIN
 5.28    7.85    12.62    22.32    43.10    64.67     862.07   11808  REDWD CTY
 2.45    4.37    14.51    19.22    17.45    40.60     348.96   11809  FT LAUDER
 2.17    3.48    17.85    21.63    12.51    21.55     250.19   11810  OK CITY
 2.52    4.62    16.75    25.82    14.97    21.05     299.31   11811  SAN ANTNO
 3.39    4.00    11.76    23.97    30.45    42.90     609.07   11817  STAMFORD
 4.53    5.72    12.18    15.99    37.66    50.83     753.11   11823  CHARLOTTE
 1.11    2.13    21.71    28.42     5.31    10.12     106.16   11976  HUNTSVLLE
  .00     .00      .00      .00      .00      .00        .00   12421  SNT BRBRA
  .00     .00      .00      .00      .00      .00        .00   13633  VISALIA
  .54    1.47    51.12   100.00     1.81     5.88      36.13   13919  EL SEGNDO
  .39    2.03    59.69   100.00     2.16    18.08      43.24   13951  ALHAMBRA
  .06     .55    17.39   100.00      .09     1.15       1.75   14530  WACO
  .34    1.07    53.11    91.67     1.09    11.40      21.87   14836  MANCHSTR
                                                    85427.17          TY96BD TOT
