 7.86    9.92    12.91    20.33    61.79    85.97    1421.10     209  ANN ARBOR
  .12     .62    39.63   100.00      .15      .90       3.47    1505  PROVO
13.91   19.97    21.80    29.08    71.08   154.30    1634.95    1612  800#
  .18     .95    26.83   100.00      .34     1.68       7.73    2183  SAN RAF
  .57    1.00    36.22    66.67     1.80     3.90      41.45    2193  KNOXVLE
15.79   20.80    11.46    16.83   140.12   190.52    3222.81    2315  SAN FRAN
 3.19    4.00    13.49    17.17    23.78    33.78     546.84    2359  UNION CTY
  .59    1.27    27.71   100.00     2.04     8.88      46.96    2565  FAIRFLD
 8.26   11.40    14.17    21.16    59.01    79.57    1357.13    2605  SACRAMNTO
10.99   15.20    12.31    15.99    89.74   114.63    2063.94    2688  CINCI
  .76    2.00    48.54   100.00     2.24     7.27      51.48    2754  BURBANK
  .00     .02    11.74   100.00      .01      .08        .15    2771  REDDING
  .61    2.73    56.91   100.00     1.86    13.10      42.79    2907  PRT HUNME
 1.03    1.95    22.14    37.62     5.46    14.35     125.52    3317  GLEN ELYN
  .36    1.00    64.65   100.00      .66     4.03      15.09    3521  ST CLOUD
  .06     .68    15.39   100.00      .08      .85       1.79    4064  CTDRL CTY
13.87   17.68    10.89    12.72   128.35   186.67    2951.95    4210  DALLAS
 2.43    3.68    14.13    20.46    17.79    31.35     409.23    4291  PROVDENC
  .00     .00      .00      .00      .00      .00        .00    4298  MOORPRK
 5.00    6.20    13.38    16.04    37.54    51.15     863.52    4342  MEMPHIS
 6.02    9.42    13.83    18.11    43.98    63.73    1011.57    4401  BRMINGHAM
 1.51    2.97    22.51    47.62     7.49    16.40     172.24    4418  CALGARY
  .06     .68    33.18   100.00      .12     1.73       2.70    4455  CHATTNGA
 1.25    4.40    31.16    92.31     5.80    21.75     133.39    4523  S SN FRN
 3.98    5.55    13.08    17.96    30.68    40.83     705.72    4573  ORLANDO
 2.75    4.48    17.92    25.49    16.58    32.97     381.32    4617  BTLE CRK
 8.94   12.23    12.63    15.06    71.14    92.88    1636.32    4676  TORONTO
23.86   30.68    11.06    13.13   216.73   284.55    4984.68    4686  CHICAGO
  .58    1.58    38.33   100.00     3.60    12.13      82.77    4703  WORCHSTR
 8.90    9.93    10.52    12.10    84.82   100.20    1950.75    4773  CLEVELAND
16.32   19.58    11.76    14.71   139.63   168.55    3211.39    4789  NEWARK
21.37   29.75    14.61    30.43   390.08   356.33    8971.79          NEW YORK
11.24   27.98    21.28   100.00   205.45   257.43    4725.37          FAIRFAX
 8.98   13.42    11.40    15.59    78.96    99.25    1816.11    4871  MINN
 6.43    8.62    11.45    16.01    56.26    67.70    1294.01    5017  DENVER
  .43    2.00    69.64   100.00     1.11    11.00      25.56    5153  DIMND BR
  .21     .58    49.81   100.00      .40     1.20       9.28    5170  WNSTN SLM
  .83    1.68    33.33    61.54     3.21     7.35      73.88    5338  BUFFALO
  .39    1.73    55.88   100.00      .83     3.57      19.02    5569  VISTA
  .75    3.13    48.27   100.00     2.83    17.40      65.12    5632  SN CLMNTE
 1.58    2.97    16.36    27.27     9.71    15.92     223.31    5798  JACKVILLE
  .63    1.27    39.56   100.00     2.01     6.60      46.21    5881  RICHMND
10.12   12.57    11.91    14.73    85.32   100.52    1962.28    6231  SEATTLE
12.94   15.50    10.64    14.34   124.07   162.42    2853.50    6232  NWPRTBCH
 8.88   11.12     8.80    10.52   101.20   119.75    2327.68    6233  SAN JOSE
 7.39    9.67    13.05    15.72    56.90    73.27    1308.75    6239  BALTIMORE
  .00     .00      .00      .00      .00      .00        .00       0  VANCOUVER
  .03     .43     8.20   100.00      .06      .80       1.46    6277  FREMONT
 1.56    2.87    22.37    44.36     8.12    16.07     186.77    6348  PENNSAUKN
  .33     .85    61.74   100.00      .53     1.35      12.14    6423  FRESNO
17.33   20.70    11.96    15.11   145.56   168.10    3347.85    6448  VERNON
  .62    1.73    33.92   100.00     2.26    10.52      52.04    6587  BEDFORD
13.21   17.08    12.35    14.53   107.24   142.03    2466.53    6646  HOUSTON
 1.32    2.98    23.07    41.22     6.18    16.12     142.12    6805  DAYTON
  .35    1.00    25.26   100.00     1.42     5.65      32.63    6822  GARY
 5.47    7.32    12.17    17.55    45.27    74.32    1041.16    6939  NASHVILLE
 1.65    2.90    16.83    36.39    10.97    29.75     252.42    6942  TULSA
 4.68    7.15    11.70    19.09    41.15    61.02     946.45    7272  WALNT CRK
  .57    1.08    30.26    48.89     2.04     5.32      46.96    7380  OMAHA
 1.00    1.40    16.82    29.79     6.73    11.95     154.88    7725  TALLAHASE
  .01     .32     4.35   100.00      .01      .32        .32    7840  LAKELND
  .77    2.00    37.09    84.62     2.55     9.72      58.55    8073  FT WRTH
 6.16    7.95    13.50    17.68    46.11    64.68    1060.42    8114  HAZELWD
  .46    1.02    69.11   100.00      .76     1.98      17.55    8234  MOBILE
 6.45    8.50    12.36    17.52    52.62    71.13    1210.35    8579  PHOENIX
17.09   19.43    12.47    14.26   137.65   170.82    3166.03    8702  DETROIT
 6.41    6.95    10.63    13.08    61.06    76.37    1404.44    8754  COLUMBUS
 6.46    8.03    11.52    14.97    56.79    82.67    1306.27    8951  BLOOMFLD
 5.69    7.75    11.22    15.77    53.14    94.03    1222.13    9032  SAN DIEGO
 2.97    3.90    11.70    17.65    26.38    37.40     606.78    9074  GRENVLLE
15.58   28.98    15.13    29.14   303.11   333.08    6971.49          BOSTON
13.02   16.35    10.49    12.37   124.55   152.27    2864.74    9791  DORAVLLE
 4.80    6.00    12.97    17.39    37.90    55.02     871.64    9792  MIAMI
 7.51    9.07    12.69    16.75    59.87    76.60    1377.09    9855  SOUTHFLD
 8.71   11.63    10.94    16.54    80.55   106.02    1852.65    9858  OAKLAND
 7.24   10.22    13.37    17.60    54.33    65.17    1249.49    9872  GRND RPDS
  .30     .85    50.59   100.00      .63     2.37      14.46   10002  TUCSON
  .34    1.30    56.83   100.00      .58     2.22      13.45   10100  COLO SPRG
 1.55    2.87    19.84    28.71     8.21    15.92     188.92   10423  ALBANY
  .49    1.00    37.08    83.33     1.35     3.68      31.06   10563  SPOKANE
 3.34    4.82    14.42    20.09    23.37    33.10     537.42   10691  LTTL ROCK
 3.20    4.78    16.98    23.55    19.23    28.47     442.31   10873  NEW ORLNS
13.17   16.15    10.76    13.56   123.80   164.22    2847.41   10902  PHLDLPHIA
 2.89    4.27    15.66    25.05    18.83    31.95     433.20   11037  NEW HAVEN
 5.17    7.08    11.72    15.61    45.14    67.10    1038.13   11136  PORTLAND
 3.98    6.95    13.06    20.83    31.26    53.27     718.90   11148  PITTSBRGH
 1.88    4.18    12.91    19.57    15.02    29.40     345.38   11149  CLRWATER
  .26     .60    44.96   100.00      .62     1.92      14.19   11419  CORPUS CR
 3.09    4.72    13.01    19.14    24.19    36.58     556.30   11556  TAMPA
 5.20    7.22    13.31    16.95    39.07    49.57     898.64   11588  INDIANPLS
 3.79    4.75    14.10    21.25    27.60    38.83     634.77   11608  SLT LK CT
 3.93    6.48    11.07    15.56    35.96    44.53     827.04   11612  HEMPSTEAD
 6.32    8.75    12.82    18.51    49.59    67.43    1140.63   11644  S BRUNSWK
 2.65    3.70    12.22    16.69    22.37    33.05     514.44   11662  OTTAWA
 4.69    5.57    13.05    19.46    36.26    44.48     833.93   11666  PITTSFORD
 5.23    7.73    11.33    14.29    46.23    63.52    1063.24   11708  NORRISTWN
 2.44    3.40    16.05    21.05    15.31    21.15     352.05   11717  ST LRENT
 2.02    3.02    14.15    20.09    14.51    22.18     333.63   11739  COLTON
11.77   14.72    12.29    15.38    97.23   123.68    2236.37   11741  WHITE PLS
 6.11    8.07    15.10    18.48    40.67    57.07     935.46   11746  MISSION
 6.05    8.47    11.59    14.40    52.18    72.70    1200.13   11753  BROOKFLD
 3.88    5.47    10.82    15.81    37.11    62.43     853.53   11803  AUSTIN
 7.81   11.85    10.53    14.77    75.78   107.05    1742.90   11808  REDWD CTY
 2.77    3.73    12.61    18.71    22.85    34.27     525.46   11809  FT LAUDER
 2.30    3.53    15.19    20.71    15.34    24.72     352.91   11810  OK CITY
 2.86    5.15    16.04    20.77    18.04    29.32     415.01   11811  SAN ANTNO
 2.70    3.90    12.71    16.71    21.54    33.02     495.32   11817  STAMFORD
 4.94    5.95    12.08    17.24    41.54    56.88     955.42   11823  CHARLOTTE
 1.00    1.77    19.64    26.89     5.21     7.55     119.73   11976  HUNTSVLLE
  .56    1.32    53.32   100.00     1.51     6.53      34.84   12421  SNT BRBRA
  .54    1.75    24.46    90.48     2.24     9.45      51.41   12525  LAS VEGS
  .00     .00      .00      .00      .00      .00        .00   12802  BISMARK
  .20    1.00    23.57   100.00      .37     2.13       8.62   13633  VISALIA
 1.62    3.13    20.92    30.74     8.71    19.85     200.32   13919  EL SEGNDO
 1.18    2.00    17.31    77.78     8.79    20.87     202.22   13951  ALHAMBRA
  .00     .00      .00      .00      .00      .00        .00   14166  LAWRNC
  .38    1.65    34.04   100.00      .88     4.60      20.28   14530  WACO
  .01     .13    18.12   100.00      .02      .27        .39   14748  SAN ANGL
  .61    1.78    40.65    89.36     2.06     9.37      47.42   14836  MANCHSTR
  .06     .42    36.91   100.00      .07      .45       1.70   15172  SIOX FLS
 1.11    2.50    28.22   100.00     5.80    12.80     133.32   16231  RANDLPH
  .00     .00      .00      .00      .00      .00        .00       0  MANKATO
                                                    *****.**          TY96BD TOT
    