  .00     .00      .00      .00      .00      .00        .00     167  TYLER
  .20     .90    37.26    83.08      .35     1.15      10.95     169  WRNR ROB
  .85    1.15    35.49    72.29     2.83     6.57      87.82     174  SLO
 6.23   11.08    14.48    23.30    46.58    82.07    1444.03     209  ANN ARBOR
 1.38    3.48    27.84   100.00     9.13    36.20     282.96    1168  RCK ISLAND
  .87    1.80    38.16    70.00     2.82     7.35      87.33    1252  RED BANK
  .42    1.17    49.82   100.00     1.09     4.53      33.89    1505  PROVO
 9.17   16.30    12.84    26.27    59.55   134.48    1846.13    1612  800#
 1.29    2.42    27.59    94.74     6.69    17.93     207.28    2082  LOWELL
 1.09    2.38    21.59    50.00     5.87    17.12     182.05    2183  SAN RAF
  .78    1.67    24.37    69.39     3.87    10.18     119.92    2193  KNOXVLE
  .98    2.22    41.17   100.00     3.28    10.37     101.62    2212  TACOMA
  .00     .00      .00      .00      .00      .00        .00    2264  BRDGPRT
  .41    1.10    32.41   100.00     1.16     2.95      36.06    2299  FREELAND
12.68   28.70    12.01    20.52   115.12   210.30    3568.84    2315  SAN FRAN
 3.39    6.27    16.49    50.00    23.65    52.95     733.27    2359  UNION CTY
 1.05    2.12    31.43    80.65     3.99    10.17     123.61    2565  FAIRFILD
 7.64   13.13    13.73    18.65    56.43    95.90    1749.33    2605  SACRAMNTO
 8.78   16.58    14.17    26.30    69.70   144.05    2160.77    2688  CINCI
 1.29    2.37    20.89    35.67     7.15    14.17     221.64    2754  BURBNK
  .23     .77    49.42   100.00      .39     1.90      12.03    2771  REDDING
  .74    1.82    48.85   100.00     2.11     5.43      65.56    2907  PORT HUN
 2.68    4.82    15.87    38.13    18.93    33.38     586.81    3317  GLEN ELLN
  .10    1.02    34.97   100.00      .15     1.70       4.77    3521  ST CLD
  .00     .00      .00      .00      .00      .00        .00    3651  EUREKA
  .67    1.43    30.22    66.13     2.67    10.70      82.70    3765  MADISON
 1.01    4.10    34.25   100.00     5.15    26.27     159.51    3882  SAVNNAH
  .07     .73    20.75   100.00      .10     1.70       3.05    4064  CATH CITY
14.51   24.38    10.66    16.27   132.99   208.13    4122.66    4210  DALLAS
  .44    1.00    47.39   100.00     1.11     5.37      34.31    4211  CRSN CITY
 2.63    4.88    15.90    36.51    19.38    50.23     600.80    4291  PROVDENC
  .62    1.18    42.46   100.00     1.68     5.45      52.19    4298  MOORPRK
 4.61    7.23    14.19    34.68    35.91    61.97    1113.22    4342  MEMPHIS
 2.68    4.68    19.69    55.00    16.34    44.40     506.57    4358  LNG BCH
 4.79    8.22    14.25    27.45    36.17    63.88    1121.24    4401  BRMINGHAM
 1.94    3.40    20.13    37.87    11.36    21.02     352.29    4418  CALGARY
 1.26    2.70    28.86   100.00     6.69    23.53     207.41    4455  CHATTNGA
  .63    1.20    40.96    91.67     1.93     8.63      59.98    4492  GADSDEN
  .96    2.32    31.43    86.15     4.05     9.83     125.44    4523  S SN FRN
 3.62    5.85    11.90    23.14    33.03    60.38    1023.87    4573  ORLANDO
 1.35    3.02    23.00    38.03     6.54    16.43     202.66    4617  BTLE CRK
 6.93   15.07    13.59    25.97    55.83   123.07    1730.83    4676  TORONTO
18.30   29.08    10.55    13.25   168.17   270.35    5213.26    4686  CHICAGO
 1.82    3.57    21.06    81.82    10.76    29.17     333.63    4703  WORCHSTR
 7.12   13.13    13.64    20.92    56.01    97.70    1736.39    4773  CLEVELAND
10.94   18.33    11.55    19.27    96.99   163.73    3006.68    4789  NEWARK
17.79   31.62    15.06   100.00   321.05   387.62    9952.53          NEW YORK
 9.65   28.37    29.13   100.00   180.10   284.18    5583.00          FAIRFAX
 8.73   14.13    10.67    16.87    84.87   142.70    2631.05    4871  MINN
 6.80   11.10    12.04    15.98    59.03    95.58    1829.85    5017  DENVER
  .19    1.62    24.20   100.00      .30     3.23       9.21    5107  LAS CRCES
  .63    1.03    59.03   100.00     1.37     5.42      42.50    5137  MODESTO
 1.67    2.55    19.19    35.10    10.48    24.92     324.84    5153  DMND BAR
 1.14    2.78    28.00    75.00     5.20    11.02     161.25    5170  WINS SALM
 1.30    2.95    28.06   100.00     5.75    14.55     178.25    5338  BUFFALO
  .59    1.82    36.64    86.49     1.90     5.87      59.01    5569  VISTA
  .85    1.85    39.86    85.25     2.84     8.00      88.09    5632  SAN CLMNT
  .18    1.25    32.42   100.00      .30     2.33       9.36    5736  BATN RGE
  .36    1.05    53.58   100.00      .79     3.23      24.58    5768  SALEM
 3.29    5.95    16.64    31.69    22.19    40.38     687.98    5798  JACKSNVLE
  .79    1.40    39.00   100.00     2.86     7.98      88.69    5870  STCKTON
 2.00    6.55    29.72    96.15     8.18    20.93     253.54    5881  RICHMND
  .67    2.10    43.13   100.00     2.46    14.75      76.18    5978  VALLEJO
  .53    1.00    56.48   100.00     1.20     4.65      37.29    6012  DURHAM
  .07     .50    29.67   100.00      .08      .70       2.51    6075  LANCSTER
 8.40   13.97    10.82    14.67    77.53   125.42    2403.51    6231  SEATTLE
10.31   14.72    10.18    12.40   100.96   158.48    3129.77    6232  NWPRTBCH
 8.97   13.50     9.44    14.62    98.19   169.22    3043.77    6233  SAN JOSE
 7.13   12.62    13.21    21.50    54.73   102.68    1696.53    6239  BALTIMORE
  .00     .00      .00      .00      .00      .00        .00       0  VANCVR
  .97    1.90    35.06   100.00     3.71    11.12     114.96    6277  FREMONT
 1.09    1.72    24.84    56.10     5.30    10.25     164.16    6280  PLSNTON
 1.28    2.58    23.55    50.57     5.97    12.83     185.20    6348  PENNSAUKN
  .78    1.88    38.65    86.21     2.56    13.95      79.37    6423  FRESNO
11.37   26.03    10.98    23.14    90.72   186.10    2812.26    6448  VERNON
  .10    1.00    18.42   100.00      .14     1.68       4.47    6476  BKRSFLD
  .45    1.00    49.59   100.00      .95     2.63      29.56    6530  LANSING
 1.35    4.42    23.94    48.51     7.39    27.80     228.98    6587  BEDFRD
  .45    1.00    48.21   100.00      .91     2.93      28.18    6623  MARLBRO
12.09   19.60    11.73    17.15   104.46   186.20    3238.33    6646  HOUSTON
  .56    1.22    44.43   100.00     1.78     4.77      55.21    6822  GARY
 1.32    2.32    23.64    79.37     7.32    13.20     227.07    6805  DAYTON
  .84    1.82    39.16   100.00     3.05     7.27      94.69    6929  LOUSVILLE
 4.65    9.00    13.81    31.90    37.28    65.13    1155.61    6939  NASHVILLE
 1.17    2.12    28.35    72.16     5.18    10.32     160.45    6942  TULSA
  .38     .95    44.65    84.62     1.03     4.85      31.89    7010  EL PASO
  .37    1.00    43.42   100.00      .98     4.28      30.32    7221  BOISE
 5.52    8.58    11.84    23.97    49.38    82.02    1530.74    7272  WLNUT CRK
  .64    2.30    36.86   100.00     2.53     8.77      78.52    7380  OMAHA
  .17    1.10    48.40   100.00      .38     3.52      11.73    7413  CANTON
  .43    1.02    42.27   100.00     1.23     8.30      38.23    7423  MONTREY
 1.15    1.85    23.00    48.05     5.77    11.32     178.84    7556  SNTA CRZ
  .89    1.93    37.87   100.00     3.43    14.45     106.44    7725  TALLAHASE
  .11    1.03    35.73   100.00      .28     3.90       8.62    7840  LAKLND
  .42    1.00    37.56   100.00     1.24     5.68      38.31    7863  ROANOKE
 1.13    2.42    30.13   100.00     5.15    13.10     159.71    7931  FRT WYNE
  .30    1.00    47.81   100.00      .70     4.00      21.71    7948  SALINAS
  .38    1.00    45.42   100.00      .99     3.08      30.76    8026  BTHLEM
 1.66    3.40    17.07    33.59    10.47    28.75     324.55    8073  FT WORTH
  .90    1.93    27.47   100.00     4.01     9.33     124.37    8234  MOBILE
  .35    1.28    47.20   100.00      .70     2.78      21.56    8388  LINCOLN
  .67    1.53    35.37   100.00     2.08     5.52      64.45    8429  SPRNGFLED
 6.29   11.78    11.92    21.87    55.78    96.60    1729.33    8579  PHOENIX
  .00     .10     3.23   100.00      .00      .10        .10    8670  SHRVPRT
13.69   24.07    14.15    26.72   102.59   186.98    3180.29    8702  DETROIT
 1.59    6.82    10.25    51.26    20.48    44.12     634.85          COLUMBUS
 5.33    8.63    12.58    22.60    44.60    84.73    1382.65    8951  BLOOMFLD
 7.43   14.10    11.15    17.14    73.31   128.95    2272.60    9032  SAN DIEGO
 2.25    3.93    15.29    37.88    19.29    35.83     598.13    9074  GRENVLE
  .01     .10    11.98   100.00      .01      .12        .28    9455  GREENBY
14.13   30.20    20.75   100.00   260.73   334.60    8082.61          BOSTON
11.73   18.92    11.79    16.10   104.09   180.68    3226.77    9791  DORAVLLE
 4.82    8.80    13.55    25.00    41.55    87.25    1287.90    9792  MIAMI
  .64    1.45    42.72   100.00     1.76     4.05      54.59    9823  ORMNDBCH
 6.08   11.00    13.67    27.59    48.92    91.55    1516.57    9855  SOUTHFLD
 7.63   13.08    10.91    15.64    72.16   131.27    2237.11    9858  OAKLAND
 6.50   11.33    18.71    88.24    48.81    93.25    1512.96    9872  GRND RPDS
  .06     .68    11.74    87.50      .09     1.07       2.71    9921  WCHTA FLS
  .00     .00      .00      .00      .00      .00        .00    9938  DOVER
  .53    1.00    30.02   100.00     2.07     4.93      64.14   10002  TUCSON
  .82    1.42    34.94   100.00     3.43    10.30     106.34   10100  COLO SPRS
 2.70    5.18    18.65    56.90    18.71    37.23     580.13   10423  ALBANY
 1.08    3.75    25.07    76.67     5.11    12.92     158.30   10563  SPOKANE
 2.37    4.15    14.65    23.50    17.23    28.70     534.25   10691  LTTL ROCK
 2.77    4.92    16.11    25.52    19.20    33.72     595.30   10873  NEW ORLNS
11.94   21.22    11.06    16.55   106.71   167.27    3308.00   10902  PHLDLPHIA
  .84    1.88    35.65   100.00     3.47    10.25     107.50   11001  NASHUA
 2.85    5.95    14.22    24.86    23.15    70.85     717.80   11037  NEW HAVEN
 4.59    7.28    12.36    20.55    39.85    81.50    1235.24   11136  PORTLAND
 4.34    7.53    14.90    25.29    33.26    58.07    1031.00   11148  PITTSBRGH
 2.05    3.18    15.75    32.27    14.81    26.70     458.98   11149  CLRWATER
  .69    1.53    30.90    60.71     2.57     9.35      79.60   11419  CORPUS CR
  .91    1.70    34.44   100.00     3.54     7.92     109.59   11454  TOLEDO
 4.06    7.18    15.64    28.40    29.89    61.13     926.53   11556  TAMPA
 5.96    9.47    13.44    20.53    46.80    78.17    1450.68   11588  INDIANPLS
 2.51    5.92    18.28    35.25    15.25    28.88     472.80   11608  SLT LK CT
 3.99    6.12    11.39    15.38    35.81    54.23    1110.25   11612  HEMPSTEAD
 5.71    9.80    15.23    24.69    40.17    69.70    1245.14   11644  S BRUNSWK
 2.50    5.25    13.85    22.40    18.80    38.68     582.67   11662  OTTAWA
 3.89    7.57    17.10    35.89    27.82    56.02     862.52   11666  PITTSFORD
 4.46    8.62    12.08    16.58    37.78    65.30    1171.28   11708  NORRISTWN
 2.85    6.02    21.40    81.82    19.09    35.13     591.84   11717  ST LRENT
 2.52    4.02    15.37    30.10    20.00    40.85     620.03   11739  COLTON
 8.19   13.62    11.70    15.53    71.64   108.50    2220.90   11741  WHITE PLS
 5.39   10.70    16.35    30.61    38.23    69.20    1185.11   11746  MISSION
 6.83   11.50    13.80    30.30    55.42    90.77    1717.87   11753  BROOKFLD
 3.38    5.57    11.83    21.72    30.80    56.18     954.85   11803  AUSTIN
  .59    1.80    37.20   100.00     1.70     6.60      52.65   11805  STH BEND
 5.33   10.73    10.23    12.87    51.18   102.55    1586.72   11808  REDWD CTY
 4.37    7.10    11.88    22.05    39.79    65.50    1233.52   11809  FT LAUDER
 2.42    4.75    18.82    54.27    14.48    26.87     448.73   11810  OK CITY
 2.20    4.43    23.47    69.57    13.26    27.42     411.16   11811  SAN ANTNO
 2.85    6.03    15.61    28.04    21.70    60.75     672.78   11817  STAMFORD
 5.18    8.60    17.90    42.86    41.23    75.75    1278.04   11823  CHARLOTTE
 3.62    5.98    16.66    47.00    29.18    52.58     904.55   11976  HUNTSVLLE
  .42    1.57    42.63   100.00     1.38     7.65      42.65   12421  SNT BRBRA
 1.18    2.08    20.16    53.47     6.45    14.52     200.05   12525  LAS VGS
  .01     .23     3.23   100.00      .01      .23        .23   12802  BISMRK
  .45    1.02    33.92   100.00     1.74     8.25      53.87   13633  VISALIA
 2.64    4.12    12.61    31.01    23.11    40.95     716.35   13919  EL SEGUND
 1.03    1.97    18.43    42.39     6.08    13.53     188.40   13951  ALHAMBRA
  .51    1.00    39.04   100.00     1.55     4.80      48.00   14301  KLMZOO
  .15     .70    39.39   100.00      .27     1.55       8.52   14530  WACO
  .10     .55    26.57   100.00      .16      .90       4.87   14748  SAN ANGLO
 1.21    2.38    22.80    37.37     6.08    14.15     188.47   14836  MANCHSTR
  .66    1.00    41.72    83.33     1.65     4.63      51.17   14911  LEMOYNE
  .40    1.00    48.61   100.00     1.19     5.17      36.93   15043  EUGENE
  .30     .73    39.74   100.00      .90     2.80      27.92   15172  SIX FLS
  .66    1.07    50.38   100.00     1.90     6.18      59.03   15583  PATTERSON
 2.08    6.02    25.12   100.00    14.56    42.53     451.36   16231  RANDLPH
 4.42    8.83    13.20    17.23    36.19    79.17    1121.93   16499  BRIDGTON
  .05     .70     4.34    47.83      .12     1.58       3.71   16735  LAWRENCE
  .08     .30    47.03   100.00      .14      .90       4.44   16741  MANKATO
  .35     .97    29.64   100.00      .90     1.97      27.96   16799  ATHENS
                                                    144746.47          TY96TL TOT
 