 5.01    8.67    17.28    40.50    36.98    71.12    1146.31     209  ANN ARBOR
  .01     .18     3.23   100.00      .01      .18        .18    1505  PROVO
10.43   20.02    12.83    26.35    89.51   170.40    2774.77    1612  800#
  .11    1.00    16.80   100.00      .23     2.15       7.07    2193  KNOXVLE
11.11   23.37    15.24    39.80    84.41   155.32    2616.74    2315  SAN FRAN
 2.28    3.98    20.63    63.51    15.74    33.13     487.82    2359  UNION CTY
  .42    1.30    45.45   100.00      .94     5.50      29.04    2565  FAIRFILD
 4.33    8.82    21.94    54.65    26.50    57.92     821.43    2605  SACRAMNTO
 6.09   13.68    17.16    55.56    46.51    87.17    1441.78    2688  CINCI
  .00     .00      .00      .00      .00      .00        .00    2771  REDDING
  .05     .83    27.77   100.00      .07     1.37       2.17    2907  PORT HUN
  .12     .98    24.51   100.00      .28     4.60       8.71    3317  GLEN ELLN
  .35    1.00    62.55   100.00      .60     2.62      18.60    3521  ST CLD
  .00     .05     3.23   100.00      .00      .05        .05    4064  CATH CITY
 9.73   16.83    11.66    19.30    85.43   161.93    2648.36    4210  DALLAS
 1.42    4.13    26.31    67.44     8.43    29.38     261.30    4291  PROVDENC
  .00     .00      .00      .00      .00      .00        .00    4298  MOORPRK
 3.46    6.68    25.79    77.78    22.71    40.03     704.01    4342  MEMPHIS
 4.89    8.33    14.57    25.28    36.72    82.35    1138.44    4401  BRMINGHAM
 1.21    2.55    25.24    63.38     6.21    14.63     192.45    4418  CALGARY
  .31    1.18    61.49   100.00      .51     2.47      15.93    4523  S SN FRN
 2.50    4.58    16.18    38.83    17.77    38.52     550.94    4573  ORLANDO
 1.49    3.52    23.86    66.67     8.56    26.18     265.35    4617  BTLE CRK
 5.25    9.32    15.68    33.33    38.83    66.07    1203.72    4676  TORONTO
17.44   28.55    11.21    12.76   152.88   246.13    4739.29    4686  CHICAGO
  .28    1.00    22.78   100.00     2.46    23.32      76.38    4703  WORCHSTR
 6.36    9.77    12.59    28.25    57.61    93.93    1785.98    4773  CLEVELAND
 9.49   17.48    11.88    14.85    79.77   153.93    2472.87    4789  NEWARK
13.99   29.93    17.40   100.00   249.90   325.17    7746.96          NEW YORK
 6.16   21.82    24.60   100.00   113.36   195.22    3514.15          FAIRFAX
 5.16    9.32    14.20    28.98    40.47    72.88    1254.59    4871  MINN
 3.98    6.58    14.48    28.89    30.55    59.98     947.05    5017  DENVER
  .03    1.00      .78    24.29      .13     4.12       4.12    5153  DMND BAR
  .17     .62    57.09   100.00      .26      .90       7.96    5170  WINS SALM
  .05     .38    15.35   100.00      .08      .55       2.40    5338  BUFFALO
  .01     .35     6.45   100.00      .01      .35        .43    5569  VISTA
  .06     .28    62.15   100.00      .08      .32       2.48    5632  SAN CLMNT
 1.24    2.33    20.16    54.26     7.88    19.82     244.23    5798  JACKSNVLE
  .22    1.00    24.87   100.00      .38     1.80      11.75    5881  RICHMND
 5.89   11.40    14.87    28.31    43.62    81.48    1352.22    6231  SEATTLE
 9.21   14.77    12.56    20.49    79.94   143.32    2478.15    6232  NWPRTBCH
 7.29   11.53    11.11    22.15    71.09   106.47    2203.82    6233  SAN JOSE
 5.19   10.38    16.30    30.34    36.11    69.18    1119.44    6239  BALTIMORE
 1.00    1.88    30.32    64.86     4.02     8.63     124.65    6348  PENNSAUKN
  .18     .52    57.06   100.00      .29     1.23       9.01    6423  FRESNO
12.85   21.73    13.78    25.20   101.82   180.85    3156.51    6448  VERNON
10.04   16.22    11.92    17.45    86.00   167.58    2666.07    6646  HOUSTON
  .41    1.33    29.13   100.00     1.18     5.85      36.43    6805  DAYTON
 2.65    5.78    18.25    71.79    19.79    36.35     613.56    6939  NASHVILLE
 1.61    3.40    23.85    57.14     8.81    21.67     273.25    6942  TULSA
 2.96    5.95    15.97    31.22    20.67    37.10     640.91    7272  WLNUT CRK
  .00     .07     3.23   100.00      .00      .07        .07    7380  OMAHA
 1.05    3.48    34.13   100.00     3.35     8.53     103.95    7725  TALLAHASE
  .05     .45    13.18   100.00      .08      .95       2.53    8073  FT WORTH
 4.02    7.42    22.73    92.68    27.93    59.67     865.92    8114  HAZELWD
  .10    1.00     8.05   100.00      .43     5.57      13.28    8234  MOBILE
 4.19    8.05    13.75    23.08    32.99    66.92    1022.76    8579  PHOENIX
10.34   18.10    14.72    31.22    81.76   133.58    2534.69    8702  DETROIT
 4.69    7.67    14.47    36.36    38.55    71.40    1195.19    8754  COLUMBUS
 5.14    8.27    11.13    14.42    47.37    73.17    1468.35    8951  BLOOMFLD
 3.83    5.72    14.85    32.75    29.83    54.52     924.63    9032  SAN DIEGO
 1.71    3.32    18.95    63.16    12.27    30.37     380.43    9074  GRENVLE
10.59   28.73    19.39   100.00   219.68   332.17    6810.21          BOSTON
 8.66   16.03    12.89    20.48    72.90   140.77    2259.76    9791  DORAVLLE
 3.72    7.85    17.94    40.66    24.48    47.07     758.90    9792  MIAMI
 5.13   10.43    15.88    35.32    35.51    64.92    1100.77    9855  SOUTHFLD
 7.26   12.70    12.25    25.31    63.34   103.75    1963.63    9858  OAKLAND
 4.11    8.12    20.32    85.71    28.11    53.08     871.37    9872  GRND RPDS
  .19    1.20    28.27   100.00      .67     5.50      20.68   10002  TUCSON
  .14    1.00    14.57   100.00      .48     5.13      14.93   10100  COLO SPRS
  .36    1.00    42.07   100.00      .77     5.05      23.89   10423  ALBANY
  .07     .62    14.32   100.00      .13     1.43       4.07   10563  SPOKANE
 1.79    3.68    21.53    58.40    10.88    27.95     337.32   10691  LTTL ROCK
 1.74    4.37    20.51    48.21    10.12    29.72     313.79   10873  NEW ORLNS
 8.76   19.18    13.29    22.36    68.74   155.87    2130.93   10902  PHLDLPHIA
 1.47    3.90    29.45   100.00     8.43    19.33     261.42   11037  NEW HAVEN
 3.50    5.80    12.77    18.74    28.33    44.70     878.30   11136  PORTLAND
 3.09    6.78    17.22    56.99    21.79    42.75     675.36   11148  PITTSBRGH
 1.04    2.10    25.95    66.67     4.96    12.18     153.86   11149  CLRWATER
  .40    1.00    42.54   100.00     1.05     3.40      32.51   11419  CORPUS CR
 2.91    5.53    16.54    28.23    19.99    33.35     619.60   11556  TAMPA
 3.39    6.12    18.11    41.88    24.37    48.07     755.44   11588  INDIANPLS
 3.20    7.20    14.36    29.09    24.06    46.95     745.90   11608  SLT LK CT
 3.30    5.03    12.23    21.16    27.96    43.13     866.68   11612  HEMPSTEAD
 4.43    7.58    13.36    25.26    35.67    62.75    1105.89   11644  S BRUNSWK
 2.16    4.37    16.14    23.12    13.98    32.97     433.29   11662  OTTAWA
 3.56    5.75    15.83    45.74    27.61    52.12     855.87   11666  PITTSFORD
 4.57    7.17    11.50    18.85    42.87    81.62    1329.02   11708  NORRISTWN
 1.76    3.57    27.93   100.00     9.25    23.78     286.60   11717  ST LRENT
 1.38    2.62    19.88    41.59     8.32    18.03     258.04   11739  COLTON
 5.56    8.48    13.22    23.59    46.74    83.58    1448.84   11741  WHITE PLS
 3.56    5.88    18.18    38.29    23.30    45.43     722.32   11746  MISSION
 4.95    8.97    13.99    29.19    40.70    75.23    1261.62   11753  BROOKFLD
 3.09    6.02    14.19    30.34    26.67    61.32     826.85   11803  AUSTIN
 4.17    7.85    13.48    24.35    32.91    64.67    1020.27   11808  REDWD CTY
 2.21    4.37    16.95    40.82    16.20    72.80     502.33   11809  FT LAUDER
 1.71    3.48    22.63    60.00     9.45    21.55     293.06   11810  OK CITY
 1.84    4.62    25.56    58.82    10.24    21.05     317.55   11811  SAN ANTNO
 2.50    4.00    24.86   100.00    20.65    42.90     640.19   11817  STAMFORD
 3.45    5.72    14.45    29.24    27.28    50.83     845.73   11823  CHARLOTTE
  .89    2.13    28.19   100.00     4.01    10.12     124.20   11976  HUNTSVLLE
  .00     .00      .00      .00      .00      .00        .00   12421  SNT BRBRA
  .00     .00      .00      .00      .00      .00        .00   13633  VISALIA
  .49    1.83    42.97   100.00     1.71     9.08      52.94   13919  EL SEGUND
  .35    2.03    54.51   100.00     1.72    18.08      53.38   13951  ALHAMBRA
  .04     .55    14.45   100.00      .06     1.15       1.80   14530  WACO
  .32    1.07    48.73    91.67      .98    11.40      30.26   14836  MANCHSTR
                                                    96824.78          TY96TL TOT
   