  .00     .00      .00      .00      .00      .00        .00     364  BLOOMFIELD
  .44    1.12    30.07    49.49     1.45     4.37      31.88    1104  PHLDLPHIA
  .25     .78    56.05   100.00      .50     2.02      11.10    1846  MISSION
  .00     .00      .00      .00      .00      .00        .00    2621  DENVER
  .06     .32    28.09   100.00      .08      .43       1.76    2622  VERNON
  .00     .00      .00      .00      .00      .00        .00    3167  DALLAS
  .00     .00      .00      .00      .00      .00        .00    3434  CLEVELAND
  .26     .53    63.95    93.33      .40      .73       8.81    3462  PITTSBRGH
  .17    1.00    66.95   100.00      .34     2.13       7.41    3752  NEWARK
  .00     .00      .00      .00      .00      .00        .00    5861  BALTIMORE
  .09     .50    26.91   100.00      .22     1.43       4.87    5965  VANCOUVER
  .00     .00      .00      .00      .00      .00        .00    6679  PORTLAND
  .00     .00      .00      .00      .00      .00        .00    7157  ST LRNT
  .00     .00      .00      .00      .00      .00        .00    7377  SAN FRAN
  .00     .00      .00      .00      .00      .00        .00    7609  TAMPA
  .00     .00      .00      .00      .00      .00        .00    7971  OAKLAND
  .77    1.63     8.69    18.16     8.69    14.23     191.19    8602  SAN DIEGO
  .01     .13     1.73    38.10      .02      .35        .35    8880  DORAVILLE
  .00     .00      .00      .00      .00      .00        .00    8881  BOSTON
  .90    2.95    25.22    41.82     3.46    10.82      76.22    8882  CHICAGO
  .00     .00      .00      .00      .00      .00        .00    8883  MIAMI
  .00     .00      .00      .00      .00      .00        .00    8884  NEW YORK
  .00     .00      .00      .00      .00      .00        .00    9341  FAIRFAX
  .00     .00      .00      .00      .00      .00        .00    9722  SACRAMNTO
  .00     .00      .00      .00      .00      .00        .00    9915  SEATTLE
 1.21    2.10    27.49    62.86     4.71     9.32     103.68   10439  DETROIT
  .00     .00      .00      .00      .00      .00        .00   10892  HOUSTON
  .00     .00      .00      .00      .00      .00        .00   11151  MINNPOLIS
  .30    1.18    38.69   100.00      .72     5.37      15.82   11153  SAN JOSE
  .00     .00      .00      .00      .00      .00        .00   11158  NWPRT BEA
  .00     .00      .00      .00      .00      .00        .00   11586  INDINAPLS
  .00     .00      .00      .00      .00      .00        .00   11609  SLT LK CT
  .00     .00      .00      .00      .00      .00        .00   11613  HEMPSTEAD
 1.17    1.88    31.60    70.91     5.93    16.90     130.54   11646  S BRUNSCK
  .00     .00      .00      .00      .00      .00        .00   11654  UNION CTY
  .00     .00      .00      .00      .00      .00        .00   11663  OTTAWA
  .00     .00      .00      .00      .00      .00        .00   11667  PITTSFORD
  .00     .00      .00      .00      .00      .00        .00   11742  CINCI
  .00     .00      .00      .00      .00      .00        .00   11744  PHOENIX
  .19     .68    17.76    60.00      .48     1.68      10.53   11754  BROOKFLD
  .02     .40     4.55   100.00      .02      .40        .40   11820  DAYTON
  .02     .23    16.17   100.00      .03      .40        .71   13117  TORONTO
  .00     .00      .00      .00      .00      .00        .00   16876  BRIDGETON
  .00     .00      .00      .00      .00      .00        .00       0  DUBLIN
                                                     2602.02          X24BD TOT
