  .00     .03     5.00   100.00      .00      .03        .03    1104  PHLDLPHIA
  .00     .00      .00      .00      .00      .00        .00    1846  MISSION
  .00     .00      .00      .00      .00      .00        .00    2106  SACRAMNTO
  .01     .05    12.50   100.00      .01      .05        .13    2621  DENVER
  .07    1.40     1.38    27.63      .25     5.07       5.07    2622  VERNON
  .71    1.05    27.93   100.00     4.16    15.47      83.28    3167  DALLAS
  .55    1.00    27.48   100.00     1.93     3.92      38.56    3282  OAKLAND
  .00     .00      .00      .00      .00      .00        .00    3389  BLOOMFLD
  .12     .82    38.03   100.00      .36     4.90       7.21    3397  SAN FRAN
  .00     .00      .00      .00      .00      .00        .00    3434  CLEVELAND
  .55    1.00    53.69   100.00     1.21     3.63      24.25    3462  PITTSBRGH
  .00     .00      .00      .00      .00      .00        .00    3752  NEWARK
  .00     .03    10.00   100.00      .00      .03        .05    5861  BALTIMORE
  .00     .00      .00      .00      .00      .00        .00    7609  TAMPA
  .01     .08    12.78   100.00      .01      .15        .20    8602  SAN DIEGO
  .03     .52    14.31   100.00      .03      .60        .66    8880  DORAVILLE
  .00     .02     5.00   100.00      .00      .02        .02    8881  BOSTON
  .12    1.00    12.53   100.00      .54     7.83      10.88    8882  CHICAGO
  .03     .35    14.20   100.00      .03      .42        .62    8883  MIAMI
  .98    2.00    42.46    95.45     2.50     5.88      50.08    8884  NEW YORK
  .10    1.00    14.37   100.00      .92    17.28      18.33    8885  FAIRFAX
  .00     .05    10.00   100.00      .00      .05        .08   10439  DETROIT
  .00     .00      .00      .00      .00      .00        .00   10892  HOUSTON
  .00     .00      .00      .00      .00      .00        .00   11134  PORTLAND
  .00     .00      .00      .00      .00      .00        .00   11151  MINNPOLIS
  .35    1.33    35.39   100.00      .72     3.60      14.45   11153  SAN JOSE
  .01     .08    14.00   100.00      .01      .08        .18   11155  HAZELWOOD
  .00     .05     8.00   100.00      .01      .08        .10   11158  NWPRT BEA
  .00     .00      .00      .00      .00      .00        .00   11161  SEATTLE
  .00     .00      .00      .00      .00      .00        .00   11609  SLT LK CT
  .00     .00      .00      .00      .00      .00        .00   11646  S BRUNSCK
  .00     .00      .00      .00      .00      .00        .00   11742  CINCI
  .00     .00      .00      .00      .00      .00        .00   11754  BROOKFLD
  .00     .00      .00      .00      .00      .00        .00   11820  DAYTON
                                                      254.18          X24BD TOT
