  .00     .00      .00      .00      .00      .00        .00     913  CHICAGO
  .28    1.53    32.71   100.00      .52     5.38      11.43     916  NEW YORK
  .00     .00      .00      .00      .00      .00        .00    1598  TAMPA
  .00     .00      .00      .00      .00      .00        .00    2449  SACRAMNTO
  .00     .00      .00      .00      .00      .00        .00    3775  NEWARK
  .00     .00      .00      .00      .00      .00        .00    4155  CLEVELAND
  .00     .00      .00      .00      .00      .00        .00    4555  BLOOMFLD
  .30    5.65    17.71   100.00      .39     6.78       8.50    5800  VERNON
  .00     .00      .00      .00      .00      .00        .00    6209  DALLAS
  .00     .00      .00      .00      .00      .00        .00    6238  BALTIMORE
  .00     .00      .00      .00      .00      .00        .00    6835  MISSION
  .00     .00      .00      .00      .00      .00        .00    6924  OAKLAND
  .00     .07     4.55   100.00      .00      .07        .07    7377  SAN FRAN
  .00     .00      .00      .00      .00      .00        .00    8115  BOSTON
  .02     .38     2.27    50.00      .04      .77        .77    8117  FAIRFAX
  .00     .00      .00      .00      .00      .00        .00    8855  SAN DIEGO
  .08     .95    14.00   100.00      .15     2.30       3.22    8996  DORAVILLE
  .00     .00      .00      .00      .00      .00        .00    8997  MIAMI
  .00     .00      .00      .00      .00      .00        .00    9725  PITTSBRGH
  .00     .10     3.03    66.67      .01      .15        .15    9838  PHLDLPHIA
  .00     .00      .00      .00      .00      .00        .00   10016  DENVER
  .00     .00      .00      .00      .00      .00        .00   10440  DETROIT
  .00     .00      .00      .00      .00      .00        .00   10893  HOUSTON
  .00     .00      .00      .00      .00      .00        .00   11135  PORTLAND
  .00     .00      .00      .00      .00      .00        .00   11152  MINNPOLIS
  .00     .00      .00      .00      .00      .00        .00   11154  SAN JOSE
  .90    2.08    38.16   100.00     3.45     9.48      75.99   11156  HAZELWOOD
  .00     .00      .00      .00      .00      .00        .00   11159  NWPRT BEA
  .00     .00      .00      .00      .00      .00        .00   11162  SEATTLE
  .00     .00      .00      .00      .00      .00        .00   11610  SLT LK CT
  .00     .00      .00      .00      .00      .00        .00   11645  S BRUNSWK
  .00     .10     4.55   100.00      .00      .10        .10   11743  CINCI
  .00     .00      .00      .00      .00      .00        .00   11755  BROOKFLD
  .00     .00      .00      .00      .00      .00        .00   11821  DAYTON
                                                      100.23          X96BD TOT
