  .00     .00      .00      .00      .00      .00        .00     913  CHICAGO
  .07     .83    10.14   100.00      .11     1.88       3.38     916  NEW YORK
  .00     .00      .00      .00      .00      .00        .00    1598  TAMPA
  .00     .00      .00      .00      .00      .00        .00    2449  SACRAMNTO
  .00     .00      .00      .00      .00      .00        .00    2576  VANCOUVER
  .00     .00      .00      .00      .00      .00        .00    3775  NEWARK
  .02     .33     7.19   100.00      .03      .50        .99    4155  CLEVELAND
  .00     .00      .00      .00      .00      .00        .00    4555  BLOOMFLD
  .00     .00      .00      .00      .00      .00        .00    5800  VERNON
  .00     .00      .00      .00      .00      .00        .00    6209  DALLAS
  .14     .80    36.72   100.00      .27     1.33       8.50    6238  BALTIMORE
  .00     .00      .00      .00      .00      .00        .00    6835  MISSION
  .00     .00      .00      .00      .00      .00        .00    6924  OAKLAND
  .00     .00      .00      .00      .00      .00        .00    7377  SAN FRAN
  .00     .00      .00      .00      .00      .00        .00    8115  BOSTON
  .00     .00      .00      .00      .00      .00        .00    8117  FAIRFAX
  .02     .22     9.86    92.86      .03      .38       1.01    8753  COLUMBUS
  .00     .00      .00      .00      .00      .00        .00    8855  SAN DIEGO
  .03     .30    20.18   100.00      .04      .33       1.10    8996  DORAVILLE
  .00     .00      .00      .00      .00      .00        .00    8997  MIAMI
  .00     .00      .00      .00      .00      .00        .00    9717  TORONTO
  .00     .00      .00      .00      .00      .00        .00    9725  PITTSBRGH
  .00     .00      .00      .00      .00      .00        .00    9838  PHLDLPHIA
  .00     .00      .00      .00      .00      .00        .00   10016  DENVER
  .00     .00      .00      .00      .00      .00        .00   10440  DETROIT
  .00     .00      .00      .00      .00      .00        .00   10893  HOUSTON
  .00     .00      .00      .00      .00      .00        .00   11135  PORTLAND
  .00     .00      .00      .00      .00      .00        .00   11152  MINNPOLIS
  .00     .03     3.23   100.00      .00      .03        .03   11154  SAN JOSE
  .00     .00      .00      .00      .00      .00        .00   11156  HAZELWOOD
  .00     .00      .00      .00      .00      .00        .00   11159  NWPRT BEA
  .00     .00      .00      .00      .00      .00        .00   11162  SEATTLE
  .00     .00      .00      .00      .00      .00        .00   11587  INDINAPLS
  .00     .00      .00      .00      .00      .00        .00   11610  SLT LK CT
  .00     .07     3.23   100.00      .00      .07        .07   11614  HEMPSTEAD
  .00     .00      .00      .00      .00      .00        .00   11645  S BRUNSWK
  .12    1.00     9.24    74.55      .24     2.67       7.38   11656  UNION CTY
  .00     .00      .00      .00      .00      .00        .00   11664  OTTAWA
  .00     .00      .00      .00      .00      .00        .00   11669  PITTSFORD
  .00     .00      .00      .00      .00      .00        .00   11719  ST LRENT
  .00     .08     2.69    83.33      .00      .10        .10   11743  CINCI
  .04    1.18     1.66    51.45      .07     2.30       2.30   11747  PHOENIX
  .00     .00      .00      .00      .00      .00        .00   11755  BROOKFLD
  .00     .02     3.23   100.00      .00      .02        .02   11821  DAYTON
                                                                                                      25          X96TL TOT
