4053779 337314153 7274  0 9127  09106011422         310         193          5039106011438     16 3 0475207MPVCUEDC                 18384 11       0       000   051730526600    30     930
4077665 337314153 5310  0 4147  09106011513         100          25          1259106011528     15 3 0 12636MPVCUFONE                18384 11       0       000   054777556880    10     911
4077682 337314253 6450  011572  09106011513         115         155          2709106011528     15 3 0475207MPVCUEDC                 18384 12       0       000   054779556970    10     918
4078433 33731434410163  0 8065  09106011514          61          69          1309106011515      0 3 0670162TSDUECR4                 18384 11       0       000   054869548920    00      23
4086743 337314153 7274  0 9127  09106011529         874        1141         20159106011551     23 3 0475207MPVCUEDC                 18384 11       0       000   055733570840    80    1351
4086838 337314253 5073  0 1203  09106011529         288          80          3689106011550     21 3 0 12636MPVCUFONE                18384 12       0       000   055743570230    30    1280
4100956 337314157 5220  0 6483  09106011558          46          20           669106011558      0 3 0504344TSDUCBUS                 18384 11       0       000   057477574860    00       9
4106235 337314253 5040  0  190  09106011608         252         249          5019106011623     15 3 0475207MPVCUEDC                 18384 12       0       000   058087590050    20     918
4106260 337314153 5073  0 1203  09106011608         177          50          2279106011633     24 3 0 12636MPVCUFONE                18384 13       0       000   058090595560    20    1466
4118591 337314153 5310  0 4147  09106011633         382         113          4959106011648     15 3 0 12636MPVCUFONE                18384 12       0       000   059565604900    30     925
4118595 33731425310413  0 8128  09106011633         667         581         12489106011712     39 3 0475207MPVCUEDC                 18384 13       0       000   059566618990    60    2333
4156607 33731415310053  011536  09106011745        1462        1888         33509106011828     43 3 0475207MPVCUEDC                 18384 11       0       000   063904665000   130    2596
4160346 337314253 7136  0  357  09106011752         360         107          4679106011820     28 3 0 12636MPVCUFONE                18384 11       0       000   064323659950    40    1672
4183206 33731415710164  0 8067  09106011836          51          20           719106011837      0 3 0670162TSDUECR4                 18384 11       0       000   066983669930    00      10
4186977 337314153 5040  0  190  09106011844         646         755         14019106011917     33 3 0475207MPVCUEDC                 18384 11       0       000   067437694010    60    1964
4187388 337314253 7136  0  357  09106011845         292          86          3789106011917     32 3 0 12636MPVCUFONE                18384 11       0       000   067483694040    30    1921
4193959 33731435710163  0 8065  09106011858          53          21           749106011858      0 3 0670162TSDUECR4                 18384 11       0       000   068258682750    00      17
1545387 337314153 6450  011572  09106011920         719         709         14289106011953     33 3 0475207MPVCUEDC                 18384 11       0       000   069571715790    70    2008
1545895 337314253 7716  0  363  09106011921         298          86          3849106011936     15 3 0 12636MPVCUFONE                18384 11       0       000   069635705530    30     918
1558641 337314253 5310  0 4147  09106011946          91          25          1169106012002     15 3 0 12636MPVCUFONE                18384 11       0       000   071182720940    10     912
1563596 337314153 5040  0  190  09106011956        1000        1051         20519106012105     69 3 0475207MPVCUEDC                 18384 11       0       000   071788759010    90    4113
1567032 337314253 5073  0 1203  09106012004         209          58          2679106012019     15 3 0 12636MPVCUFONE                18384 12       0       000   072210731220    20     912
1580981 337314253 7136  0  357  09106012032         390         110          5009106012113     41 3 0 12636MPVCUFONE                18384 11       0       000   073918763610    40    2443
1600571 337314153 7274  0 9127  09106012115         108          86          1949106012130     15 3 0475207MPVCUEDC                 18384 11       0       000   076496774110    10     915
1077986 337314153 5040  0  190  09106031939          98         157          2559106031955     15 3 0475207MPVCUEDC                 18384 11       0       000   070768716860    10     918
 400503 337314153 7136  0  357  09106031811          96          25          1219106031826     15 3 0 12636MPVCUFONE                18384 11       0       000   065465663770    10     912
 400529 33731425310053  011536  09106031811         115         156          2719106031826     15 3 0475207MPVCUEDC                 18384 12       0       000   065467663850    10     918
5246774 337314253 7345  0 5779  09106042038         362         412          7749106042053     15 3 0475207MPVCUEDC                 18384 11       0       000   074261751890    30     928
5249849 337314153 7136  0  357  09106042040         190          50          2409106042101     21 3 0 12636MPVCUFONE                18384 11       0       000   074403756750    20    1272
4472208 337314153 7274  0 9127  09106041752         111         157          2689106041808     15 3 0475207MPVCUEDC                 18384 11       0       000   064332652520    10     920
4491901 337314153 5073  0 1203  09106041808          97          25          1229106041823     15 3 0 12636MPVCUFONE                18384 11       0       000   065287661970    10     910
4612838 337314153 5040  0  190  09106041944         113         157          2709106041959     15 3 0475207MPVCUEDC                 18384 11       0       000   071018719380    10     920
4665899 337314153 7716  0  363  09106042024          89          25          1149106042040     15 3 0 12636MPVCUFONE                18384 11       0       000   073469743810    10     912
 830027 337314153 7345  0 5779  09106051729         328         354          6829106051745     15 3 0475207MPVCUEDC                 18384 11       0       000   062960638860    30     926
 852823 337314153 6450  011572  09106051747         112          26          1389106051802     15 3 0475207MPVCUEDC                 18384 11       0       000   064026649390    10     913
3158018 337314257 2215  011621  09106062041         106          41          1479106062041      1 3 0670162TSDUECR4                 18384 11       0       000   074439744720    00      33
3158490 337314353 7667  0 8921  09106062041         268          51          3199106062109     28 3 0 12636MPVCUFONE                18384 12       0       000   074456761640    20    1708
3176413 337314153 7345  0 5779  09106062054         222         241          4639106062112     18 3 0475207MPVCUEDC                 18384 11       0       000   075247763240    20    1077
2376070 337314153 7345  0 5779  09106061752         237         322          5599106061808     15 3 0475207MPVCUEDC                 18384 11       0       000   064335652550    20     920
2376185 337314253 7716  0  363  09106061752          89          25          1149106061808     15 3 0 12636MPVCUFONE                18384 13       0       000   064340652510    10     911
2478508 337314153 5310  0 4147  09106061912         472         140          6129106061930     18 3 0 12636MPVCUFONE                18384 11       0       000   069135702200    50    1085
2481317 33731425310413  0 8128  09106061914         212         312          5249106061931     16 3 0475207MPVCUEDC                 18384 12       0       000   069269702360    20     967
2575994 337314153 7274  0 9127  09106062026         377         348          7259106062042     15 3 0475207MPVCUEDC                 18384 11       0       000   073579745020    30     923
6061632 337314153 7716  0  363  09106071626         205          58          2639106071641     15 3 0 12636MPVCUFONE                18384 11       0       000   059172600840    20     912
6109343 33731415310053  011536  09106071709         470         473          9439106071733     24 3 0475207MPVCUEDC                 18384 11       0       000   061731631950    40    1464
6119125 337314253 7716  0  363  09106071717          99          25          1249106071733     15 3 0 12636MPVCUFONE                18384 13       0       000   062243631550    10     912
6271411 337314153 7136  0  357  09106071923         101          25          1269106071938     15 3 0 12636MPVCUFONE                18384 11       0       000   069780706910    10     911
6271487 337314253 7345  0 5779  09106071923         313         500          8139106071938     15 3 0475207MPVCUEDC                 18384 13       0       000   069784707090    30     925
3695215 337314153 7274  0 9127  09106072032         647         551         11989106072110     38 3 0475207MPVCUEDC                 18384 11       0       000   073901761730    60    2272
3721816 337314253 7136  0  357  09106072054         206          58          2649106072110     15 3 0 12636MPVCUFONE                18384 11       0       000   075258761710    20     913
1686964 337314153 7667  0 8921  09106081529         296          88          3849106081545     16 3 0 12636MPVCUFONE                18384 11       0       000   055748566960    30     948
1707841 337314153 7274  0 9127  09106081614         450         564         10149106081646     32 3 0475207MPVCUEDC                 18384 11       0       000   058440603750    40    1935
1707899 337314253 5310  0 4147  09106081614         175          51          2269106081634     19 3 0 12636MPVCUFONE                18384 12       0       000   058447596120    20    1165
1715703 33731435710163  0 8065  09106081631          53          21           749106081631      0 3 0670162TSDUECR4                 18384 12       0       000   059458594750    00      17
1756310 337314153 7136  0  357  09106081756          89          25          1149106081812     15 3 0 12636MPVCUFONE                18384 11       0       000   064579654910    10     912
1764121 337314153 5040  0  190  09106081812         331         402          7339106081840     27 3 0475207MPVCUEDC                 18384 11       0       000   065549671970    30    1648
1768017 337314253 7716  0  363  09106081821          88          43          1319106081836     15 3 0 12636MPVCUFONE                18384 12       0       000   066034669470    10     913
1768033 337314344 2215  011621  09106081821          61          69          1309106081821      0 3 0670162TSDUECR4                 18384 11       0       000   066035660530    00      18
1784844 337314153 5040  0  190  09106081855         105         157          2629106081910     15 3 0475207MPVCUEDC                 18384 11       0       000   068070689900    10     920
1794540 337314153 6450  011572  09106081914         266         272          5389106081932     18 3 0475207MPVCUEDC                 18384 11       0       000   069243702970    30    1054
1815949 337314153 5073  0 1203  09106081958          82          25          1079106082013     15 3 0 12636MPVCUFONE                18384 11       0       000   071862727730    10     911
1816034 337314253 7345  0 5779  09106081958         105         157          2629106082013     15 3 0475207MPVCUEDC                 18384 12       0       000   071874727970    10     923
1838666 33731415310053  011536  09106082045         107         155          2629106082100     15 3 0475207MPVCUEDC                 18384 11       0       000   074699756160    10     917
3996818 337314153 7667  0 8921  09106101653         215          58          2739106101708     15 3 0 12636MPVCUFONE                18384 12       0       000   060797617090    20     912
4031067 337314153 6450  011572  09106101720         110          86          1969106101736     15 3 0475207MPVCUEDC                 18384 11       0       000   062424633430    10     919
1642574 337314144 5040  0  190  09106102047          66         150          2169106102047      0 3 0325122TSDUTSUS                 18384 11       0       000   074811748220    00      11
 