EPSX14;                     6350  9322   152    7093 1526 1526        19
BSHIP;                      6350  9322   153   14671 1526 1534       489
PRODIGY;                    6350  9322   152   11855 1527 1719      6701
FPSDTTY;OASIS,044131 N      6350  9322   156    7961 1527 1530       149
PRODIGY;                    6350  9322   157   11855 1528 1637      4108
EPSX16;                     6350  9322   143    7093 1530 1531        97
FPL2;QB04413SUNSHINE  21    6350  9322   156    2374 1530 1533       207
EPSX14;                     6350  9322   155    7382 1531 1531        18
FPSDTTY;OASIS,045172 N 1F   6350  9322   144    7961 1535 1538       177
PRODIGY;                    6350  9322   143   11855 1535 1538       155
EDSNET1;2 EDSNET rz6krc l   6350  9322   147    3048 1536 1553      1078
NC52;                       6350  9322   153    9903 1536 1537        51
EPSX14;                     6350  9322   154    7382 1536 1537        21
PRODIGY;                    6350  9322   153   11855 1537 1546       542
STADCO2;                    6350  9322   144   11738 1539 1559      1185
EPSX14;                     6350  9322   146    7382 1539 1540        20
PRODIGY;                    6350  9322   143   11855 1540 1547       403
TOPSLITTLE;                 6350  9322   146    3469 1540 1549       512
EPSX02;                     6350  9322   156    7382 1541 1541        21
PRODIGY;                    6350  9322   154   11855 1541 1541        32
FPSDFCCS;ficcs,045172 TEC   6350  9322   154    3838 1542 1552       607
MLTSVTAM;                   6350  9322   155    8237 1542 1546       205
FPSDTTY;OASIS,044131 N 1F   6350  9322   145    7961 1542 1546       246
PRODIGY;                    6350  9322   156   11855 1543 1543        31
FPSDTTY;                    6350  9322   160    7961 1543 1543        25
X2;43323 MOPAR2 70 3KS1     6350  9322   161    1275 1543 1547       190
FPSDTTY;OASIS,044131        6350  9322   156    7961 1544 1550       377
NC52;                       6350  9322   160    9903 1544 1553       498
A53S928;                    6350  9322   162   10008 1545 1547       154
PRODIGY;                    6350  9322   143   11855 1547 1609      1299
FPSDTTY;OASIS,045238 N 1F   6350  9322   145    7961 1549 1550       103
FPL2;QB04413SUNSHINE  21    6350  9322   146    2374 1549 1551       112
PRODIGY;                    6350  9322   145   11855 1554 1555        91
PRODIGY;                    6350  9322   146   11855 1554 1600       343
PRODIGY;                    6350  9322   147   11855 1555 1600       307
MPVCUFONE;                  6350  9322   151     357 1555 1611       915
NISSANINT;                  6350  9322   145   13127 1555 1559       194
A53S928;                    6350  9322   153   10008 1556 1558       150
PRODIGY;                    6350  9322   154   11855 1556 1559       144
EPSX02;                     6350  9322   155    7093 1556 1557        18
EPSX02;                     6350  9322   155    7093 1557 1558        18
EPSX02;                     6350  9322   153    7093 1559 1559        19
PRODIGY;                    6350  9322   145   11855 1559 1623      1439
FPSDTTY;OASIS,045172 N 1F   6350  9322   142    7961 1601 1604       185
BMTT;                       6350  9322   144   10167 1602 1608       348
MPVCUSSBA;                  6350  9322   146    5786 1604 1619       914
ETYXK:.0063;                6350  9322   147    5685 1604 1606       109
A53S928;                    6350  9322   142   10008 1606 1610       257
PRODIGY;                    6350  9322   141   11855 1607 1611       221
STN;                        6350  9322   147    1467 1608 1610        94
PRODIGY;                    6350  9322   142   11855 1611 1619       489
FPSDTTY; OASIS,044131       6350  9322   141    7961 1611 1613        82
PRODIGY;                    6350  9322   143   11855 1612 1637      1500
MPVCUEDC;                   6350  9322   144     168 1613 2108     17736
FPSDTTY;OASIS,044131 N 1F   6350  9322   141    7961 1613 1615       104
STADCO2;                    6350  9322   147   11738 1614 1626       717
FPSDMORSII;U 152084 CAJUN   6350  9322   141   13945 1616 1632       987
PRODIGY;                    6350  9322   150   11855 1617 1626       589
PRODIGY;                    6350  9322   151   11855 1618 1632       861
EPRIEMFN97;                 6350  9322   142    7628 1620 1704      2619
PRODIGY;                    6350  9322   146   11855 1621 1627       363
EDSNET1;2 EDSNET xzzy8k g   6350  9322   153    3048 1622 1625       239
MPVCUECR;                   6350  9322   154    5799 1622 1657      2064
NISSANINT;                  6350  9322   155     723 1623 1625       123
FPSDTTY;OASIS,045172 N 2F   6350  9322   145    7961 1624 1627       197
FPSDTTY;OASIS,044131 N 1F   6350  9322   156    7961 1624 1628       213
EDSNET1;2 EDSNET MZLNT8 R   6350  9322   160    3048 1625 1630       309
PRODIGY;                    6350  9322   153   11855 1626 1649      1356
AGEDGE0003; 1623            6350  9322   147    3700 1629 1632       170
X2;43323 MOPAR2 70 7MN5     6350  9322   150    8965 1629 1632       179
PRODIGY;                    6350  9322   145   11855 1629 1658      1702
NISSANMNP;                  6350  9322   155   14683 1630 1636       371
FPSDTTY;OASIS,045172        6350  9322   146    7961 1630 1637       430
PRODIGY;                    6350  9322   156   11855 1631 1644       788
PRODIGY;                    6350  9322   150   11855 1634 1636       125
NISSANINT;                  6350  9322   141   14724 1635 1638       163
DOES2VT1;0441300246 3  !    6350  9322   147    8600 1635 1638       145
IASD15;                     6350  9322   150    4512 1636 1756      4812
PRODIGY;                    6350  9322   151   11855 1636 1645       520
STADCO2;                    6350  9322   155   11738 1636 1648       703
A53S928;                    6350  9322   160   10008 1637 1638        80
FPL2;QB04413SUNSHINE        6350  9322   141    2374 1639 1640        67
PRODIGY;                    6350  9322   143   11855 1640 1644       234
EPSX14;                     6350  9322   146    7382 1642 1642        18
MPVCUFONE;                  6350  9322   147    8921 1642 1705      1405
PRODIGY;                    6350  9322   146   11855 1643 1810      5249
X2;63838 NEWCAR 70 4MD2     6350  9322   141    1275 1643 1644        75
NISSANINT;                  6350  9322   141   14683 1646 1650       234
ETYXK:.0063;                6350  9322   143    5685 1647 1647        13
NISSANINT;                  6350  9322   151     316 1648 1656       453
ETYXK:.0063;                6350  9322   155    5685 1649 1650        80
DIALOG;                     6350  9322   153    9646 1650 1658       502
REG;                        6350  9322   141    4866 1651 1654       153
REG;                        6350  9322   141    4866 1656 1701       322
PRODIGY;                    6350  9322   151   11855 1657 1657        11
PRODIGY;                    6350  9322   145   11855 1658 1719      1275
MPVCUSSBA;                  6350  9322   151    5786 1658 1714      1003
PRODIGY;                    6350  9322   143   11855 1659 1700        76
DIALOG;                     6350  9322   143    6418 1701 1703       122
PRODIGY;                    6350  9322   153   11855 1701 1732      1845
PRODIGY;                    6350  9322   154   11855 1701 1704       209
REG;                        6350  9322   141    4866 1701 1712       615
PRODIGY;                    6350  9322   155   11855 1703 1708       341
STADCO2;                    6350  9322   142   11738 1707 1720       805
PRODIGY;                    6350  9322   143   11855 1708 1726      1078
A53S928;                    6350  9322   147   10008 1708 1713       318
EPSX14;                     6350  9322   154    7093 1710 1710        19
RMCTDM;XL65 CSSN NAME=RMC   6350  9322   154    3920 1711 1717       382
RANGERBMT;                  6350  9322   155    6563 1712 1724       717
MPVCUFONE;                  6350  9322   156    1203 1712 1734      1342
BMTT;                       6350  9322   147   10167 1713 1718       263
EPSX14;                     6350  9322   141    7093 1716 1717        21
DIALOG;                     6350  9322   141    9646 1718 1719        52
DIALOG;                     6350  9322   141    9646 1719 1730       625
EPSX14;                     6350  9322   145    7382 1720 1721        22
PRODIGY;                    6350  9322   147   11855 1720 1743      1342
STADCO2;                    6350  9322   145   11738 1722 1734       710
STADCO2;                    6350  9322   142   11738 1724 1739       920
CTC19;                      6350  9322   151    8120 1725 1726        53
PRODIGY;                    6350  9322   152   11855 1725 1731       387
MLTSVTAM;                   6350  9322   143    8237 1726 1730       214
DOES2VT1;04523WFM11 CREAT   6350  9322   151    8600 1727 1731       293
PRODIGY;                    6350  9322   143   11855 1731 1738       415
PRODIGY;                    6350  9322   151   11855 1732 1741       556
DIALOG;                     6350  9322   141    9646 1733 1735       155
CTC19;                      6350  9322   152     992 1734 1736       137
FPSDTTY;OASIS,044131 N 1F   6350  9322   153    7961 1735 1738       199
STN;                        6350  9322   141    1467 1735 1742       391
FPSDTTY;OASIS,045172 N      6350  9322   145    7961 1736 1738        83
MPVCUFONE;                  6350  9322   152     357 1736 1820      2625
EPSX14;                     6350  9322   154    7093 1737 1737        20
PRODIGY;                    6350  9322   154   11855 1737 1740       155
PRODIGY;                    6350  9322   143   11855 1738 1802      1413
DOES2VT1;0441300246         6350  9322   153    8600 1739 1752       786
EDSNET1;2 EDSNET xzzy8k e   6350  9322   155    3048 1739 1743       202
MPVCUSSBA;                  6350  9322   154    7495 1740 1755       915
PRODIGY;                    6350  9322   142   11855 1742 1746       211
PRODIGY;                    6350  9322   145   11855 1742 1748       307
STADCO2;                    6350  9322   151   11738 1743 1745       138
EPSX16;                     6350  9322   147    7093 1743 1743        21
FPSDTTY;OASIS,045172 N 1F   6350  9322   142    7961 1747 1750       195
MPVCUECR;                   6350  9322   141   11618 1749 1819      1848
PRODIGY;                    6350  9322   145   11855 1751 1756       309
STADCO2;                    6350  9322   142   11738 1753 1808       917
A53S928;                    6350  9322   145   10008 1759 1760        48
CTC19;                      6350  9322   147    8120 1759 1803       226
PRODIGY;                    6350  9322   145   11855 1801 1847      2773
EPSX11;                     6350  9322   143    7382 1803 1804        22
EPSX14;                     6350  9322   143    7093 1804 1804        21
PRODIGY;                    6350  9322   143   11855 1806 1811       309
PRODIGY;                    6350  9322   147   11855 1806 1807        61
FORDMOTORCO;QC04532NOVEMB   6350  9322   150    2180 1807 1815       474
PRODIGY;                    6350  9322   147   11855 1808 1841      1969
EPSX16;                     6350  9322   151    7382 1809 1809        20
PRODIGY;                    6350  9322   153   11855 1809 1817       445
EPSX14;                     6350  9322   142    7093 1813 1813        19
NISSANINT;                  6350  9322   143   14647 1813 1825       675
MPVCUSSBA;                  6350  9322   142    5786 1816 1831       914
FVL2;QA04413IJXB0110        6350  9322   146    2335 1816 1820       213
PRODIGY;                    6350  9322   150   11855 1816 1823       388
FPSDTTY;OASIS,044131 N 1F   6350  9322   151    7961 1817 1820       205
PRODIGY;                    6350  9322   153   11855 1817 1843      1531
AGEDGE0003; 1623            6350  9322   154    3700 1818 1902      2690
EPSX14;                     6350  9322   146    7093 1820 1821        19
EPSX16;                     6350  9322   141    7093 1824 1824        22
PRODIGY;                    6350  9322   146   11855 1824 1825        86
MPVCUECR;                   6350  9322   150    5799 1824 1856      1927
DOES2VT1;04499KNAPP  07     6350  9322   141    8600 1826 1834       456
EPSX16;                     6350  9322   143    7382 1826 1827        22
EPSX16;                     6350  9322   143    7093 1827 1827        18
FPSDTTY;OASIS,044131        6350  9322   143    7961 1828 1834       358
PRODIGY;                    6350  9322   146   11855 1829 1831       124
EPSX16;                     6350  9322   151    7093 1829 1830        21
PRODIGY;                    6350  9322   152   11855 1830 1835       343
PRODIGY;                    6350  9322   151   11855 1830 1833       191
EPSX16;                     6350  9322   142    7093 1831 1832        20
EPSX14;                     6350  9322   146    7093 1832 1832        19
EPSX16;                     6350  9322   142    7093 1832 1832        21
PRODIGY;                    6350  9322   142   11855 1832 1835       150
EPSX16;                     6350  9322   146    7382 1833 1833        31
STADCO2;                    6350  9322   155   11738 1833 1850      1012
DOES2VT1;04499KNAPP         6350  9322   142    8600 1835 1843       453
PRODIGY;                    6350  9322   146   11855 1835 1848       769
X2;63838 NEWCAR 70 XKG2     6350  9322   143    1275 1835 1837       116
PRODIGY;                    6350  9322   151   11855 1837 1909      1865
MPVCUFONE;                  6350  9322   141     363 1837 1856      1117
AGENTS;                     6350  9322   152    8351 1837 1839        82
PRODIGY;                    6350  9322   143   11855 1838 1840       135
EPSX02;                     6350  9322   156    7382 1838 1838        23
PRODIGY;                    6350  9322   152   11855 1840 2001      4875
AGENTS;                     6350  9322   156   13475 1840 1841        51
AGENTS;                     6350  9322   143    8351 1841 1948      3998
PRODIGY;                    6350  9322   147   11855 1843 1843         7
STADCO2;                    6350  9322   142   11738 1843 1847       229
PRODIGY;                    6350  9322   147   11855 1845 1846        81
EPSX16;                     6350  9322   147    7093 1847 1847        21
PRODIGY;                    6350  9322   145   11855 1847 1854       374
PRODIGY;                    6350  9322   147   11855 1848 1849        85
EPSX14;                     6350  9322   146    7382 1849 1849        19
    