23120671067716644 6071  010390  0900330 820         494       27326        27820900330 829      9 3 0754501BLS0241;                  5960  014310601 390000011   030002305320    00     530
2378636 451520544 6071  010390  09003301306         559       26104        266639003301317     11 3 0407210BLS0150;                  4805  514310601 390000011   047174478070    00     633
2430262 647214444 6071  010390  09003301410         253        7297         75509003301417      7 3 0617506ES03KAL;                  2309  314310601 390000011   051010514410    00     431
2438487 647215144 6071  010390  09003301419          91         519          6109003301420      2 3 0654357BLTEST9;                  2309  514310601 390000011   051515516160    00     101
2450218 224414748 6071  010390  09003301431        5605      394876       4004819003301513     42 3 0732175BLS0396;                  8944  614310601 390000011   052258547510    00    2493
24514681136215144 6071  010390  09003301432        1026       37365        383919003301444     12 3 0665605BLS0132;                  9129 1014310601 390000011   052336530260    00     690
2456653 647215444 6071  010390  09003301438         104       12024        121289003301442      4 3 0412702DY03LG;                   2309 4314310601 390000011   052651529040    00     253
2458506 315116544 6071  010390  09003301439        1503       65320        668239003301504     25 3 0565777BLS0068;                  3020 3114310601 390000011   052762542430    00    1481
2476331 647214144 6071  010390  09003301457         103       12021        121249003301502      5 3 0412702DY03LG;                   2309 2514310601 390000011   053829541330    00     304
2488519 326314644 6071  010390  09003301509         727       16097        168249003301527     18 3 0761023BLS0247;                  9578  014310601 390000011   054525556020    00    1077
2502792 665517448 6071  010390  09003301521         529       32203        327329003301526      4 3 0517505BLS0376;                  2584  014310601 390000011   055276555420    00     266
2504630 647215144 6071  010390  09003301523         498       30243        307419003301530      7 3 0625652CM004FLF;                 2309  114310601 390000011   055388557890    00     401
25084901136215444 6071  010390  09003301527        1327       56105        574329003301541     14 3 0665605BLS0132;                  9129 1314310601 390000011   055602564670    00     865
2511154 647214444 6071  010390  09003301529        1702      120808       1225109003301553     24 3 0647632DY03MV;                   2309  514310601 390000011   055750571970    00    1447
2515835 647216444 6071  010390  09003301533         103        7127         72309003301538      4 3 0412702DY03LG;                   2309  414310601 390000011   056007562550    00     248
2519149 647216344 6071  010390  09003301536         493       13583        140769003301546     10 3 0566724BLE0002;                  2309  014310601 390000011   056186567620    00     576
2521579 326314544 6071  010390  09003301539         874       20700        215749003301551     12 3 0761023BLS0247;                  9578  014310601 390000011   056317570650    00     748
2527243 353215544 6071  010390  09003301544        1649      115429       1170789003301603     20 3 0565651BLS0002;                  3228  414310601 390000011   056633578070    00    1174
2529127 467115548 6071  010390  09003301546         509       30455        309649003301553      7 3 0746632BLS0227;                  4222 1314310601 390000011   056733571650    00     432
2532646 647214544 6071  010390  09003301549         261       12439        127009003301555      6 3 0566724BLE0002;                  2309  114310601 390000011   056923572840    00     361
2534683 442515548 6071  010390  09003301550         539       29550        300899003301555      4 3 0551756BLS0305;                  3494 3514310601 390000011   057029572770    00     248
2535807 315122044 6071  010390  09003301552         496       30455        309519003301557      6 3 0772531BLS0257;                  302013214310601 390000011   057092574350    00     343
2540978 647215444 6071  010390  09003301556          53        5157         52109003301558      2 3 0757037ES02ELE;                  2309  314310601 390000011   057360574530    00      93
2547066 260617644 6071  010390  09003301601         772       29352        301249003301611      9 3 0733271BLS0207;                  2176 5714310601 390000011   057680582300    00     550
2550165 422015744 6071  010390  09003301604         501       30460        309619003301610      6 3 0565775BLS0066;                  4217  014310601 390000011   057839582180    00     379
2551752 451623244 6071  010390  09003301605        3240       97113       1003539003301711     65 3 0407210BLS0150;                  4806 4514310601 390000011   057914618410    00    3927
2552136 315125344 6071  010390  09003301606        1655      116479       1181349003301627     21 3 0671647BLS0341;                  3020 4514310601 390000011   057934592180    00    1284
2553067 555315244 6071  010390  09003301606         511       29431        299429003301613      6 3 0512376BLS0291;                  4600 1714310601 390000011   057979583630    00     384
2559553 260617244 6071  010390  09003301612         497       29477        299749003301617      6 3 0733271BLS0207;                  2176 3614310601 390000011   058304586480    00     344
2567143 706114448 6071  010390  09003301618        1483      106067       1075509003301632     14 3 0647632DY03MV;                   1059 2514310601 390000011   058700595190    00     819
2572365 451522044 6071  010390  09003301623         565       22966        235319003301707     44 3 0623452BLRISK1;                  4805 1214310601 390000011   058963616300    00    2667
25762421076117148 6071  010390  09003301626        1689      119833       1215229003301644     18 3 0611306BLS0097;                  2948 3014310601 390000011   059153602570    00    1104
2578943 705416348 6071  010390  09003301628          62          94          1569003301632      3 3 0754557BLS0242;                  1059 2014310601 390000011   059298595070    00     209
2583832 444414748 6071  010390  09003301633         337       17374        177119003301648     16 3 0407211BLS0105;                  9347 1514310601 390000011   059552604970    00     945
2585092 667416144 6071  010390  09003301634         469       30404        308739003301641      7 3 0711537BLS0167;                  1339 5414310601 390000011   059619600420    00     423
2589625 647215344 6071  010390  09003301638         666       27836        285029003301649     12 3 0651030CM002DH;                  2309 4214310601 390000011   059856605560    00     700
25902551020415548 6071  010390  09003301638         842       58204        590469003301646      7 3 0560056BLS0385;                  8795 3514310601 390000011   059889603350    00     446
26010691052017548 6071  010390  09003301648         119        4291         44109003301656      8 3 0671267BLS0143;                  8796 1214310601 390000011   060477609610    00     484
2602527 444414248 6071  010390  09003301649         197        6558         67559003301652      2 3 0407211BLS0105;                  9347  114310601 390000011   060557607060    00     149
2602646 722314448 6071  010390  09003301649         109       24710        248199003301652      3 3 0565664BLS0013;                  9511  314310601 390000011   060564607310    00     167
2606750 444414248 6071  010390  09003301653         502       30418        309209003301658      5 3 0407211BLS0105;                  9347  514310601 390000011   060768610670    00     299
2625573 665517048 6071  010390  09003301711         511       30536        310479003301715      4 3 0733270BLS0206;                  2584  014310601 390000011   061857620750    00     218
26295941052015548 6071  010390  09003301715         573       32924        334979003301724      9 3 0671267BLS0143;                  8796  314310601 390000011   062098626440    00     546
2638138 527717744 6071  010390  09003301724         531       30525        310569003301730      6 3 0631776BLS0103;                  9581 3014310601 390000011   062631630080    00     377
2639387 706216648 6071  010390  09003301725         549       31257        318069003301730      5 3 0412610BLS0181;                  1059 2114310601 390000011   062709630250    00     316
2650860 315114344 6071  010390  09003301737         358       18240        185989003301742      4 3 0416202BLS0269;                  3020 4714310601 390000011   063446636960    00     250
2656657 706214544 6071  010390  09003301743         516       30525        310419003301749      6 3 0603173BLS0319;                  1059  114310601 390000011   063809641680    00     359
2681601 367514544 6071  010390  09003301810        1593       60854        624479003301850     41 3 0757154BLS0244;                  3456  014310601 390000011   065388678280    00    2440
2711718 647214744 6071  010390  09003301839         195       27787        279829003301847      8 3 0651030CM002DH;                  2309  214310601 390000011   067169676190    00     450
2723754 260614144 6071  010390  09003301851          47        4125         41729003301855      4 3 0733271BLS0207;                  2176 3714310601 390000011   067857680940    00     237
2725817 235715044 6071  010390  09003301853         246        6994         72409003301857      5 3 0431451BLS0280;                  1776  514310601 390000011   067977682470    00     270
2739179 315120344 6071  010390  09003301906        1686      116921       1186079003301929     23 3 0565777BLS0068;                  302015214310601 390000011   068738701130    00    1375
2740512 235715244 6071  010390  09003301907        1057       31704        327619003301923     16 3 0431451BLS0280;                  1776  114310601 390000011   068802697610    00     959
27467901141715448 6071  010390  09003301912         932       33239        341719003301919      7 3 0422375BLS0274;                  9581 1214310601 390000011   069144695400    00     396
2763762 315122644 6071  010390  09003301928         441       20370        208119003301933      5 3 0416202BLS0269;                  3020  514310601 390000011   070068703740    00     306
2772834 647214344 6071  010390  09003301936          22         566          5889003301937      1 3 0723064CM003TS;                  2309  614310601 390000011   070573706150    00      42
2774710 647214344 6071  010390  09003301938         697       20059        207569003301946      8 3 0723064CM003TS;                  2309  314310601 390000011   070675711380    00     463
2791111 647215344 6071  010390  09003301953         162       18498        186609003302013     20 3 0651030CM002DH;                  2309  314310601 390000011   071578727620    00    1184
2792533 235716444 6071  010390  09003301954         812       27643        284559003302007     13 3 0431451BLS0280;                  1776 1214310601 390000011   071656724180    00     762
4854880 615115548 6071  010390  09003302009         900       48683        495839003302022     14 3 0565657BLS0008;                  1785 1714310601 390000011   072512733450    00     833
4871718 326320644 6071  010390  09003302024        1613       62567        641809003302102     38 3 0574413SLS04RS;                  9578  014310601 390000011   073449757380    00    2289
4885381 705415548 6071  010390  09003302037        1804       73825        756299003302105     28 3 0566717BLS0072;                  1059 1114310601 390000011   074203758990    00    1696
4902407 647214444 6071  010390  09003302053         100        7008         71089003302059      7 3 0410263DY03MCA;                  2309  714310601 390000011   075153755430    00     390
4912086 706120148 6071  010390  09003302102         669       27173        278429003302108      6 3 0416317BLS0270;                  1059  214310601 390000011   075699760750    00     376
4929458 647214144 6071  010390  09003302118         845       26814        276599003302133     16 3 0415603SLS03HF;                  2309  414310601 390000011   076663776080    00     945
4935835 357217048 6071  010390  09003302124         430       11737        121679003302128      4 3 0776203BLS0360;                  8615  614310601 390000011   077028772710    00     243
4948989 652214444 6071  010390  09003302136         360       15873        162339003302151     15 3 0565750BLS0045;                  2456  014310601 390000011   077758786340    00     876
4980262 431617644 6071  010390  09003302209         663       22372        230359003302217      8 3 0650533BLS0114;                  4409  014310601 390000011   079736802190    00     483
4995726 647214144 6071  010390  09003302229          59        5195         52549003302230      1 3 0654346BLTEST1;                  2309 2714310601 390000011   080915809950    00      80
5009364 706114348 6071  010390  09003302248         741       19786        205279003302255      8 3 0565713BLS0025;                  1059  214310601 390000011   082051825060    00     455
50218251047014148 6071  010390  09003302306        1446       66258        677049003302335     29 3 0545347BLS0331;                  9337  114310601 390000011   083163849010    00    1738
4092332 451520344 6071  010390  09003281714         476       16159        166359003301845   2971 3 0665422BLS0335;                  480510614310601 390000011   062019674803    00  178261
  