1297602 46641411210732  0 8984  09005232209       10089      134796       144885900524  10    121 3 0742203X2505670:.00              5670  0123106008984000001   079723  5860    00    7263
1309372 46641431210732  0 8984  09005232224        1764       54151        55915900524  16    112 3 0742203X2505670:.00              5670  0123106008984000001   080630  9480    00    6718
1387653 46641411210732  0 8984  0900524  19         461       15293        15754900524  29     10 3 0742203X2505670:.00              5670  0123106008984000001   0 1128 17250    00     597
1408816 74062614810732  0 8984  0900524  54          63        6937         7000900524  57      2 3 0407605JAPANSFO1                  222  0143106008984000111   0 3263 34040    00     141
1411323 74062061610732  0 8984  0900524  59          84        4195         4279900524 102      3 3 0407605JAPANSFO1                  222  0143106008984000111   0 3524 37260    00     202
1414127 74061701610732  0 8984  0900524 103       58194        6402        64596900524 143     40 3 0407605JAPANSFO1                  222  0143106008984000111   0 3788 62020    00    2414
1419309 46641411210732  0 8984  0900524 112         523       17808        18331900524 141     29 3 0742203X2505670:.00              5670  0123106008984000001   0 4332 60780    00    1746
1441792 74201441610732  0 8984  0900524 157         799       65053        65852900524 209     12 2 0571241NJS1                      9533  6143106008984000111   0 6995 77280    00     733
1468231 46641431210732  0 8984  0900524 257         573       17894        18467900524 259      2 3 0742203X2505670:.00              5670  0123106008984000001   010604107300    00     126
1481492 74061461610732  0 8984  0900524 332         651       35059        35710900524 340      8 2 0407605JAPANSFO1                  222  0143106008984000111   012692131980    00     506
1491039 46641411210732  0 8984  0900524 360         861       21347        22208900524 416     16 3 0742203X2505670:.00              5670  0123106008984000001   014398153390    00     941
1492182 46031471210732  0 8984  0900524 403        3922      101466       105388900524 445     41 2 0706262MSP1                      4945  3143106008984000111   014604170730    00    2469
1504660 46641431210732  0 8984  0900524 444         432       15676        16108900524 446      1 3 0742203X2505670:.00              5670  0123106008984000001   017057171390    00      82
1507517 46641411210732  0 8984  0900524 451         653       18627        19280900524 453      2 3 0742203X2505670:.00              5670  0123106008984000001   017457175950    00     138
1508266 46641431210732  0 8984  0900524 454         432       15261        15693900524 456      2 3 0742203X2505670:.00              5670  0123106008984000001   017627177330    00     106
1512528104361451610732  0 8984  0900524 510         515       26222        26737900524 515      6 2 0511272RHP1                      9202 14143106008984000111   018588189280    00     340
1520851 53411561610732  0 8984  0900524 530         734       23183        23917900524 538      8 2 0765261RIDDELL                   8963 22143106008984000011   019827202960    00     469
1525091 74061554810732  0 8984  0900524 549        1526       66977        68503900524 615     26 2 0407605JAPANSFO1                  222  0143106008984000111   020935225240    00    1589
2143530107321461210732  0 8984  09005241957         257         568          8259005241957      0 3 0523574TIGARJ                    8984  0 5310690       001   071806718230    00      17
2207206 27031561610732  0 8984  09005242053         378       19900        202789005242234    101 2 0765261RIDDELL                   9170 31143106008984000011   075191812220    00    6031
2264304 46641441210732  0 8984  09005242157         837       18276        191139005242206      9 3 0742203X2505670:.00              5670  0123106008984000001   079048795730    00     525
2282846 46641441210732  0 8984  09005242223        1606       48453        500599005242311     48 3 0742203X2505670:.00              5670  0123106008984000001   080590834620    00    2872
2302271 46641431210732  0 8984  09005242253         436       15575        160119005242301      8 3 0742203X2505670:.00              5670  0123106008984000001   082362828380    00     476
 999032 74062141610732  0 8984  0900524 855          34         294          328900524 856      1 2 0407605JAPANSFO1                  222  0143106008984000111   032088321570    00      69
 999257 74062104810732  0 8984  0900524 856          28         237          265900524 857      1 2 0407605JAPANSFO1                  222  0143106008984000111   032183322420    00      59
 999499 74062264810732  0 8984  0900524 858          30         304          334900524 859      1 2 0407605JAPANSFO1                  222  0143106008984000111   032262323400    00      78
 999763 74061651610732  0 8984  0900524 859          51         299          350900524 860      1 2 0407605JAPANSFO1                  222  0143106008984000111   032350323920    00      42
 999998 74062104810732  0 8984  0900524 900       88265       28228       116493900524 958     58 2 0407605JAPANSFO1                  222  0143106008984000111   032425359090    00    3484
1012589 74061501610732  0 8984  09005241010         366       21674        220409005241014      5 3 0407605JAPANSFO1                  222  0143106008984000111   036584368590    00     275
1013992 74061711610732  0 8984  09005241017       52371       19889        722609005241044     27 3 0407605JAPANSFO1                  222  0143106008984000111   037009386250    00    1616
1077397 20651431210732  0 8984  09005241237        4151       71197        753489005241333     56 3 0742204X2509041:.00              9041  0123106008984000001   045427487870    00    3360
1135704 20651511210732  0 8984  09005241335         435       15526        159619005241351     16 3 0742204X2509041:.00              9041  0123106008984000001   048900498380    00     938
1147855 20651571210732  0 8984  09005241346         868       19805        206739005241351      4 3 0742204X2509041:.00              9041  0123106008984000001   049588498570    00     269
1197588 25151441210732  0 8984  09005241429        1279       22607        238869005241438      8 3 0524141X2508672:.00              8672  0123106008984000001   052151526510    00     500
1237584 45152611210732  0 8984  09005241501         133        2418         25519005241503      2 2 0432531JFK1                      4805 26143106008984000111   054078541940    00     116
1244769 25151451210732  0 8984  09005241507         543       18605        191489005241510      3 3 0524141X2508672:.00              8672  0123106008984000001   054419545780    00     159
1249490 25151451210732  0 8984  09005241511        3698       59428        631269005241531     20 3 0524141X2508672:.00              8672  0123106008984000001   054652558620    00    1210
1268861 22121511210732  0 8984  09005241526        1165       17881        190469005241531      5 3 0605661X2503354:.00              3354  0123106008984000001   055543558660    00     323
1289298 20651451210732  0 8984  09005241542        3289       44696        479859005241702     80 3 0742204X2509041:.00              9041  0123106008984000001   056530613470    00    4817
1305866 20651641210732  0 8984  09005241556         450       15662        161129005241603      7 3 0742204X2509041:.00              9041  0123106008984000001   057358577730    00     415
1338661 20651461210732  0 8984  09005241625         597        8783         93809005241626      1 3 0742204X2509041:.00              9041  0123106008984000001   059099591660    00      67
1342620 27031611610732  0 8984  09005241629        2655      235125       2377809005241940    191 2 0765261RIDDELL                   9170 31143106008984000011   059321707830    00   11462
1348163 25151451210732  0 8984  09005241634        1011       16547        175589005241639      5 3 0524141X2508672:.00              8672  0123106008984000001   059626599110    00     285
1362507 46641421210732  0 8984  09005241647         660       20212        208729005241731     44 3 0742203X2505670:.00              5670  0123106008984000001   060434630650    00    2631
1372935 26411461210732  0 8984  09005241657          89         214          3039005241657      0 3 0554654X2510361:.00             10361  0123106008984000001   061017610410    00      24
1374139 26411461210732  0 8984  09005241658        1272       33450        347229005241725     27 3 0554654X2510361:.00             10361  0123106008984000001   061084626900    00    1606
1451073 46641421210732  0 8984  09005241806        5814      143737       1495519005242052    167 3 0742203X2505670:.00              5670  0123106008984000001   065139751470    00   10008
1506130 46641451210732  0 8984  09005241852        4463       52009        564729005241907     15 3 0742203X2505670:.00              5670  0123106008984000001   067927688420    00     915
   