       10227787 31401412011246  015738  09306211428         308       63974        642829306211458     30 2 0344363HEMEL06                  11581  2123106015738060001   052054538520    00    1798      0              000000000000000000000000000000000     0     0 0     
       13653220 31401412011246  015738  0930621 723         739       82159        82898930621 801     38 2 0344363HEMEL06                  11581  2123106015738060001   026554288450    00    2291      0              000000000000000000000000000000000     0     0 0     
       13667125 31401412011246  015738  0930621 801          64        7230         7294930621 820     19 2 0344363HEMEL06                  11581  2123106015738060001   028859300040    00    1145      0              000000000000000000000000000000000     0     0 0     
       13709880 314014120 3716  015738  09306211004         328       53363        536919306211015     11 2 0344363HEMEL06                  11581  2123106015738060001   036251369120    00     661      0              000000000000000000000000000000000     0     0 0     
       13783759 31401412011246  015738  09306211214         623       42729        433529306211327     73 2 0344363HEMEL06                  11581  2123106015738060001   044048484290    00    4381      0              000000000000000000000000000000000     0     0 0     
       10650799 314014120 3716  015738  0930622 731         208       40723        40931930622 740      9 2 0344363HEMEL06                  11581  2123106015738060001   027031275740    00     543      0              000000000000000000000000000000000     0     0 0     
       10655009 31401412011246  015738  0930622 742        1342      117116       1184589306221251    309 2 0344363HEMEL06                  11581  2123106015738060001   027714462630    00   18549      0              000000000000000000000000000000000     0     0 0     
       10833080 314014120 3716  015738  09306221252         381       39863        402449306221414     82 2 0344363HEMEL06                  11581  2123106015738060001   046319512360    00    4917      0              000000000000000000000000000000000     0     0 0     
       11563401 31401412011246  015738  0930623 753         456       81028        814849306231033    161 2 0344363HEMEL06                  11581  2123106015738060001   028352379960    00    9644      0              000000000000000000000000000000000     0     0 0     
       11623941 314014120 3716  015738  09306231046        2323      162936       1652599306231454    248 2 0344363HEMEL06                  11581  2123106015738060001   038759536360    00   14877      0              000000000000000000000000000000000     0     0 0     
       12799322 314014120 3716  015738  0930624 723        1069      133306       134375930624 905    102 2 0344363HEMEL06                  11581  2123106015738060001   026555326700    00    6115      0              000000000000000000000000000000000     0     0 0     
       12834176 31401412011246  015738  0930624 905         122       22674        22796930624 937     32 2 0344363HEMEL06                  11581  2123106015738060001   032690346120    00    1922      0              000000000000000000000000000000000     0     0 0     
       12846711 31401412011246  015738  0930624 945        1327      132670       1339979306241044     59 2 0344363HEMEL06                  11581  2123106015738060001   035078386290    00    3551      0              000000000000000000000000000000000     0     0 0     
       12869454 314014120 3716  015738  09306241045         954       68496        694509306241301    136 2 0344363HEMEL06                  11581  2123106015738060001   038677468380    00    8161      0              000000000000000000000000000000000     0     0 0     
       13025882 31401412011246  015738  09306241338         932      100533       1014659306241453     75 3 0344363HEMEL06                  11581  2123106015738060001   049071535510    00    4480      0              000000000000000000000000000000000     0     0 0     
       13132248 31401412011246  015738  09306241453          55         260          3159306241454      0 2 0344363HEMEL06                  11581  2123106015738060001   053608536350    00      27      0              000000000000000000000000000000000     0     0 0     
       13133030 31401412011246  015738  09306241454          81       15320        154019306241455      1 2 0344363HEMEL06                  11581  2123106015738060001   053641537060    00      65      0              000000000000000000000000000000000     0     0 0     
        2498948 314014120 3716  015738  0930625 710         394       50459        50853930625 722     12 2 0344363HEMEL06                  11581  2123106015738060001   025808265300    00     722      0              000000000000000000000000000000000     0     0 0     
        2504304 31401412011246  015738  0930625 725         496       57569        58065930625 754     29 2 0344363HEMEL06                  11581  2123106015738060001   026695284230    00    1728      0              000000000000000000000000000000000     0     0 0     
        2551358 31401412011246  015738  0930625 933         466       45577        460439306251159    147 3 0344363HEMEL06                  11581  2123106015738060001   034353431570    00    8804      0              000000000000000000000000000000000     0     0 0     
        2624780 31401412011246  015738  09306251201          82       15254        153369306251400    120 2 0344363HEMEL06                  11581  2123106015738060001   043241504140    00    7173      0              000000000000000000000000000000000     0     0 0     
        1108616 314014120 3716  015738  0930628 737        2634      212887       2155219306281225    288 2 0344363HEMEL06                  11581  2123106015738060001   027419446960    00   17277      0              000000000000000000000000000000000     0     0 0     
        1355090 314014120 3716  015738  09306281356         224       62763        629879306281424     28 2 0344363HEMEL06                  11581  2123106015738060001   050157518550    00    1698      0              000000000000000000000000000000000     0     0 0     
        1419127 31401412011246  015738  09306281440          82       15254        153369306281456     16 2 0344363HEMEL06                  11581  2123106015738060001   052788537560    00     968      0              000000000000000000000000000000000     0     0 0     
       10984941 31401412011246  015738  0930629 742           0         137          137930629 742      0 2 0344363HEMEL06                  11581  2123106015738060001   027713277360    00      23      0              000000000000000000000000000000000     0     0 0     
       10985205 31401412011246  015738  0930629 743         269       49062        49331930629 803     21 2 0344363HEMEL06                  11581  2123106015738060001   027756289960    00    1240      0              000000000000000000000000000000000     0     0 0     
       10996619 31401412011246  015738  0930629 813        1274      111357       1126319306291234    261 2 0344363HEMEL06                  11581  2123106015738060001   029604452590    00   15655      0              000000000000000000000000000000000     0     0 0     
       11135551 314014120 3716  015738  09306291234         936      110134       1110709306291410     96 2 0344363HEMEL06                  11581  2123106015738060001   045267510010    00    5734      0              000000000000000000000000000000000     0     0 0     
       11265407 314014120 3716  015738  09306291414         119        2485         26049306291416      1 2 0344363HEMEL06                  11581  2123106015738060001   051250513380    00      88      0              000000000000000000000000000000000     0     0 0     
       11267597 314014120 3716  015738  09306291416         122       19362        194849306291449     33 2 0344363HEMEL06                  11581  2123106015738060001   051343533430    00    2000      0              000000000000000000000000000000000     0     0 0     
       11803282 314014120 3716  015738  0930630 747         470       57039        57509930630 900     73 2 0344363HEMEL06                  11581  2123106015738060001   028017324070    00    4390      0              000000000000000000000000000000000     0     0 0     
       11833786 314014120 3716  015738  0930630 913        1103      144563       1456669306301047     94 2 0344363HEMEL06                  11581  2123106015738060001   033198388460    00    5648      0              000000000000000000000000000000000     0     0 0     
       11940619 314014120 3716  015738  09306301226         613       42592        432059306301325     59 2 0344363HEMEL06                  11581  2123106015738060001   044751482710    00    3520      0              000000000000000000000000000000000     0     0 0     
       12012112 31401412011246  015738  09306301326          92       15398        154909306301432     66 2 0344363HEMEL06                  11581  2123106015738060001   048361523020    00    3941      0              000000000000000000000000000000000     0     0 0     
