        4675053 314014120 3716  015738  0930611 758         824       88540        89364930611 907     69 3 0344363HEMEL06                  11581  2123106015738060001   028689328040    00    4115      0              000000000000000000000000000000000     0     0 0     
        4701874 314014120 3716  015738  0930611 908         409       36126        36535930611 916      8 2 0344363HEMEL06                  11581  2123106015738060001   032880333440    00     464      0              000000000000000000000000000000000     0     0 0     
        4704880 314014120 3716  015738  0930611 916         543       52821        533649306111029     73 2 0344363HEMEL06                  11581  2123106015738060001   033361377460    00    4385      0              000000000000000000000000000000000     0     0 0     
        4735722 314014120 3716  015738  09306111030         178       42445        426239306111238    128 2 0344363HEMEL06                  11581  2123106015738060001   037807454580    00    7651      0              000000000000000000000000000000000     0     0 0     
        4840989 31401412011246  015738  09306111250         377       32608        329859306111402     72 2 0344363HEMEL06                  11581  2123106015738060001   046208505000    00    4292      0              000000000000000000000000000000000     0     0 0     
        2946633 31401412011246  015738  0930614 730        1249      100076       101325930614 935    126 2 0344363HEMEL06                  11581  2123106015738060001   026981345140    00    7533      0              000000000000000000000000000000000     0     0 0     
        3013900 314014120 3716  015738  09306141036        1161       95345        965069306141241    126 2 0344363HEMEL06                  11581  2123106015738060001   038148456800    00    7532      0              000000000000000000000000000000000     0     0 0     
        3110141 314014120 3716  015738  09306141246         482       72691        731739306141500    134 2 0344363HEMEL06                  11581  2123106015738060001   045961540010    00    8040      0              000000000000000000000000000000000     0     0 0     
        1844425 31401412011246  015738  0930615 727         549       87373        87922930615 903     97 2 0344363HEMEL06                  11581  2123106015738060001   026795326090    00    5814      0              000000000000000000000000000000000     0     0 0     
        1896141 31401412011246  015738  0930615 955        1032      123358       1243909306151505    309 2 0344363HEMEL06                  11581  2123106015738060001   035709542760    00   18567      0              000000000000000000000000000000000     0     0 0     
        4328535 31401412011246  015738  0930616 746         127       26792        26919930616 818     32 2 0344363HEMEL06                  11581  2123106015738060001   027965298770    00    1912      0              000000000000000000000000000000000     0     0 0     
        4344541 31401412011246  015738  0930616 830         370       49662        50032930616 844     14 2 0344363HEMEL06                  11581  2123106015738060001   030628314580    00     830      0              000000000000000000000000000000000     0     0 0     
        4350762 31401412011246  015738  0930616 849         541       83969        845109306161349    301 2 0344363HEMEL06                  11581  2123106015738060001   031716497630    00   18047      0              000000000000000000000000000000000     0     0 0     
        4597989 314014120 3716  015738  09306161408         366       46641        470079306161451     43 2 0344363HEMEL06                  11581  2123106015738060001   050889534860    00    2597      0              000000000000000000000000000000000     0     0 0     
        2104305 314014120 3716  015738  0930617 723         623       88375        88998930617 936    133 2 0344363HEMEL06                  11581  2123106015738060001   026592345870    00    7995      0              000000000000000000000000000000000     0     0 0     
        2155180 314014120 3716  015738  0930617 948          62        9385         94479306171015     27 2 0344363HEMEL06                  11581  2123106015738060001   035306369070    00    1601      0              000000000000000000000000000000000     0     0 0     
        2232448 314014220 3716  015738  09306171210         227       29356        295839306171307     57 2 0344363HEMEL06                  11581  2123106015738060001   043824472450    00    3421      0              000000000000000000000000000000000     0     0 0     
        2318134 314014120 3716  015738  09306171326         284       46248        465329306171350     24 2 0344363HEMEL06                  11581  2123106015738060001   048369497970    00    1428      0              000000000000000000000000000000000     0     0 0     
        2383253 314014120 3716  015738  09306171415         230       44721        449519306171430     15 2 0344363HEMEL06                  11581  2123106015738060001   051328521990    00     871      0              000000000000000000000000000000000     0     0 0     
        1073563 31401412011246  015738  0930618 723         662       89157        89819930618 956    153 2 0344363HEMEL06                  11581  2123106015738060001   026589357880    00    9199      0              000000000000000000000000000000000     0     0 0     
        1204132 31401412011246  015738  09306181211         902       84485        853879306181324     73 2 0344363HEMEL06                  11581  2123106015738060001   043858482350    00    4377      0              000000000000000000000000000000000     0     0 0     
        1316079 31401422011246  015738  09306181348         357       23870        242279306181401     13 2 0344363HEMEL06                  11581  2123106015738060001   049706504650    00     759      0              000000000000000000000000000000000     0     0 0     
