        9505728 31401412011246  015738  0930601 735         190       32356        32546930601 758     23 2 0344363HEMEL06                  11581  2123106015738060001   027280286600    00    1380      0              000000000000000000000000000000000     0     0 0     
        9522069 31401412011246  015738  0930601 819          53        3137         3190930601 821      1 3 0344363HEMEL06                  11581  2123106015738060001   029967300320    00      65      0              000000000000000000000000000000000     0     0 0     
        9522958 31401412011246  015738  0930601 822          21         723          744930601 822      0 2 0344363HEMEL06                  11581  2123106015738060001   030106301220    00      16      0              000000000000000000000000000000000     0     0 0     
        9523084 31401412011246  015738  0930601 822          65       14505        14570930601 824      2 3 0344363HEMEL06                  11581  2123106015738060001   030128302650    00     137      0              000000000000000000000000000000000     0     0 0     
        9524171 31401412011246  015738  0930601 825          21         723          744930601 826      1 2 0344363HEMEL06                  11581  2123106015738060001   030319303520    00      33      0              000000000000000000000000000000000     0     0 0     
        9524471 31401422011246  015738  0930601 826          26         424          450930601 827      0 3 0344363HEMEL06                  11581  2123106015738060001   030372303960    00      24      0              000000000000000000000000000000000     0     0 0     
        9531319 31401412011246  015738  0930601 846        1827      164898       166725930601 958     72 2 0344363HEMEL06                  11581  2123106015738060001   031563358670    00    4304      0              000000000000000000000000000000000     0     0 0     
        9557060 314014120 3716  015738  0930601 958         151       33149        333009306011202    123 2 0344363HEMEL06                  11581  2123106015738060001   035901433030    00    7402      0              000000000000000000000000000000000     0     0 0     
        9626971 31401412011246  015738  09306011206        2596      225249       2278459306011505    179 2 0344363HEMEL06                  11581  2123106015738060001   043537542940    00   10757      0              000000000000000000000000000000000     0     0 0     
        2289559 31401412011246  015738  0930602 720        2076      215041       2171179306021211    290 3 0344363HEMEL06                  11581  2123106015738060001   026424438400    00   17416      0              000000000000000000000000000000000     0     0 0     
        2453224 314014120 3716  015738  09306021230         429       59500        599299306021403     94 2 0344363HEMEL06                  11581  2123106015738060001   044983505970    00    5614      0              000000000000000000000000000000000     0     0 0     
        2582258 31401412011246  015738  09306021405         114       24663        247779306021452     47 2 0344363HEMEL06                  11581  2123106015738060001   050729535330    00    2804      0              000000000000000000000000000000000     0     0 0     
       12871479 31401412011246  015738  0930603 728        1253      113911       1151649306031245    318 2 0344363HEMEL06                  11581  2123106015738060001   026857459230    00   19066      0              000000000000000000000000000000000     0     0 0     
       13071575 31401412011246  015738  09306031251         176       44943        451199306031332     40 2 0344363HEMEL06                  11581  2123106015738060001   046289486940    00    2405      0              000000000000000000000000000000000     0     0 0     
       13143348 31401412011246  015738  09306031343        1765      103093       1048589306031452     70 2 0344363HEMEL06                  11581  2123106015738060001   049355535290    00    4174      0              000000000000000000000000000000000     0     0 0     
       13263937 31401412011246  015738  09306031502         625       23346        239719306031507      5 3 0344363HEMEL06                  11581  2123106015738060001   054105544010    00     296      0              000000000000000000000000000000000     0     0 0     
        1410840 314014120 3716  015738  0930604 723         344       33153        33497930604 744     20 2 0344363HEMEL06                  11581  2123106015738060001   026596278200    00    1224      0              000000000000000000000000000000000     0     0 0     
        1421437 314014120 3716  015738  0930604 747         328       82850        83178930604 911     84 2 0344363HEMEL06                  11581  2123106015738060001   028034330460    00    5012      0              000000000000000000000000000000000     0     0 0     
        1478607 314014120 3716  015738  09306041002         459       62898        633579306041207    126 2 0344363HEMEL06                  11581  2123106015738060001   036097436430    00    7546      0              000000000000000000000000000000000     0     0 0     
        1556733 314014120 3716  015738  09306041208          82       15256        153389306041226     19 2 0344363HEMEL06                  11581  2123106015738060001   043660447860    00    1126      0              000000000000000000000000000000000     0     0 0     
        1645375 31401412011246  015738  09306041322         121       23165        232869306041401     38 2 0344363HEMEL06                  11581  2123106015738060001   048127504330    00    2306      0              000000000000000000000000000000000     0     0 0     
       11965516 31401412011246  015738  0930607 713         700       75458        76158930607 831     77 2 0344363HEMEL06                  11581  2123106015738060001   025988306330    00    4645      0              000000000000000000000000000000000     0     0 0     
       11994510 314014120 3716  015738  0930607 833         911      110299       1112109306071014    101 2 0344363HEMEL06                  11581  2123106015738060001   030776368420    00    6066      0              000000000000000000000000000000000     0     0 0     
       12107944 31401412011246  015738  09306071216           0         137          1379306071217      0 2 0344363HEMEL06                  11581  2123106015738060001   044187442110    00      24      0              000000000000000000000000000000000     0     0 0     
       12108994 314014120 3716  015738  09306071217         599       65696        662959306071452    155 2 0344363HEMEL06                  11581  2123106015738060001   044247535390    00    9292      0              000000000000000000000000000000000     0     0 0     
        9967502 31401412011246  015738  0930608 741        2617      252855       2554729306081414    394 3 0344363HEMEL06                  11581  2123106015738060001   027630512560    00   23626      0              000000000000000000000000000000000     0     0 0     
       12876343 314014120 3716  015738  0930609 757         225       52880        53105930609 822     26 2 0344363HEMEL06                  11581  2123106015738060001   028592301460    00    1554      0              000000000000000000000000000000000     0     0 0     
       12899923 31401422011246  015738  0930609 905         219       36365        36584930609 924     18 2 0344363HEMEL06                  11581  2123106015738060001   032729338190    00    1090      0              000000000000000000000000000000000     0     0 0     
       12929349 31401412011246  015738  09306091029         187       27794        279819306091427    238 3 0344363HEMEL06                  11581  2123106015738060001   037738520220    00   14284      0              000000000000000000000000000000000     0     0 0     
       13170652 314014120 3716  015738  09306091429          21         726          7479306091430      0 2 0344363HEMEL06                  11581  2123106015738060001   052151521740    00      23      0              000000000000000000000000000000000     0     0 0     
       13171468 314014120 3716  015738  09306091430          38        1450         14889306091430      1 3 0344363HEMEL06                  11581  2123106015738060001   052184522270    00      43      0              000000000000000000000000000000000     0     0 0     
       13174004 31401412011246  015738  09306091432          30         425          4559306091432      1 3 0344363HEMEL06                  11581  2123106015738060001   052293523340    00      41      0              000000000000000000000000000000000     0     0 0     
       13176420 314014120 3716  015738  09306091433          21         726          7479306091433      0 2 0344363HEMEL06                  11581  2123106015738060001   052390524040    00      14      0              000000000000000000000000000000000     0     0 0     
       13177015 314014120 3716  015738  09306091434          95        3833         39289306091435      1 3 0344363HEMEL06                  11581  2123106015738060001   052414524940    00      80      0              000000000000000000000000000000000     0     0 0     
       13180665 31401412011246  015738  09306091436          26         500          5269306091438      2 3 0344363HEMEL06                  11581  2123106015738060001   052565526770    00     112      0              000000000000000000000000000000000     0     0 0     
       13185375 314014120 3716  015738  09306091439          18         777          7959306091440      1 2 0344363HEMEL06                  11581  2123106015738060001   052761527930    00      32      0              000000000000000000000000000000000     0     0 0     
       13186293 31401412011246  015738  09306091440          24         726          7509306091440      0 2 0344363HEMEL06                  11581  2123106015738060001   052802528230    00      21      0              000000000000000000000000000000000     0     0 0     
       13186956 314014120 3716  015738  09306091440          58        1271         13299306091450      9 3 0344363HEMEL06                  11581  2123106015738060001   052829533830    00     554      0              000000000000000000000000000000000     0     0 0     
       13202338 314014120 3716  015738  09306091451          21         726          7479306091451      0 2 0344363HEMEL06                  11581  2123106015738060001   053448534650    00      17      0              000000000000000000000000000000000     0     0 0     
       13202981 314014120 3716  015738  09306091451          22         779          8019306091452      1 2 0344363HEMEL06                  11581  2123106015738060001   053475535110    00      36      0              000000000000000000000000000000000     0     0 0     
       13208574 31401422011246  015738  09306091455         113       16331        164449306091457      2 2 0344363HEMEL06                  11581  3123106015738060001   053704538360    00     132      0              000000000000000000000000000000000     0     0 0     
       13212707 31401412011246  015738  09306091458          40         660          7009306091459      1 3 0344363HEMEL06                  11581  2123106015738060001   053878539270    00      49      0              000000000000000000000000000000000     0     0 0     
        3810364 314014120 3716  015738  0930610 730         578       44760        45338930610 839     69 2 0344363HEMEL06                  11581  2123106015738060001   027024311470    00    4123      0              000000000000000000000000000000000     0     0 0     
        3838057 314014120 3716  015738  0930610 845        1450      144286       1457369306101204    198 2 0344363HEMEL06                  11581  2123106015738060001   031528434290    00   11901      0              000000000000000000000000000000000     0     0 0     
        4024895 31401412011246  015738  09306101322         682       59937        606199306101414     52 2 0344363HEMEL06                  11581  2123106015738060001   048134512650    00    3131      0              000000000000000000000000000000000     0     0 0     
