       14492020 314014120 3716  015738  0930521 756         794       87813        88607930521 932     96 2 0344363HEMEL06                  11581  2123106015738060001   028534343080    00    5774      0              000000000000000000000000000000000     0     0 0     
       14614164 314014120 3716  015738  09305211209        3415      326653       3300689305211415    126 2 0344363HEMEL06                  11581  2123106015738060001   043738512870    00    7549      0              000000000000000000000000000000000     0     0 0     
        5041517 314014120 3716  015738  0930524 740         279       44880        45159930524 848     68 2 0344363HEMEL06                  11581  2123106015738060001   027605316950    00    4090      0              000000000000000000000000000000000     0     0 0     
        5067200 314014120 3716  015738  0930524 854        1760      186363       1881239305241205    190 2 0344363HEMEL06                  11581  2123106015738060001   032066434750    00   11409      0              000000000000000000000000000000000     0     0 0     
        5159085 31401412011246  015738  09305241205         300       38435        387359305241425    140 2 0344363HEMEL06                  11581  2123106015738060001   043502518870    00    8385      0              000000000000000000000000000000000     0     0 0     
       12690980 314014120 3716  015738  09305241433         119       15466        155859305241456     23 2 0344363HEMEL06                  11581  2123106015738060001   052404537630    00    1359      0              000000000000000000000000000000000     0     0 0     
        1184489 314014120 3716  015738  09305251430         417       34664        350819305251437      7 3 0344363HEMEL06                  11581  2123106015738060001   052190526190    00     429      0              000000000000000000000000000000000     0     0 0     
        1208423 31401412011246  015738  09305251445          21         724          7459305251446      0 2 0344363HEMEL06                  11581  2123106015738060001   053117531390    00      22      0              000000000000000000000000000000000     0     0 0     
        1209950 314014220 3716  015738  09305251446          21         724          7459305251447      0 2 0344363HEMEL06                  11581  2123106015738060001   053177532010    00      24      0              000000000000000000000000000000000     0     0 0     
        1210972 31401412011246  015738  09305251447          68        2312         23809305251447      1 2 0344363HEMEL06                  11581  2123106015738060001   053219532490    00      30      0              000000000000000000000000000000000     0     0 0     
        1211914 314014120 3716  015738  09305251448          79       13897        139769305251504     17 2 0344363HEMEL06                  11581  2123106015738060001   053256542510    00     995      0              000000000000000000000000000000000     0     0 0     
       10297753 31401412011246  015738  0930525 731        2179      225187       227366930525 951    140 2 0344363HEMEL06                  11581  2123106015738060001   027086354690    00    8383      0              000000000000000000000000000000000     0     0 0     
       10482047 314014120 3716  015738  09305251251         773       46690        474639305251357     65 2 0344363HEMEL06                  11581  2123106015738060001   046274501990    00    3925      0              000000000000000000000000000000000     0     0 0     
        3584069 31401412011246  015738  0930526 727        1129       97800        98929930526 857     90 3 0344363HEMEL06                  11581  2123106015738060001   026812322350    00    5423      0              000000000000000000000000000000000     0     0 0     
        3632158 31401412011246  015738  0930526 932         844       65448        662929305261215    163 2 0344363HEMEL06                  11581  2123106015738060001   034327440840    00    9757      0              000000000000000000000000000000000     0     0 0     
        3733614 31401412011246  015738  09305261218        1347      156004       1573519305261452    154 2 0344363HEMEL06                  11581  2123106015738060001   044260535270    00    9267      0              000000000000000000000000000000000     0     0 0     
        4229789 314014120 3716  015738  0930527 729         667       50470        51137930527 739     10 2 0344363HEMEL06                  11581  2123106015738060001   026941275650    00     624      0              000000000000000000000000000000000     0     0 0     
        4269687 314014120 3716  015738  0930527 917           0         137          137930527 918      0 2 0344363HEMEL06                  11581  2123106015738060001   033431334540    00      23      0              000000000000000000000000000000000     0     0 0     
        4270047 31401412011246  015738  0930527 918          11         160          171930527 919      1 2 0344363HEMEL06                  11581  2123106015738060001   033488335210    00      33      0              000000000000000000000000000000000     0     0 0     
        4273223 314014120 3716  015738  0930527 926        3668      213740       2174089305271450    323 2 0344363HEMEL06                  11581  2123106015738060001   033988533720    00   19384      0              000000000000000000000000000000000     0     0 0     
        2548140 314014120 3716  015738  0930528 731         123       28739        28862930528 736      5 2 0344363HEMEL06                  11581  2123106015738060001   027046273560    00     310      0              000000000000000000000000000000000     0     0 0     
        2552005 314014120 3716  015738  0930528 738        1295       47801        49096930528 745      7 2 0344363HEMEL06                  11581  2123106015738060001   027500279280    00     428      0              000000000000000000000000000000000     0     0 0     
        2558128 31401412011246  015738  0930528 751         279       36130        36409930528 847     57 2 0344363HEMEL06                  11581  2123106015738060001   028243316420    00    3399      0              000000000000000000000000000000000     0     0 0     
        2606421 31401412011246  015738  0930528 941        2878      268790       2716689305281408    267 2 0344363HEMEL06                  11581  2123106015738060001   034838508650    00   16027      0              000000000000000000000000000000000     0     0 0     
