       10227787 31401412011246  015738  09306211428         308       63974        642829306211458     30 2 0344363HEMEL06                  11581  2123106015738060001   052054538520    00    1798      0              000000000000000000000000000000000     0     0 0     
       13653220 31401412011246  015738  0930621 723         739       82159        82898930621 801     38 2 0344363HEMEL06                  11581  2123106015738060001   026554288450    00    2291      0              000000000000000000000000000000000     0     0 0     
       13667125 31401412011246  015738  0930621 801          64        7230         7294930621 820     19 2 0344363HEMEL06                  11581  2123106015738060001   028859300040    00    1145      0              000000000000000000000000000000000     0     0 0     
       13709880 314014120 3716  015738  09306211004         328       53363        536919306211015     11 2 0344363HEMEL06                  11581  2123106015738060001   036251369120    00     661      0              000000000000000000000000000000000     0     0 0     
       13783759 31401412011246  015738  09306211214         623       42729        433529306211327     73 2 0344363HEMEL06                  11581  2123106015738060001   044048484290    00    4381      0              000000000000000000000000000000000     0     0 0     
       10650799 314014120 3716  015738  0930622 731         208       40723        40931930622 740      9 2 0344363HEMEL06                  11581  2123106015738060001   027031275740    00     543      0              000000000000000000000000000000000     0     0 0     
       10655009 31401412011246  015738  0930622 742        1342      117116       1184589306221251    309 2 0344363HEMEL06                  11581  2123106015738060001   027714462630    00   18549      0              000000000000000000000000000000000     0     0 0     
       10833080 314014120 3716  015738  09306221252         381       39863        402449306221414     82 2 0344363HEMEL06                  11581  2123106015738060001   046319512360    00    4917      0              000000000000000000000000000000000     0     0 0     
       11563401 31401412011246  015738  0930623 753         456       81028        814849306231033    161 2 0344363HEMEL06                  11581  2123106015738060001   028352379960    00    9644      0              000000000000000000000000000000000     0     0 0     
       11623941 314014120 3716  015738  09306231046        2323      162936       1652599306231454    248 2 0344363HEMEL06                  11581  2123106015738060001   038759536360    00   14877      0              000000000000000000000000000000000     0     0 0     
       12799322 314014120 3716  015738  0930624 723        1069      133306       134375930624 905    102 2 0344363HEMEL06                  11581  2123106015738060001   026555326700    00    6115      0              000000000000000000000000000000000     0     0 0     
       12834176 31401412011246  015738  0930624 905         122       22674        22796930624 937     32 2 0344363HEMEL06                  11581  2123106015738060001   032690346120    00    1922      0              000000000000000000000000000000000     0     0 0     
       12846711 31401412011246  015738  0930624 945        1327      132670       1339979306241044     59 2 0344363HEMEL06                  11581  2123106015738060001   035078386290    00    3551      0              000000000000000000000000000000000     0     0 0     
       12869454 314014120 3716  015738  09306241045         954       68496        694509306241301    136 2 0344363HEMEL06                  11581  2123106015738060001   038677468380    00    8161      0              000000000000000000000000000000000     0     0 0     
       13025882 31401412011246  015738  09306241338         932      100533       1014659306241453     75 3 0344363HEMEL06                  11581  2123106015738060001   049071535510    00    4480      0              000000000000000000000000000000000     0     0 0     
       13132248 31401412011246  015738  09306241453          55         260          3159306241454      0 2 0344363HEMEL06                  11581  2123106015738060001   053608536350    00      27      0              000000000000000000000000000000000     0     0 0     
       13133030 31401412011246  015738  09306241454          81       15320        154019306241455      1 2 0344363HEMEL06                  11581  2123106015738060001   053641537060    00      65      0              000000000000000000000000000000000     0     0 0     
