17673771051614512 5062  0  581  09110032321         903      160356       161259911004  13     51 2 0264452BRS;                      8531  212310600 581000011   084085  7690    00    3084
1796212 315114712 5062  0  581  09110032360          26         641          667911004   0      0 2 0264452BRS;                      3020  612310600 581000011   086388   150    00      27
1796978 315114712 5062  0  581  0911004   1          26         641          667911004   1      0 2 0264452BRS;                      3020  612310600 581000011   0   46   730    00      27
1797236 224220216 5062  0  581  0911004   1         482       65534        66016911004  15     14 2 0534747B0566ZJU454;              8916  012310600 581000011   0   66  9040    00     838
1797696 315114712 5062  0  581  0911004   2          29         569          598911004   2      0 3 0264452BRS;                      3020  612310600 581000011   0  103  1290    00      26
1802037 706114516 5062  0  581  0911004   8         190       35005        35195911004  21     14 3 0264452BRS;                      1059 1312310600 581000011   0  458 12710    00     813
18076561006114412 5062  0  581  0911004  16         229       14624        14853911004  24      9 2 0264452BRS;                      7909  312310600 581000011   0  932 14660    00     534
18110691236114416 5062  0  581  0911004  21         197       15412        15609911004  26      6 2 0264452BRS;                      2584 1212310600 581000011   0 1239 15890    00     350
1813196 652516116 5062  0  581  0911004  24         191       28572        28763911004  33      9 3 0264452BRS;                      3654 3312310600 581000011   0 1424 19600    00     536
1817083 224222512 5062  0  581  0911004  30         771       19210        19981911004  41     11 3 0 71720TYM.4406;                 8915  010310600 581000001   0 1781 24640    00     683
1819619 527717116 5062  0  581  0911004  33          60        5608         5668911004  37      4 3 0264452BRS;                      9581 3612310600 581000011   0 1992 22280    00     236
1820923 224215716 5062  0  581  0911004  35         177       64167        64344911004  57     22 2 0605204B0027ZJU140;              8916  012310600 581000011   0 2111 34300    00    1319
1823265 527717116 5062  0  581  0911004  39         203       53747        53950911004 104     26 2 0264452BRS;                      9581 3212310600 581000011   0 2322 38550    00    1533
1826431 636716116 5062  0  581  0911004  43         137        2756         2893911004  48      4 2 0264452BRS;                       413 5512310600 581000011   0 2603 28560    00     253
18290851006115012 5062  0  581  0911004  47         198       10560        10758911004  54      7 2 0264452BRS;                      7909  412310600 581000011   0 2841 32340    00     393
1829124 527715216 5062  0  581  0911004  47         345       40478        40823911004  58     10 3 0264452BRS;                      9581 1012310600 581000011   0 2845 34690    00     624
1830442 315114712 5062  0  581  0911004  49          26         641          667911004  50      0 2 0264452BRS;                      3020  612310600 581000011   0 2960 29880    00      28
1831119 315114412 5062  0  581  0911004  50          26         641          667911004  51      0 2 0264452BRS;                      3020  612310600 581000011   0 3019 30460    00      27
1831760 646214412 5062  0  581  0911004  51          95       74549        74644911004 119     28 2 0264452BRS;                      1955  012310600 581000011   0 3075 47260    00    1651
1831778 315114412 5062  0  581  0911004  51          29         569          598911004  52      0 3 0264452BRS;                      3020  612310600 581000011   0 3077 31030    00      26
1835147 706114116 5062  0  581  0911004  56         120       27273        27393911004 107     10 3 0264452BRS;                      1059  112310600 581000011   0 3375 39900    00     615
1836499 710014416 5062  0  581  0911004  58           3         270          273911004  58      0 2 0264452BRS;                      6450  412310600 581000011   0 3490 34940    00       4
1845928 224222516 5062  0  581  0911004 111          55       30037        30092911004 115      4 2 0567515B0668ZJU0EF;              8916  012310600 581000011   0 4260 45250    00     265
1849433 403514316 5062  0  581  0911004 117         130         343          473911004 117      0 3 0515720FTC.4408;                 4394  010310600 581000001   0 4599 46250    00      26
1853782 275414212 5062  0  581  0911004 124          48       10046        10094911004 129      6 2 0264452BRS;                      2426  212310600 581000011   0 5028 53600    00     332
1854601 271216716 5062  0  581  0911004 125         243      101371       101614911004 141     16 2 0264452BRS;                      4562 3312310600 581000011   0 5117 60880    00     971
1855321 710014416 5062  0  581  0911004 127           3         270          273911004 127      0 2 0264452BRS;                      6450  112310600 581000011   0 5198 52020    00       4
1856377 224223116 5062  0  581  0911004 128         513       39962        40475911004 159     30 2 0534624B0257ZJU072;              8916  012310600 581000011   0 5295 71120    00    1817
1856426 646215012 5062  0  581  0911004 128         287       61832        62119911004 150     22 2 0264452BRS;                      1955  212310600 581000011   0 5299 65910    00    1292
1856740 710015716 5062  0  581  0911004 129           3         270          273911004 129      0 2 0264452BRS;                      6450 1212310600 581000011   0 5325 53290    00       4
1858004 710014616 5062  0  581  0911004 131           3         270          273911004 131      0 2 0264452BRS;                      6450 2312310600 581000011   0 5440 54440    00       4
1858403 632515316 5062  0  581  0911004 131         610       20323        20933911004 155     24 3 0264452BRS;                      8257 1512310600 581000011   0 5474 69280    00    1454
1870781 351323412 5062  0  581  0911004 152         324         806         1130911004 154      2 3 0 71725TYM.4501;                 3150  010310600 581000001   0 6701 68200    00     119
1872242 351314612 5062  0  581  0911004 154         155         324          479911004 155      1 3 0 71725TYM.4501;                 3150  010310600 581000001   0 6857 69090    00      52
1872780 412115012 5062  0  581  0911004 155         203       22339        22542911004 203      8 2 0264452BRS;                      4026 1012310600 581000011   0 6915 74050    00     490
1873097 351315312 5062  0  581  0911004 156         373       10717        11090911004 202      6 3 0 71725TYM.4501;                 3150  010310600 581000001   0 6948 73200    00     372
1873531 274516616 5062  0  581  0911004 157         297      111996       112293911004 226     29 2 0264452BRS;                      6999 2112310600 581000011   0 6993 87560    00    1763
1875877 666515212 5062  0  581  0911004 201        2974       60174        63148911004 301     61 3 0 71724TYM.4411;                 8734  010310600 581000001   0 7236108810    00    3645
1877389 400320116 5062  0  581  0911004 203         578        7429         8007911004 213     10 3 0 71722TYM.4408;                 3133  010310600 581000001   0 7388 79980    00     610
1880498 706114616 5062  0  581  0911004 209         282       23544        23826911004 227     18 2 0264452BRS;                      1059 2412310600 581000011   0 7728 88370    00    1109
1884095 224223016 5062  0  581  0911004 216         713      158943       159656911004 241     25 2 0534747B0566ZJU454;              8916  012310600 581000011   0 8156 96470    00    1491
18844191013314112 5062  0  581  0911004 217         227       17962        18189911004 223      7 2 0264452BRS;                      7990  012310600 581000011   0 8194 86060    00     412
1887877 400321112 5062  0  581  0911004 224         385        1943         2328911004 230      6 3 0 71744TYM.5301;                 3133  010310600 581000001   0 8625 89730    00     348
1890799 400316112 5062  0  581  0911004 230         221        1850         2071911004 233      3 3 0 71744TYM.5301;                 3133  010310600 581000001   0 8991 91590    00     168
1890871 315114112 5062  0  581  0911004 230          26         641          667911004 230      0 2 0264452BRS;                      3020  012310600 581000011   0 9001 90290    00      28
1895089 400317012 5062  0  581  0911004 239         215         940         1155911004 243      414 0 71744TYM.5301;                 3133  010310600 581000001   0 9542 98090    00     267
1895138 224221616 5062  0  581  0911004 239          60         534          594911004 243      4 3 0567537B0597ZJU0AV;              8916  012310600 581000011   0 9548 98090    00     261
1898269 666514512 5062  0  581  0911004 244          63         149          212911004 244      0 3 0 71724TYM.4411;                 8734  010310600 581000001   0 9816 98260    00      10
1898482 400316112 5062  0  581  0911004 244         427        9414         9841911004 250      6 3 0 71744TYM.5301;                 3133  010310600 581000001   0 9823101910    00     368
1898523 224221616 5062  0  581  0911004 244         144       18373        18517911004 249      6 3 0534746B0385ZJU226;              8916  012310600 581000011   0 9824101570    00     333
1902591 662414516 5062  0  581  0911004 250         107       18612        18719911004 258      7 3 0264452BRS;                      9126  212310600 581000011   010225106550    00     430
1904139 400317012 5062  0  581  0911004 253         245        3402         3647911004 255      2 3 0 71744TYM.5301;                 3133  010310600 581000001   010398105060    00     108
1906460 666514512 5062  0  581  0911004 258         408       40480        40888911004 305      7 3 0 71724TYM.4411;                 8734  010310600 581000001   010692110970    00     405
1906519 224220016 5062  0  581  0911004 258         379       45416        45795911004 308     10 2 0534747B0566ZJU454;              8916  012310600 581000011   010701112960    00     595
19100161052015312 5062  0  581  0911004 306         254        5094         5348911004 313      7 2 0264452BRS;                      8796 1312310600 581000011   011147115600    00     413
1910343 527716616 5062  0  581  0911004 307         176       41880        42056911004 319     13 2 0264452BRS;                      9581 1512310600 581000011   011190119460    00     756
1913016 444714516 5062  0  581  0911004 313          56        8710         8766911004 317      4 2 0264452BRS;                       534  712310600 581000011   011559118020    00     243
1915787 444714516 5062  0  581  0911004 319          71       12981        13052911004 323      4 2 0264452BRS;                       534  712310600 581000011   011932121830    00     251
1915929 224217716 5062  0  581  0911004 319         215        2209         2424911004 326      7 2 0534747B0566ZJU454;              8916  012310600 581000011   011956123540    00     398
1917641 362514116 5062  0  581  0911004 323          50       47891        47941911004 328      5 2 0264452BRS;                      6582  212310600 581000011   012200124760    00     276
1919790 362514116 5062  0  581  0911004 329          51       50241        50292911004 334      5 2 0264452BRS;                      6582  212310600 581000011   012530128260    00     296
19222681032014312 5062  0  581  0911004 335         116        6341         6457911004 339      4 2 0264452BRS;                      5290  112310600 581000011   012920131300    00     210
1923895 362514616 5062  0  581  0911004 340          50       51884        51934911004 345      5 2 0264452BRS;                      6582  212310600 581000011   013188135020    00     314
1924881 740614212 5062  0  581  0911004 343         210       44130        44340911004 347      5 3 0 71720TYM.4406;                 8915  010310600 581000001   013360136360    00     276
1925942 271216016 5062  0  581  0911004 346          91       37282        37373911004 351      5 2 0264452BRS;                      4562 2312310600 581000011   013543138590    00     316
1927092 740620412 5062  0  581  0911004 349         251       21339        21590911004 353      4 3 0 71720TYM.4406;                 8915  010310600 581000001   013740139580    00     218
1929332 527715116 5062  0  581  0911004 355         181        9556         9737911004 401      6 3 0264452BRS;                      9581 1512310600 581000011   014112144420    00     330
1929525 740620012 5062  0  581  0911004 356         230       41602        41832911004 360      4 3 0 71720TYM.4406;                 8915  010310600 581000001   014144143900    00     246
1931853 215115212 5062  0  581  0911004 401         275        3786         4061911004 405      4 3 0220070WUI.5052;                  602  010310600 581000001   014486147260    00     240
1936200 224220216 5062  0  581  0911004 413         157       16809        16966911004 419      7 2 0534746B0385ZJU226;              8916  012310600 581000011   015158155680    00     410
1937665 400322112 5062  0  581  0911004 417         844       36585        37429911004 437     21 3 0 71744TYM.5301;                 3133  010310600 581000001   015403166370    00    1234
1939311 740622612 5062  0  581  0911004 421         858       24248        25106911004 436     15 3 0 71724TYM.4411;                 8915  010310600 581000001   015685165580    00     873
1941233 666515112 5062  0  581  0911004 427         287        3879         4166911004 430      2 3 0 71724TYM.4411;                 8734  010310600 581000001   016039161870    00     148
1944191 666514412 5062  0  581  0911004 437        1269       30899        32168911004 502     26 3 0 71724TYM.4411;                 8734  010310600 581000001   016615181490    00    1534
1944406 400314416 5062  0  581  0911004 438         394       28208        28602911004 453     15 3 0163402TYM.5052;                 3900  010310600 581000001   016656175800    00     924
1950280 224221716 5062  0  581  0911004 458         276        4621         4897911004 506      8 2 0534746B0385ZJU226;              8916  012310600 581000011   017904183600    00     456
1954346 655115112 5062  0  581  0911004 514         105       11154        11259911004 518      4 2 0264452BRS;                      2745 1112310600 581000011   018860191070    00     247
1958113 211215212 5062  0  581  0911004 533         819       92984        93803911004 605     32 3 0124672WUI.4408;                  600  010310600 581000001   019958219010    00    1943
19595881272314712 5062  0  581  0911004 540         318        5441         5759911004 544      4 3 0442660RCA.4501;                 3578  010310600 581000001   020406206210    00     215
19608901272316112 5062  0  581  0911004 546         235         813         1048911004 547      2 3 0442660RCA.4501;                 3578  010310600 581000001   020748208410    00      93
1961044 351314612 5062  0  581  0911004 547         292        2278         2570911004 549      2 3 0 71725TYM.4501;                 3150  010310600 581000001   020793209300    00     137
4195522 700121112 5062  0  581  09110041644          40        5886         59269110041645      2 2 0264452BRS;                      2631 1712310600 581000011   060215603170    00     102
4196112 435314712 5062  0  581  09110041644          97       28676        287739110041655     11 2 0264452BRS;                      9206  712310600 581000011   060247609020    00     655
4196470 527717116 5062  0  581  09110041644         123       20665        207889110041651      7 2 0264452BRS;                      9581 1012310600 581000011   060264606630    00     399
4198908 661414516 5062  0  581  09110041647           3          95           989110041647      1 3 0264452BRS;                      8740  312310600 581000011   060395604370    00      42
42001301167115116 5062  0  581  09110041648         108       12421        125299110041653      6 2 0264452BRS;                     10597  512310600 581000011   060459607950    00     336
4200938 6614147 1 5062  0  581  09110041648           3         131          1349110041649      0 2 0264452BRS;                      8740  312310600 581000011   060504605140    00      10
42016551054314712 5062  0  581  09110041649         789       50852        516419110041707     18 2 0264452BRS;                      8537  012310600 581000011   060544616010    00    1057
4203731 555314116 5062  0  581  09110041651          24         270          2949110041652      1 2 0264452BRS;                      4600  012310600 581000011   060658607060    00      48
4206083 353014716 5062  0  581  09110041653        1702       13736        154389110041718     25 2 0264452BRS;                      8794  612310600 581000011   060782622590    00    1477
4206274 353015016 5062  0  581  09110041653         587       12316        129039110041705     11 2 0264452BRS;                      8794 1112310600 581000011   060793614740    00     681
4207343 527714416 5062  0  581  09110041654          54        5314         53689110041657      2 2 0264452BRS;                      9581 2712310600 581000011   060850609970    00     147
4207350 7456143 1 5062  0  581  09110041654         171        1363         15349110041657      3 2 0264452BRS;                      3275  112310600 581000011   060850610150    00     165
4208292 351220312 5062  0  581  09110041655         264       12229        124939110041701      5 3 0 71630TYM.3020;                 3134  010310600 581000011   060901612300    00     329
4212613 404514512 5062  0  581  09110041659         220        1841         20619110041709     10 3 0264452BRS;                      3857 1112310600 581000011   061133617440    00     611
4215823 747214312 5062  0  581  09110041702         109        2682         27919110041704      3 2 0264452BRS;                      6022  312310600 581000011   061301614540    00     153
4217615 726214516 5062  0  581  09110041703         585      128138       1287239110041729     26 3 0264452BRS;                      9194  012310600 581000011   061398629550    00    1557
4217784 555316516 5062  0  581  091103          16        1906         19229110041704      0 2 0264452BRS;                      4600 1112310600 581000011   061408614340    00      26
4219112 527715116 5062  0  581  09110041705         215       78737        789529110041719     15 2 0264452BRS;                      9581 3112310600 581000011   061478623550    00     877
42208721321414616 5062  0  581  09110041706         131        1228         13599110041710      4 3 0264452BRS;                      9349  412310600 581000011   061570617860    00     216
4222560 315117412 5062  0  581  09110041708          26         641          6679110041708      0 2 0264452BRS;                      3020 1112310600 581000011   061663616920    00      29
4223263 417515212 5062  0  581  09110041708          25         784          8099110041709      1 2 0264452BRS;                      4172  512310600 581000011   061701617380    00      37
4223629 315117212 5062  0  581  09110041709          26         639          6659110041709      0 2 0264452BRS;                      3020 1112310600 581000011   061723617450    00      22
4226666 434614219 5062  0  581  09110041711        8949       25725        346749110041834     82 3 0264452BRS;                      1841  012310600 581000011   061880668190    00    4939
4226849 676214212 5062  0  581  09110041712         341      187055       1873969110041749     38 2 0264452BRS;                      7225  112310600 581000011   061892641620    00    2270
42268641115617316 5062  0  581  09110041712          82        5138         52209110041715      3 3 0264452BRS;                      2262 3612310600 581000011   061894621030    00     209
4232409 311214312 5062  0  581  09110041717         178       23324        235029110041728     11 2 0264452BRS;                       890  212310600 581000011   062194628630    00     669
4234390 351215312 5062  0  581  09110041718         380       20994        213749110041729     10 3 0 71630TYM.3020;                 3134  010310600 581000011   062302629150    00     613
4238352 622114116 5062  0  581  09110041722          97       32297        323949110041728      6 2 0264452BRS;                      1752  012310600 581000011   062511628690    00     358
4245610 313715316 5062  0  581  09110041728          96       25554        256509110041733      4 3 0264452BRS;                      9199 1012310600 581000011   062909631600    00     251
4247009 451514512 5062  0  581  09110041730         210       21194        214049110041737      7 2 0264452BRS;                      4805 5712310600 581000011   062986634210    00     435
4247676 562614412 5062  0  581  09110041730         178       10722        109009110041734      4 2 0264452BRS;                      3615  112310600 581000011   063023632530    00     230
4253748 765514616 5062  0  581  09110041736          96        1371         14679110041739      3 2 0264452BRS;                      9623 3412310600 581000011   063340635190    00     179
4253770 710015116 5062  0  581  09110041736           3         270          2739110041736      0 2 0264452BRS;                      6450 4612310600 581000011   063340633450    00       5
4255179 520614712 5062  0  581  09110041737         160       94777        949379110041755     18 2 0264452BRS;                      6456  712310600 581000011   063413644960    00    1083
42562211167114212 5062  0  581  09110041738          61        1729         17909110041740      2 3 0264452BRS;                     10597  012310600 581000011   063466635950    00     129
4258114 351217312 5062  0  581  09110041739         341       46693        470349110041748      9 3 0 71630TYM.3020;                 3134  010310600 581000011   063564640930    00     529
42627331007614119 5062  0  581  09110041744         857      104346       1052039110041843     59 2 0264452BRS;                     19147  012310600 581000011   063818673660    00    3548
42697581062214116 5062  0  581  09110041750         112       33583        336959110041758      9 2 0264452BRS;                      8920  012310600 581000011   064178646950    00     517
42704631007614219 5062  0  581  09110041750          18         222          2409110041750      0 2 0264452BRS;                     19147  312310600 581000011   064217642250    00       8
4274597 415414416 5062  0  581  09110041754         141        3607         37489110041759      5 2 0264452BRS;                      4112  412310600 581000011   064435647620    00     327
42771081321115316 5062  0  581  09110041756         145       11267        114129110041803      7 2 0264452BRS;                      8615 1512310600 581000011   064559649640    00     405
4278436 534114416 5062  0  581  09110041757          37         822          8599110041758      0 2 0264452BRS;                      8963  012310600 581000011   064627646550    00      28
4280795 710017216 5062  0  581  09110041759           3         270          2739110041759      0 2 0264452BRS;                      6450 4112310600 581000011   064740647470    00       7
4281899 710017216 5062  0  581  09110041760           3         270          2739110041800      0 2 0264452BRS;                      6450 4112310600 581000011   064795648010    00       6
4282606 630514412 5062  0  581  09110041801          21         270          2919110041801      0 2 0264452BRS;                      7374  012310600 581000011   064831648540    00      23
4284806 534116116 5062  0  581  09110041802          37         830          8679110041803      0 2 0264452BRS;                      8963 2212310600 581000011   064940649670    00      27
4287562 700215320 5062  0  581  09110041805          73         689          7629110041806      2 2 0264452BRS;                      4796  012310600 581000011   065072651760    00     104
4287900 7001205 1 5062  0  581  09110041805          66         979         10459110041807      2 2 0264452BRS;                      2631 4712310600 581000011   065086652270    00     141
4288147 354314512 5062  0  581  09110041805          35        8343         83789110041807      2 3 0264452BRS;                      3243 2012310600 581000011   065097652190    00     122
42917931052014216 5062  0  581  09110041808        2614       46885        494999110041934     86 2 0264452BRS;                      8796 2112310600 581000011   065271704540    00    5183
4292239 370317312 5062  0  581  09110041808         394        9684        100789110041819     11 2 0264452BRS;                      9193 1112310600 581000011   065292659390    00     647
4292263 632517216 5062  0  581  09110041808          20         596          6169110041809      0 2 0264452BRS;                      8257 2112310600 581000011   065294653150    00      21
4297263 315120712 5062  0  581  09110041812          26         641          6679110041813      0 2 0264452BRS;                      3020 3312310600 581000011   065540655680    00      28
4298683 440615012 5062  0  581  09110041813         670      129540       1302109110041905     51 2 0264452BRS;                      5785 1112310600 581000011   065607686790    00    3072
4300481 425714212 5062  0  581  09110041815           0          95           959110041815      0 3 0433616FVL2;                     4300  112310600 581000011   065705657290    00      24
43005521321116216 5062  0  581  09110041815         179       19758        199379110041824      9 2 0264452BRS;                      8615 4312310600 581000011   065709662530    00     544
4304577 710014516 5062  0  581  09110041819           3         270          2739110041819      0 2 0264452BRS;                      6450  012310600 581000011   065919659240    00       5
4306957 527715516 5062  0  581  09110041821         123       17672        177959110041829      8 2 0264452BRS;                      9581 3412310600 581000011   066035665180    00     483
4307266 527715616 5062  0  581  09110041821         276       10837        111139110041833     12 2 0264452BRS;                      9581  612310600 581000011   066050667830    00     733
4311745 451522612 5062  0  581  09110041825         230       15311        155419110041838     13 2 0264452BRS;                      4805 2512310600 581000011   066279670620    00     783
4313778 370315012 5062  0  581  09110041826          80        4206         42869110041829      2 3 0264452BRS;                      9193  612310600 581000011   066377665260    00     149
4316891 466615512 5062  0  581  09110041829         159       25839        259989110041843     14 2 0264452BRS;                      5077 2712310600 581000011   066535673570    00     822
43170631167115412 5062  0  581  09110041829         138       13030        131689110041840     11 2 0264452BRS;                     10597  512310600 581000011   066544672200    00     676
4317267 443015012 5062  0  581  09110041829         268       17945        182139110041838      9 2 0264452BRS;                      4616 1012310600 581000011   066554670750    00     521
4322406 224415216 5062  0  581  09110041834         226       28404        286309110041857     24 2 0264452BRS;                      8944 2012310600 581000011   066810682420    00    1432
4329515 245320212 5062  0  581  09110041839         134        9400         95349110041844      4 2 0264452BRS;                       664 6012310600 581000011   067159674140    00     255
4335903 462015616 5062  0  581  09110041845         279       12977        132569110041851      7 2 0264452BRS;                      3494  512310600 581000011   067493678830    00     390
4335958 552614412 5062  0  581  09110041845         294        1550         18449110041850      5 2 0264452BRS;                      7025  212310600 581000011   067496678180    00     322
4336046 440614112 5062  0  581  09110041845          90        1375         14659110041847      2 2 0264452BRS;                      5785  612310600 581000011   067499676430    00     144
4339583 353016616 5062  0  581  09110041848         435       57573        580089110041911     23 2 0264452BRS;                      8794 1012310600 581000011   067681690860    00    1405
4341565 537317716 5062  0  581  09110041850          11         216          2279110041850      0 2 0264452BRS;                      1059 4712310600 581000011   067780677840    00       4
4342189 527715216 5062  0  581  09110041850          67        8622         86899110041854      4 2 0264452BRS;                      9581  512310600 581000011   067813680350    00     222
4344296 351615616 5062  0  581  09110041852         260       35720        359809110041859      7 2 0264452BRS;                      3195  312310600 581000011   067926683440    00     418
4346165 476417112 5062  0  581  09110041854         260        4681         49419110041859      5 2 0264452BRS;                      5285 3712310600 581000011   068026683440    00     318
4346185 451517212 5062  0  581  09110041854         158       38586        387449110041903      9 2 0264452BRS;                      4805 6712310600 581000011   068026685690    00     543
4349089 555114412 5062  0  581  09110041856         115        2232         23479110041859      3 2 0264452BRS;                       780  412310600 581000011   068174683390    00     165
4350153 723615416 5062  0  581  09110041857          47         434          4819110041901      4 3 0264452BRS;                      8571  712310600 581000011   068230684540    00     224
4351095 440614412 5062  0  581  09110041858          30         538          5689110041859      1 3 0264452BRS;                      5785  612310600 581000011   068277683230    00      46
4355712 326316512 5062  0  581  09110041902         159       14679        148389110041927     25 2 0537300DERM;                     9578 2312310600 581000011   068509699980    00    1489
4360314 537315516 5062  0  581  09110041906          34        7294         73289110041908      3 2 0264452BRS;                      1059 3312310600 581000011   068748689040    00     156
43605031011314216 5062  0  581  09110041906          11         182          1939110041921     15 2 0264452BRS;                      7962  212310600 581000011   068757696640    00     907
43673411132214412 5062  0  581  09110041912          19        1763         17829110041914      2 3 0264452BRS;                       433  312310600 581000011   069121692410    00     120
4370308 265514612 5062  0  581  09110041915          80       21469        215499110041925     10 2 0264452BRS;                      2616  012310600 581000011   069276698770    00     601
43710961132214412 5062  0  581  09110041915         183       44925        451089110041934     19 3 0264452BRS;                       433  312310600 581000011   069316704390    00    1123
4371153 316614212 5062  0  581  09110041915         134         922         10569110041920      5 2 0264452BRS;                      5578  112310600 581000011   069320695940    00     274
4373761 250314512 5062  0  581  09110041918          12         243          2559110041920      3 3 0264452BRS;                       872 1112310600 581000011   069457696280    00     171
4376727 466615512 5062  0  581  09110041920         216       31792        320089110042014     54 2 0264452BRS;                      5077 1112310600 581000011   069610728310    00    3221
4377549 316614212 5062  0  581  09110041921         152        4417         45699110041926      5 2 0264452BRS;                      5578 1112310600 581000011   069655699510    00     296
4378712 521116612 5062  0  581  09110041922         409       15708        161179110041936     14 2 0264452BRS;                      6334  012310600 581000011   069717705410    00     824
4379398 723614616 5062  0  581  09110041923         460        8393         88539110041938     16 3 0264452BRS;                      8571  712310600 581000011   069754706890    00     935
4379897 774315412 5062  0  581  09110041923          92        7945         80379110041928      5 3 0264452BRS;                      7386  212310600 581000011   069780700740    00     294
43815721011315416 5062  0  581  09110041925         202        5930         61329110041944     19 3 0264452BRS;                      7962 1212310600 581000011   069873710340    00    1161
4382475 555316316 5062  0  581  09110041925          58       20972        210309110041928      3 2 0264452BRS;                      4600 1312310600 581000011   069915700740    00     159
43826271032015012 5062  0  581  09110041925         262       30871        311339110041953     28 3 0264452BRS;                      5290  112310600 581000011   069924715990    00    1675
4382894 477114116 5062  0  581  09110041926         470       14590        150609110041938     13 2 0264452BRS;                      3175  112310600 581000011   069940706930    00     753
4387330 712414112 5062  0  581  09110041929         158       16985        171439110041953     24 2 0264452BRS;                      5866  112310600 581000011   070155716070    00    1452
4389206 254416012 5062  0  581  09110041931         360       36571        369319110041950     19 2 0264452BRS;                      2080 3112310600 581000011   070249713890    00    1140
4389298 311215012 5062  0  581  09110041931         219       24961        251809110041941     10 2 0264452BRS;                       890  712310600 581000011   070254708420    00     588
4389347 632116716 5062  0  581  09110041931          20         596          6169110041931      0 2 0264452BRS;                      8257 3012310600 581000011   070256702780    00      22
4394731 353015716 5062  0  581  09110041935         191        3299         34909110041938      2 2 0264452BRS;                      8794 1312310600 581000011   070522706620    00     140
4398091 553115216 5062  0  581  09110041938         183        2304         24879110041945      7 2 0264452BRS;                      9581 1112310600 581000011   070694710930    00     399
4398267 615114516 5062  0  581  09110041938          54        1112         11669110041940      2 2 0264452BRS;                      1785  512310600 581000011   070703708170    00     114
4398603 723615216 5062  0  581  09110041939         435      109275       1097109110042012     33 3 0264452BRS;                      8571  712310600 581000011   070719727050    00    1986
4399828 367514412 5062  0  581  09110041940          88       19771        198599110042004     24 2 0264452BRS;                      3456 1012310600 581000011   070784722330    00    1449
4401796 451620012 5062  0  581  09110041941         351        7337         76889110042008     27 3 0264452BRS;                      4806 4312310600 581000011   070884724760    00    1592
4403371 356614212 5062  0  581  09110041943        1152       34040        351929110042005     22 2 0264452BRS;                      3289  012310600 581000011   070966723100    00    1344
4408952 664520316 5062  0  581  09110041948         534       53543        540779110042021     33 2 0264452BRS;                      9986 4512310600 581000011   071253732410    00    1988
4409018 275314412 5062  0  581  09110041948         154       46865        470199110042008     21 3 0537300DERM;                     2425 2512310600 581000011   071257724890    00    1232
44169871174115312 5062  0  581  09110041954         405      221764       2221699110042055     61 2 0264452BRS;                     10933  212310600 581000011   071658753160    00    3658
4423241 313714616 5062  0  581  09110041960          25         270          2959110042001      1 2 0264452BRS;                      9199  212310600 581000011   071973720310    00      58
4423983 573315612 5062  0  581  09110042000         213        3175         33889110042008      8 3 0264452BRS;                     10351  612310600 581000011   072011725090    00     498
4425958 451517312 5062  0  581  09110042002         223        9068         92919110042009      7 2 0264452BRS;                      4805 2512310600 581000011   072106725510    00     445
4430167 266515516 5062  0  581  09110042005          90       11663        117539110042009      3 2 0264452BRS;                      9183 2612310600 581000011   072314725180    00     204
4435260 275316212 5062  0  581  09110042010         194       28517        287119110042031     21 3 0537300DERM;                     2425  212310600 581000011   072574738490    00    1275
4435477 435314616 5062  0  581  09110042010          96       19304        194009110042013      3 3 0264452BRS;                      9206  012310600 581000011   072584727630    00     179
4435603 552014316 5062  0  581  09110042010         461       95648        961099110042027     17 2 0264452BRS;                      8678 1112310600 581000011   072590735980    00    1008
4437916 434614651 5062  0  581  09110042012          14         276          2909110042012      0 2 0264452BRS;                      1841  012310600 581000011   072702727130    00      11
4439781 462115112 5062  0  581  09110042013          29        8394         84239110042015      2 2 0264452BRS;                      6301  712310600 581000011   072789729060    00     117
4440923 361514316 5062  0  581  09110042014         196       10636        108329110042019      5 2 0264452BRS;                      1551 1212310600 581000011   072843731310    00     288
4440946 434614619 5062  0  581  09110042014        1677        5123         68009110042030     16 3 0264452BRS;                      1841  012310600 581000011   072844738010    00     957
4443197 706216116 5062  0  581  09110042016         130       14270        144009110042024      9 2 0537300DERM;                     1059 1412310600 581000011   072951734610    00     510
4450006 236714112 5062  0  581  09110042021          72       16193        162659110042025      3 2 0264452BRS;                      9753 1412310600 581000011   073289734740    00     185
4454942 315116412 5062  0  581  09110042026          26         641          6679110042026      0 2 0264452BRS;                      3020 3412310600 581000011   073531735600    00      29
4455577 315116412 5062  0  581  09110042026          26         641          6679110042026      0 2 0264452BRS;                      3020 3412310600 581000011   073561735890    00      28
4456144 315116412 5062  0  581  09110042027          26         641          6679110042027      0 2 0264452BRS;                      3020 3412310600 581000011   073591736200    00      29
4456766 315116412 5062  0  581  09110042027          26         639          6659110042027      0 2 0264452BRS;                      3020 3412310600 581000011   073622736430    00      21
4456874 451514412 5062  0  581  09110042027         384       28206        285909110042043     15 2 0264452BRS;                      4805 7412310600 581000011   073627745510    00     924
4457199 315116412 5062  0  581  09110042027          29         569          5989110042028      0 3 0264452BRS;                      3020 3412310600 581000011   073645736730    00      28
4458276 654414616 5062  0  581  09110042028        1170       73162        743329110042058     29 2 0264452BRS;                      3319  212310600 581000011   073702754640    00    1762
44626671321415316 5062  0  581  09110042032         320        9891        102119110042045     12 2 0264452BRS;                      9349 1712310600 581000011   073926746750    00     749
4462865 632114416 5062  0  581  09110042032          91       11123        112149110042036      4 3 0264452BRS;                      8257  412310600 581000011   073937741500    00     213
44673991272017616 5062  0  581  09110042036          54        6323         63779110042038      2 2 0264452BRS;                      4101 2612310600 581000011   074163742590    00      96
4476198 351515412 5062  0  581  09110042044         399       58374        587739110042101     17 2 0264452BRS;                      3193  112310600 581000011   074626756440    00    1018
44782101032014212 5062  0  581  09110042046         233       47511        477449110042114     28 3 0264452BRS;                      5290  012310600 581000011   074735764370    00    1702
4481529 562614412 5062  0  581  09110042048         200        2829         30299110042051      3 2 0264452BRS;                      3615  012310600 581000011   074906750770    00     171
4483904 351215112 5062  0  581  09110042051         223        9932        101559110042053      3 3 0 71630TYM.3020;                 3134  010310600 581000011   075035752060    00     171
4490053 710016316 5062  0  581  09110042056           3         270          2739110042056      0 2 0264452BRS;                      6450  512310600 581000011   075365753690    00       4
4490858 710016716 5062  0  581  09110042057           3         270          2739110042057      0 2 0264452BRS;                      6450 3112310600 581000011   075409754140    00       5
4491864 710015516 5062  0  581  09110042058           3         270          2739110042058      0 2 0264452BRS;                      6450 3112310600 581000011   075466754710    00       5
4492789 710017016 5062  0  581  09110042059           3         270          2739110042059      0 2 0264452BRS;                      6450 3112310600 581000011   075518755230    00       5
4492980 743414212 5062  0  581  09110042059         151        5380         55319110042107      9 2 0264452BRS;                      7276  212310600 581000011   075531760430    00     512
4493493 344214220 5062  0  581  09110042059         282       51963        522459110042113     14 2 0264452BRS;                     16430  212310600 581000011   075559764090    00     850
4494277 710014116 5062  0  581  09110042100           3         270          2739110042100      0 2 0264452BRS;                      6450  012310600 581000011   075603756070    00       4
4499016 260615112 5062  0  581  09110042105          52        5294         53469110042106      2 2 0264452BRS;                      2176 3112310600 581000011   075871759810    00     110
4500126 702617316 5062  0  581  09110042106         242       13442        136849110042113      7 2 0264452BRS;                      6793 3712310600 581000011   075937763700    00     433
45011451167116016 5062  0  581  09110042107          53       11847        119009110042113      7 2 0264452BRS;                     10597  512310600 581000011   075991763860    00     395
4501739 417515312 5062  0  581  09110042107         111        6859         69709110042111      4 2 0264452BRS;                      4172 1312310600 581000011   076024762380    00     214
4502737 475114512 5062  0  581  09110042108         269        5098         53679110042113      5 2 0264452BRS;                      5251  712310600 581000011   076078763600    00     282
45080571167114316 5062  0  581  09110042113           3         270          2739110042114      0 2 0264452BRS;                     10597  512310600 581000011   076396764160    00      20
4508638 702615516 5062  0  581  09110042114          98        5354         54529110042119      5 2 0264452BRS;                      6793 3112310600 581000011   076430767400    00     310
45098031167114516 5062  0  581  09110042115          14        1801         18159110042130     15 2 0264452BRS;                     10597  512310600 581000011   076499774200    00     921
4510308 250315412 5062  0  581  09110042116        1778       93469        952479110042318    123 2 0264452BRS;                       872  412310600 581000011   076530839010    00    7371
4510868 370615412 5062  0  581  09110042116         195       26030        262259110042136     20 3 0264452BRS;                      3484 1612310600 581000011   076566777710    00    1205
4514540 702614516 5062  0  581  09110042120          52        1541         15939110042124      4 2 0264452BRS;                      6793 1612310600 581000011   076790770480    00     258
4518621 423214216 5062  0  581  09110042124         109       11099        112089110042127      3 2 0264452BRS;                      8811  212310600 581000011   077041772360    00     195
4520501 351217712 5062  0  581  09110042126         415       26883        272989110042137     12 3 0 71630TYM.3020;                 3134  010310600 581000011   077154778480    00     694
4524065 552314212 5062  0  581  09110042130          15         197          2129110042130      1 3 0264452BRS;                      7022  312310600 581000011   077371774270    00      56
4528267 706114516 5062  0  581  09110042134        1225      205403       2066289110042234     60 2 0264452BRS;                      1059  012310600 581000011   077646812670    00    3621
4528407 315115312 5062  0  581  09110042134          26         639          6659110042135      0 2 0264452BRS;                      3020  212310600 581000011   077655776760    00      21
4533604 534114516 5062  0  581  09110042140          28         541          5699110042143      3 2 0264452BRS;                      8963 3112310600 581000011   078005781720    00     167
4535865 706214116 5062  0  581  09110042143          61        2938         29999110042144      1 2 0264452BRS;                      1059  112310600 581000011   078165782370    00      72
4535927 313715416 5062  0  581  09110042143         111        2461         25729110042146      4 3 0264452BRS;                      9199  212310600 581000011   078169783870    00     218
4537039 710017416 5062  0  581  09110042144           3         270          2739110042144      0 2 0264452BRS;                      6450 3412310600 581000011   078250782540    00       4
4537874 766414116 5062  0  581  09110042145          51        1835         18869110042146      1 2 0264452BRS;                      4200 2312310600 581000011   078308783690    00      61
4538933 402016012 5062  0  581  09110042146         321        8856         91779110042156     10 2 0264452BRS;                       906 1412310600 581000011   078381789700    00     589
45390301321114116 5062  0  581  09110042146         281       81545        818269110042201     14 2 0264452BRS;                      8615  012310600 581000011   078387792320    00     845
4540753 710017516 5062  0  581  09110042148           3         270          2739110042149      0 2 0264452BRS;                      6450 3312310600 581000011   078509785130    00       4
4544305 434317316 5062  0  581  09110042153          57         215          2729110042153      1 3 0264452BRS;                      2948 1612310600 581000011   078761787960    00      35
4545233 434314716 5062  0  581  09110042154          66        4203         42699110042158      4 2 0264452BRS;                      2948  012310600 581000011   078830790680    00     238
4551618 562614312 5062  0  581  09110042201         323       29597        299209110042212     11 2 0264452BRS;                      3615  012310600 581000011   079276799220    00     646
4553459 710015516 5062  0  581  09110042204           3         270          2739110042204      0 2 0264452BRS;                      6450  712310600 581000011   079413794180    00       5
4559362 710015516 5062  0  581  09110042211           3         270          2739110042211      0 2 0264452BRS;                      6450  712310600 581000011   079860798650    00       5
4560882 710016416 5062  0  581  09110042213           3         270          2739110042213      0 2 0264452BRS;                      6450  712310600 581000011   079976799800    00       4
4562254 460314512 5062  0  581  09110042215          43        4509         45529110042217      2 3 0264452BRS;                      4945  512310600 581000011   080087802050    00     118
4563471 710015316 5062  0  581  09110042216           3         270          2739110042216      0 2 0264452BRS;                      6450  712310600 581000011   080185801890    00       4
4564169 460314512 5062  0  581  09110042217         188        3244         34329110042222      5 2 0264452BRS;                      4945  612310600 581000011   080238805140    00     276
4564597 706214716 5062  0  581  09110042218         268       13910        141789110042231     13 3 0264452BRS;                      1059  512310600 581000011   080272810310    00     759
4564832 710014416 5062  0  581  09110042218           3         270          2739110042218      0 2 0264452BRS;                      6450  012310600 581000011   080289802940    00       5
4573230 710016616 5062  0  581  09110042229           3         270          2739110042229      0 2 0264452BRS;                      6450 3212310600 581000011   080939809440    00       5
4574177 426215116 5062  0  581  09110042230         228       36837        370659110042238      8 2 0264452BRS;                      4304  512310600 581000011   081016815040    00     488
4578268 710014216 5062  0  581  09110042236           3         270          2739110042236      0 2 0264452BRS;                      6450 3212310600 581000011   081349813540    00       5
4580278 743414516 5062  0  581  09110042238         271        2466         27379110042244      6 2 0264452BRS;                      7276  512310600 581000011   081500818490    00     349
4581258 315114512 5062  0  581  09110042240          26         641          6679110042240      0 2 0264452BRS;                      3020 1112310600 581000011   081580816080    00      28
4585386 702615716 5062  0  581  09110042245         333       15461        157949110042253      8 2 0264452BRS;                      6793  212310600 581000011   081906824060    00     500
4589922 534117616 5062  0  581  09110042251         319       37149        374689110042304     13 2 0264452BRS;                      8963 3412310600 581000011   082264830590    00     795
4591269 436016412 5062  0  581  09110042253         195       34500        346959110042307     14 2 0537300DERM;                     4534  612310600 581000011   082373832150    00     842
4594086 402015412 5062  0  581  09110042257         700       56362        570629110042342     45 2 0264452BRS;                       906  312310600 581000011   082602853230    00    2721
4596947 626414220 5062  0  581  09110042300          20         563          5839110042301      0 2 0264452BRS;                      4844 2112310600 581000011   082828828570    00      29
4599194 351214712 5062  0  581  09110042303         439        7479         79189110042308      5 3 0 71630TYM.3020;                 3134  010310600 581000011   082993832900    00     297
46014671327415616 5062  0  581  09110042306         120       46396        465169110042313      7 2 0264452BRS;                      9164 5012310600 581000011   083177835840    00     407
4605538 326314512 5062  0  581  09110042312          10         270          2809110042313      1 2 0537300DERM;                     9578  412310600 581000011   083507835730    00      66
4607966 326315312 5062  0  581  09110042315          29         466          4959110042315      0 2 0537300DERM;                     9578  412310600 581000011   083705837250    00      20
4609218 326314512 5062  0  581  09110042317          21         466          4879110042317      0 2 0537300DERM;                     9578  712310600 581000011   083810838380    00      28
46155351115616548 5062  0  581  09110042326          39        1217         12569110042328      2 2 0264452BRS;                      2262 4112310600 581000011   084355844500    00      95
4628693 315114212 5062  0  581  09110042345          26         641          6679110042345      0 2 0264452BRS;                      3020 1212310600 581000011   085476855040    00      28
4629331 315114212 5062  0  581  09110042346          26         639          6659110042346      0 2 0264452BRS;                      3020 1212310600 581000011   085534855550    00      21
3228841 211215412 5062  0  581  0911004 604         344        5161         5505911004 611      8 3 0264452BRS;                       600  0 4310600       001   021823222800    00     457
3231220 224215216 5062  0  581  0911004 614          83        2601         2684911004 616      2 2 0567515B0668ZJU0EF;              8916  012310600 581000011   022449225870    00     138
3232573 211214512 5062  0  581  0911004 620         447       43883        44330911004 634     14 3 0264452BRS;                       600  0 4310600       001   022797236500    00     853
32339251051614516 5062  0  581  0911004 626         497       80739        81236911004 639     13 2 0264452BRS;                      8531 2312310600 581000011   023165239240    00     759
3235111 351316412 5062  0  581  0911004 632         452        7191         7643911004 638      6 3 0 71725TYM.4501;                 3150  010310600 581000001   023513239000    00     387
3238354 224216116 5062  0  581  0911004 645         868      132107       132975911004 728     43 2 0534747B0566ZJU454;              8916  012310600 581000011   024272268590    00    2587
32383681272315016 5062  0  581  0911004 645         638      303409       304047911004 730     45 3 0124674RCA.4408;                  669  010310600 581000001   024276270030    00    2727
3238892 351317412 5062  0  581  0911004 648         489        8598         9087911004 654      6 3 0 71725TYM.4501;                 3150  010310600 581000001   024454248330    00     379
3248458 400314216 5062  0  581  0911004 736         322        3487         3809911004 739      3 3 0 71722TYM.4408;                 3133  010310600 581000001   027375275560    00     181
3251598 315114412 5062  0  581  0911004 752          26         641          667911004 753      0 2 0264452BRS;                      3020  312310600 581000011   028349283760    00      27
3251790 315114412 5062  0  581  0911004 753          26         641          667911004 754      0 2 0264452BRS;                      3020  312310600 581000011   028407284350    00      28
3251866 315114412 5062  0  581  0911004 754          26         639          665911004 754      0 2 0264452BRS;                      3020  312310600 581000011   028436284580    00      22
3253416 224223016 5062  0  581  0911004 801         228       76490        76718911004 824     23 2 0605202B0581ZJU0AD;              8916  012310600 581000011   028851302240    00    1373
32616551272314112 5062  0  581  0911004 839         804        2179         2983911004 846      7 3 0442660RCA.4501;                 3578  010310600 581000001   031140315530    00     413
32625371272315216 5062  0  581  0911004 844         505       11308        11813911004 858     14 3 0124674RCA.4408;                  669  010310600 581000001   031412322680    00     856
3265839 351316312 5062  0  581  0911004 860         293       11756        12049911004 906      6 3 0 71560TYM.2145;                 3150  010310600 581000001   032380327370    00     357
3265852 351214212 5062  0  581  0911004 860         115         149          264911004 900      0 3 0 71630TYM.3020;                 3134  010310600 581000011   032384324060    00      22
3267925 2576160 1 5062  0  581  0911004 910         343      109042       109385911004 944     34 3 0  3355TYM.2222;                 3138  010310600 581000001   032971350370    00    2066
3271395 315114312 5062  0  581  0911004 927          26         641          667911004 928      1 2 0264452BRS;                      3020  012310600 581000011   034025340550    00      30
3271642 315114312 5062  0  581  0911004 928          26         641          667911004 929      1 2 0264452BRS;                      3020  012310600 581000011   034094341240    00      30
3271833 315114312 5062  0  581  0911004 929          29         569          598911004 930      0 3 0264452BRS;                      3020  012310600 581000011   034148341760    00      28
3281861 315114112 5062  0  581  09110041015          26         641          6679110041016      0 2 0264452BRS;                      3020  012310600 581000011   036924369520    00      28
3282177 315114112 5062  0  581  09110041017          26         639          6659110041017      0 2 0264452BRS;                      3020  012310600 581000011   037018370390    00      21
3287325 467114116 5062  0  581  09110041039          90       15599        156899110041044      4 2 0264452BRS;                      4222  012310600 581000011   038367386230    00     256
3288442 4035146 1 5062  0  581  09110041044         225       32237        324629110041054     10 3 0 73520FTC.2222;                 4394  010310600 581000001   038650392660    00     616
3294530 315114112 5062  0  581  09110041104          26         622          6489110041105      0 2 0264452BRS;                      3020  112310600 581000011   039857398780    00      21
3294662 315114112 5062  0  581  09110041105          29         569          5989110041105      0 3 0264452BRS;                      3020  112310600 581000011   039879399060    00      27
33039891032014412 5062  0  581  09110041129          82       15970        160529110041135      6 3 0264452BRS;                      5290  212310600 581000011   041319416800    00     361
3312800 254422212 5062  0  581  09110041147        1087       19513        206009110041227     41 2 0264452BRS;                      208013212310600 581000011   042390448210    00    2431
3314329 724114412 5062  0  581  09110041149         296       14400        146969110041157      8 2 0264452BRS;                      2004 1112310600 581000011   042559430240    00     465
3315738 315114412 5062  0  581  09110041152          26         641          6679110041152      0 2 0264452BRS;                      3020 1012310600 581000011   042706427340    00      28
3316023 315114412 5062  0  581  09110041152          26         641          6679110041153      0 2 0264452BRS;                      3020 1012310600 581000011   042735427620    00      27
3316139 315115712 5062  0  581  09110041152         320       48289        486099110041211     18 2 0264452BRS;                      302015012310600 581000011   042744438480    00    1104
3316543 315114212 5062  0  581  09110041153          29         566          5959110041154      0 3 0264452BRS;                      3020 1012310600 581000011   042786428120    00      26
3319756 353015116 5062  0  581  09110041159          77       24496        245739110041204      6 2 0264452BRS;                      8794 1012310600 581000011   043114434530    00     339
33290871167114112 5062  0  581  09110041211         295       59144        594399110041246     35 3 0264452BRS;                     10597  012310600 581000011   043876459700    00    2094
33291821051614612 5062  0  581  09110041211          80        3515         35959110041213      2 2 0264452BRS;                      8531  312310600 581000011   043882439730    00      91
3339679 311214616 5062  0  581  09110041225         133       11077        112109110041230      6 2 0264452BRS;                       890  512310600 581000011   044676450200    00     344
3340401 315114157 5062  0  581  09110041225         134       22087        222219110041236     10 3 0264452BRS;                      3020  412310600 581000011   044728453480    00     620
3347057 326314212 5062  0  581  09110041233          25         601          6269110041234      1 2 0264452BRS;                      9578  512310600 581000011   045203452580    00      55
3348559 326314212 5062  0  581  09110041235          67       26169        262369110041245     10 2 0264452BRS;                      9578  512310600 581000011   045307459200    00     613
3352417 315116312 5062  0  581  09110041239          26         641          6679110041240      0 2 0264452BRS;                      3020 4012310600 581000011   045555455830    00      28
3353350 315115412 5062  0  581  09110041240          26         638          6649110041241      0 2 0264452BRS;                      3020 4012310600 581000011   045614456430    00      29
3354170 315115412 5062  0  581  09110041241          29         569          5989110041242      0 3 0264452BRS;                      3020 4012310600 581000011   045667456940    00      27
3356332 356614512 5062  0  581  09110041243         827       20171        209989110041300     17 2 0264452BRS;                      3289  412310600 581000011   045806468070    00    1001
3356609 700121212 5062  0  581  09110041244         167        1033         12009110041247      3 2 0264452BRS;                      2631 3412310600 581000011   045825460190    00     194
3358392 724114312 5062  0  581  09110041246         445       26106        265519110041256     11 2 0264452BRS;                      2004  212310600 581000011   045936465700    00     634
3359122 254415312 5062  0  581  09110041246         148        8207         83559110041252      6 2 0264452BRS;                      208013212310600 581000011   045980463380    00     358
3359469 700216419 5062  0  581  09110041247          17         222          2399110041247      0 2 0264452BRS;                      4796  012310600 581000011   046001460140    00      13
3366335 434614319 5062  0  581  09110041254        2450        4159         66099110041316     22 3 0264452BRS;                      1841  012310600 581000011   046434477830    00    1349
3366425 353014216 5062  0  581  09110041254         350       14860        152109110041303      9 2 0264452BRS;                      8794  312310600 581000011   046438469680    00     530
3367722 370315312 5062  0  581  09110041255          29         881          9109110041256      1 2 0264452BRS;                      9193  612310600 581000011   046516465650    00      49
3380147 662615212 5062  0  581  09110041307         533      115446       1159799110041341     33 2 0264452BRS;                      6156  512310600 581000011   047228492310    00    2003
33802761323216116 5062  0  581  09110041307          16         567          5839110041308      0 2 0264452BRS;                      9347  612310600 581000011   047235472540    00      19
33817941321114316 5062  0  581  09110041309         318        1597         19159110041313      4 2 0264452BRS;                      8615  612310600 581000011   047319475560    00     237
3384152 504414516 5062  0  581  09110041311         413       28646        290599110041320      9 2 0264452BRS;                      6017  312310600 581000011   047448479850    00     537
33853351052116416 5062  0  581  09110041312         450       35953        364039110041322     10 2 0264452BRS;                      8796  712310600 581000011   047516481040    00     588
3385361 353017216 5062  0  581  09110041312        1962      256538       2585009110041358     46 2 0264452BRS;                      8794 1012310600 581000011   047518502640    00    2746
33904481051615216 5062  0  581  09110041317         124        1231         13559110041320      3 2 0264452BRS;                      8531 1012310600 581000011   047797479930    00     196
3390741 271214416 5062  0  581  09110041317         115       19368        194839110041321      4 2 0264452BRS;                      4562 1012310600 581000011   047814480620    00     248
3392114 453015312 5062  0  581  09110041318          81       48304        483859110041326      8 2 0264452BRS;                      4835 1112310600 581000011   047891483830    00     492
3394226 431617012 5062  0  581  09110041320         195       25558        257539110041343     23 2 0264452BRS;                      4409 1212310600 581000011   048010493660    00    1356
3397084 467115216 5062  0  581  09110041323         360      207063       2074239110041435     72 2 0264452BRS;                      4222  412310600 581000011   048172524980    00    4326
3397518 326616112 5062  0  581  09110041323         150        5001         51519110041328      4 2 0264452BRS;                      2159  212310600 581000011   048194484620    00     268
3403575 275415112 5062  0  581  09110041329         369       23426        237959110041340     11 2 0264452BRS;                      2426 1012310600 581000011   048532491940    00     662
3406204 315115712 5062  0  581  09110041331          26         639          6659110041332      0 2 0264452BRS;                      3020 3612310600 581000011   048677486990    00      22
34081661125716516 5062  0  581  09110041333          85       20878        209639110041336      3 3 0537300DERM;                    10690 2012310600 581000011   048792489610    00     169
3409743 466714116 5062  0  581  09110041335         308       23738        240469110041345     11 2 0264452BRS;                      7408  112310600 581000011   048881495190    00     638
3411448 705416416 5062  0  581  09110041336          57        1179         12369110041338      2 2 0264452BRS;                      1059 3312310600 581000011   048978490700    00      92
34124171321116016 5062  0  581  09110041337         103        1134         12379110041338      1 2 0264452BRS;                      8615 1712310600 581000011   049032490750    00      43
3414368 700122312 5062  0  581  09110041339          13         216          2299110041339      0 2 0264452BRS;                      2631  312310600 581000011   049142491650    00      23
3414979 353016716 5062  0  581  09110041340         427        9590        100179110041351     12 2 0264452BRS;                      8794 2012310600 581000011   049174498890    00     715
3415028 700122312 5062  0  581  09110041340         146       10903        110499110041345      6 2 0264452BRS;                      2631  312310600 581000011   049177495100    00     333
34156751052017416 5062  0  581  09110041340          89        3194         32839110041343      3 2 0264452BRS;                      8796 1212310600 581000011   049212493860    00     174
3422974 706116616 5062  0  581  09110041347          88       57855        579439110041358     11 2 0264452BRS;                      1059 3612310600 581000011   049627502610    00     634
3423588 552614316 5062  0  581  09110041348         189       11049        112389110041353      5 2 0264452BRS;                      7025  512310600 581000011   049662499760    00     314
3424406 351321512 5062  0  581  09110041348         542       10209        107519110041403     14 3 0 71607TYM.2680;                 3129  010310600 581000001   049708505710    00     863
3427866 261315612 5062  0  581  09110041352         778       27756        285349110041427     35 3 0264452BRS;                      2185 1312310600 581000011   049902519950    00    2093
34283211051516216 5062  0  581  09110041352         131        2303         24349110041356      3 2 0264452BRS;                      8796 2712310600 581000011   049927501320    00     205
34285921051614612 5062  0  581  09110041352          71        1817         18889110041354      1 2 0264452BRS;                      8531  312310600 581000011   049943500170    00      74
3431326 315115312 5062  0  581  09110041355          87        4914         50019110041358      3 2 0264452BRS;                      3020 1112310600 581000011   050102502700    00     168
3433490 301015112 5062  0  581  09110041357          28        2756         27849110041359      2 2 0264452BRS;                     18595  712310600 581000011   050220503110    00      91
3433890 235415412 5062  0  581  09110041357           0         131          1319110041412     15 2 0264452BRS;                      1773 2112310600 581000011   050243511460    00     903
3438565 315122012 5062  0  581  09110041401         138       17121        172599110041409      8 2 0264452BRS;                      3020  012310600 581000011   050488509450    00     457
3439609 552017216 5062  0  581  09110041402         378       41499        418779110041416     14 2 0264452BRS;                      8678 3212310600 581000011   050543513850    00     842
3440491 206615112 5062  0  581  09110041403         215        9269         94849110041410      7 2 0264452BRS;                      5397 1512310600 581000011   050585510080    00     423
3440559 353015216 5062  0  581  09110041403        2521      180920       1834419110041524     81 2 0264452BRS;                      8794  212310600 581000011   050589554450    00    4856
3440662 453016012 5062  0  581  09110041403          58       50527        505859110041427     24 2 0264452BRS;                      4835 1312310600 581000011   050594520080    00    1414
3453629 326321112 5062  0  581  09110041414         345      120411       1207569110041445     31 2 0264452BRS;                      9578 4712310600 581000011   051242530980    00    1856
3454421 537314516 5062  0  581  09110041415         381       11406        117879110041428     13 2 0264452BRS;                      1059  012310600 581000011   051286520580    00     772
3456139 245015016 5062  0  581  09110041416         490        4624         51149110041424      8 2 0264452BRS;                       508 1012310600 581000011   051376518510    00     475
3456279 434614219 5062  0  581  09110041416         723        1829         25529110041422      6 3 0264452BRS;                      1841  012310600 581000011   051383517200    00     337
3457528 315114112 5062  0  581  09110041417          28        8389         84179110041419      2 2 0264452BRS;                      3020 2712310600 581000011   051447515600    00     113
3457789 573314312 5062  0  581  09110041418          93       16982        170759110041422      4 2 0264452BRS;                     10351 1312310600 581000011   051460517230    00     263
34632811167115516 5062  0  581  09110041422         113       16146        162599110041428      5 2 0264452BRS;                     10597 1612310600 581000011   051746520680    00     322
3467312 447514116 5062  0  581  09110041426         126       11096        112229110041432      6 2 0264452BRS;                      5403  012310600 581000011   051952523030    00     351
3468346 260614712 5062  0  581  09110041427         291      159881       1601729110041457     30 2 0264452BRS;                      2176 4012310600 581000011   052003538160    00    1813
34696181167116312 5062  0  581  09110041428         170        2636         28069110041435      7 3 0264452BRS;                     10597 1012310600 581000011   052067524770    00     410
3470938 462015716 5062  0  581  09110041429          85        1419         15049110041433      4 2 0264452BRS;                      3494 3712310600 581000011   052141524050    00     264
3470956 527717116 5062  0  581  09110041429         116        2067         21839110041432      3 2 0264452BRS;                      9581 2412310600 581000011   052143522940    00     151
3472780 245017112 5062  0  581  09110041431         169        4137         43069110041437      6 2 0264452BRS;                       508 2412310600 581000011   052230526130    00     383
3478998 7456143 1 5062  0  581  09110041436         221        6576         67979110041442      7 2 0264452BRS;                      3275  212310600 581000011   052531529450    00     414
34795141167115212 5062  0  581  09110041436          59        1446         15059110041439      3 3 0264452BRS;                     10597 1012310600 581000011   052553527350    00     182
3483646 706215516 5062  0  581  09110041439         125        2300         24259110041444      4 2 0264452BRS;                      1059  212310600 581000011   052756530180    00     262
3485931 245015116 5062  0  581  09110041441         557        4108         46659110041452     11 2 0264452BRS;                       508 1212310600 581000011   052866535320    00     666
3486422 733614412 5062  0  581  09110041442          70        3827         38979110041444      3 2 0264452BRS;                      7231  412310600 581000011   052890530430    00     153
3487162 453015112 5062  0  581  09110041442         203        7208         74119110041447      5 3 0537300DERM;                     4835 3612310600 581000011   052928532380    00     310
34883651006115444 5062  0  581  09110041443         268        8495         87639110041449      6 2 0264452BRS;                      7909 1712310600 581000011   052986533500    00     364
3489595 733614412 5062  0  581  09110041444          28        3336         33649110041446      1 2 0264452BRS;                      7231  412310600 581000011   053047531300    00      83
3489895 705414516 5062  0  581  09110041444           0          95           959110041445      0 3 0264452BRS;                      1059 1212310600 581000011   053062530730    00      11
3491426 723615616 5062  0  581  09110041446         246       59763        600099110041504     18 2 0264452BRS;                      8571 2012310600 581000011   053138542100    00    1072
3491787 245316112 5062  0  581  09110041446         347       33203        335509110041458     12 2 0264452BRS;                       664 1112310600 581000011   053155538900    00     735
3492241 553114516 5062  0  581  09110041446          80       21476        215569110041452      6 2 0264452BRS;                      9581 3012310600 581000011   053177535310    00     354
34940351052016316 5062  0  581  09110041448         116        2311         24279110041452      4 2 0264452BRS;                      8796 2112310600 581000011   053268534990    00     231
3496004 553114316 5062  0  581  09110041449         335       76017        763529110041511     21 2 0264452BRS;                      9581 1112310600 581000011   053366546410    00    1275
3500621 462014716 5062  0  581  09110041453         198       58538        587369110041506     12 2 0264452BRS;                      3494 2412310600 581000011   053598543300    00     732
3501531 640714112 5062  0  581  09110041454          31        9117         91489110041456      2 2 0264452BRS;                      8755  212310600 581000011   053643537550    00     112
3501766 271217716 5062  0  581  09110041454          16        1908         19249110041455      0 2 0264452BRS;                      4562 5312310600 581000011   053655536780    00      23
35044751174114412 5062  0  581  09110041456         675       76488        771639110041539     43 2 0264452BRS;                     10933 1012310600 581000011   053782563390    00    2557
3504703 301014512 5062  0  581  09110041457          43        5153         51969110041460      3 3 0264452BRS;                     18595  612310600 581000011   053795539700    00     175
3504955 451526112 5062  0  581  09110041457          87        4656         47439110041459      3 3 0264452BRS;                      4805 5312310600 581000011   053807539620    00     155
3508547 650114412 5062  0  581  09110041460          10         270          2809110041460      0 2 0264452BRS;                      2346  312310600 581000011   053980539890    00       9
3508735 445514416 5062  0  581  09110041460        1159       46161        473209110041517     17 2 0264452BRS;                      8794  212310600 581000011   053988550100    00    1022
3509137 254426012 5062  0  581  09110041500         217        3782         39999110041514     13 2 0264452BRS;                      2080 6612310600 581000011   054009548140    00     805
35091931006114444 5062  0  581  09110041500         276        9828        101049110041510     10 2 0264452BRS;                      7909  512310600 581000011   054012545900    00     578
35180181132215116 5062  0  581  09110041507          17        2196         22139110041508      1 2 0537300DERM;                      433  612310600 581000011   054423544560    00      33
3519663 706215616 5062  0  581  09110041508         292       14064        143569110041519     11 2 0264452BRS;                      1059 1212310600 581000011   054499551360    00     637
3522332 315117012 5062  0  581  09110041510          26         641          6679110041511      0 2 0264452BRS;                      3020 3512310600 581000011   054626546530    00      27
3523549 315117012 5062  0  581  09110041511          29         569          5989110041512      0 3 0264452BRS;                      3020 3512310600 581000011   054679547070    00      28
3523647 504414416 5062  0  581  09110041511          40         895          9359110041512      1 2 0264452BRS;                      6017  312310600 581000011   054684547450    00      61
3529279 451517712 5062  0  581  09110041516         921       71749        726709110041613     57 2 0264452BRS;                      4805 1012310600 581000011   054950583750    00    3425
3529410 534117116 5062  0  581  09110041516         267        4016         42839110041520      4 2 0264452BRS;                      8963 3512310600 581000011   054956552160    00     260
3530403 632120616 5062  0  581  09110041517         450       17420        178709110041523      6 2 0264452BRS;                      8257 5112310600 581000011   055000553660    00     366
3534298 257015012 5062  0  581  09110041520          92        4919         50119110041523      4 3 0264452BRS;                      9499  512310600 581000011   055182554070    00     225
3534661 353014416 5062  0  581  09110041520        3280      115645       1189259110041640     80 2 0264452BRS;                      8794 1512310600 581000011   055201599800    00    4779
3535987 632116416 5062  0  581  09110041521         128       20655        207839110041531     10 2 0264452BRS;                      8257 2412310600 581000011   055263558390    00     576
3536015 224416516 5062  0  581  09110041521          90        6503         65939110041528      7 2 0264452BRS;                      8944 4612310600 581000011   055264556870    00     423
3537459 466615212 5062  0  581  09110041522         395       11509        119049110041536     13 2 0264452BRS;                      5077  012310600 581000011   055333561400    00     807
3539196 654415512 5062  0  581  09110041524         391       45746        461379110041546     22 3 0264452BRS;                      3319 1212310600 581000011   055415567450    00    1330
3540287 250316212 5062  0  581  09110041524          57       24238        242959110041543     19 2 0264452BRS;                       872 3712310600 581000011   055465565910    00    1126
35492821051614116 5062  0  581  09110041531         403       16575        169789110041541     10 2 0264452BRS;                      8531  512310600 581000011   055884564830    00     599
3549362 271214416 5062  0  581  09110041531          74       14613        146879110041536      5 2 0264452BRS;                      4562 3212310600 581000011   055888561860    00     298
3550292 434320316 5062  0  581  09110041532          28        3619         36479110041533      1 3 0264452BRS;                      2948  612310600 581000011   055935559840    00      49
3551893 706215316 5062  0  581  09110041533         278       13025        133039110041539      5 2 0264452BRS;                      1059  212310600 581000011   056008563160    00     308
3563635 446715612 5062  0  581  09110041543         830       20566        213969110041605     22 2 0264452BRS;                      4766 1212310600 581000011   056574579100    00    1336
3564368 552015316 5062  0  581  09110041543          15         216          2319110041544      0 2 0264452BRS;                      8678 1312310600 581000011   056607566170    00      10
3564767 552015316 5062  0  581  09110041544          13         216          2299110041544      0 2 0264452BRS;                      8678 1312310600 581000011   056626566360    00      10
3564968 362517116 5062  0  581  09110041544          22         412          4349110041545      1 2 0264452BRS;                      6582 1412310600 581000011   056635566730    00      38
35662211167115016 5062  0  581  09110041545          73        7029         71029110041548      3 2 0264452BRS;                     10597  212310600 581000011   056697568980    00     201
3568546 724114212 5062  0  581  09110041547         183        9993        101769110041551      4 2 0264452BRS;                      2004  212310600 581000011   056813570780    00     265
3568600 520615112 5062  0  581  09110041547          78       18195        182739110041552      5 2 0264452BRS;                      6456 1312310600 581000011   056815571220    00     307
3570492 555115612 5062  0  581  09110041548         520       11001        115219110041605     16 2 0264452BRS;                       780 1212310600 581000011   056906578910    00     985
3571820 431622512 5062  0  581  09110041550          60       16308        163689110041553      4 2 0264452BRS;                      4409 4412310600 581000011   056973571900    00     217
3572073 706114116 5062  0  581  09110041550         217        3591         38089110041614     24 2 0264452BRS;                      1059 1412310600 581000011   056985584430    00    1458
35742351101315516 5062  0  581  09110041551         168       21653        218219110041558      7 2 0264452BRS;                      9857 2012310600 581000011   057088574950    00     407
3574886 245316612 5062  0  581  09110041552         281        9334         96159110041557      5 2 0264452BRS;                       664 3312310600 581000011   057118574310    00     313
3577050 700114112 5062  0  581  09110041554         149        7430         75799110041560      6 2 0264452BRS;                      2631 4112310600 581000011   057228575790    00     351
3579353 476416312 5062  0  581  09110041556         105        1809         19149110041611     16 3 0264452BRS;                      5285 1012310600 581000011   057342582800    00     938
3579493 770314616 5062  0  581  09110041556          79        4255         43349110041557      2 2 0264452BRS;                      3173 3312310600 581000011   057349574390    00      90
3589579 542017412 5062  0  581  09110041604         272        2089         23619110041606      1 3 0246053TYM.2342;                10188  010310600 581000001   057869579540    00      85
3596951 520615612 5062  0  581  09110041611          86       15247        153339110041617      6 2 0264452BRS;                      6456 1012310600 581000011   058264586340    00     370
3598667 622114416 5062  0  581  09110041613          75        3897         39729110041615      2 2 0264452BRS;                      1752  312310600 581000011   058359584850    00     126
3599636 245314612 5062  0  581  09110041613         149        7737         78869110041618      5 2 0264452BRS;                       664 1012310600 581000011   058407586990    00     292
3600001 250316712 5062  0  581  09110041614         216        3733         39499110041620      6 3 0264452BRS;                       872 1612310600 581000011   058428588070    00     379
3601971 632516216 5062  0  581  09110041616          18         246          2649110041617      1 3 0264452BRS;                      8257 2312310600 581000011   058532585940    00      62
36041521167114216 5062  0  581  09110041617          71        7796         78679110041620      2 2 0264452BRS;                     10597  012310600 581000011   058649587860    00     137
36047441052014616 5062  0  581  09110041618         462       36031        364939110041629     11 2 0264452BRS;                      8796 2612310600 581000011   058685593310    00     646
3606136 465016612 5062  0  581  09110041619          93        1393         14869110041622      2 2 0264452BRS;                      8611 1512310600 581000011   058757588910    00     134
3606276 770314516 5062  0  581  09110041619          87        2956         30439110041620      1 2 0264452BRS;                      3173 2712310600 581000011   058765588250    00      60
3608327 250317412 5062  0  581  09110041621        1691      164134       1658259110041917    176 2 0264452BRS;                       872 1112310600 581000011   058875694240    00   10549
3609774 632115316 5062  0  581  09110041623          20         591          6119110041623      0 2 0264452BRS;                      8257  512310600 581000011   058957589790    00      22
3610639 527715716 5062  0  581  09110041623         118        1393         15119110041628      5 2 0264452BRS;                      9581 2512310600 581000011   059002593040    00     302
36129901047016616 5062  0  581  09110041626         708       33652        343609110041637     11 2 0264452BRS;                      9337 1312310600 581000011   059133598210    00     688
3619994 467215112 5062  0  581  09110041632         217       18960        191779110041641      9 2 0264452BRS;                      1981  112310600 581000011   059511600380    00     527
3621167 451515412 5062  0  581  09110041633         312       26802        271149110041645     12 2 0264452BRS;                      4805 4712310600 581000011   059578602930    00     715
  ?RtK