5329206 2333210 010143  0 6674  09103011359        7107          67         71749103011360      1 3 0256764GATEWAY;                    33  0       0       000   050340503950    00      55
5332055 2333210 010143  0 6674  09103011401        7851          67         79189103011403      1 3 0256764GATEWAY;                    33  0       0       000   050481505630    00      82
5339456 2333161 010143  0 6674  09103011408        7255          67         73229103011409      1 3 0256764GATEWAY;                    33  0       0       000   050857509200    00      63
5342285 2333161 010143  0 6674  09103011410        6670          67         67379103011411      1 3 0256764GATEWAY;                    33  0       0       000   050997510460    00      49
5345140 2333161 010143  0 6674  09103011412        8139        7855        159949103011413      1 3 0256764GATEWAY;                    33  0       0       000   051140511930    00      53
5347614 2333161 010143  0 6674  09103011414      165351      160843       3261949103011419      5 3 0256764GATEWAY;                    33  0       0       000   051258515292    00     271
547914410350163 010143  0 6674  09103011556      123410         204       1236149103011559      3 3 0256764GATEWAY;                    26  0       0       000   057377575622    00     185
572494510350221 010143  0 6674  09103011918          47         320          3679103011924      6 2 0302460ISISTECH;                   26  0       0       000   069473698260    00     353
574160310350177 010143  0 6674  09103011931          22         149          1719103011932      1 2 0256764GATEWAY;                    26  0       0       000   070278703430    00      65
574767910350216 010143  0 6674  09103011936      122403         208       1226119103011939      3 3 0256764GATEWAY;                    26  0       0       000   070571707412    00     170
577068110350221 010143  0 6674  09103011955      113640         204       1138449103011957      2 3 0256764GATEWAY;                    26  0       0       000   071685718342    00     149
  5743410350142 010143  0 6674  0910301  58        5780          67         5847910301  59      1 3 0256764GATEWAY;                    26  0       0       000   0 3476 35490    00      73
  7039710350153 010143  0 6674  0910301 115      103179      101641       204820910301 119      4 3 0256764GATEWAY;                    26  0       0       000   0 4502 47462    00     244
  9405610350153 010143  0 6674  0910301 148      101595       98473       200068910301 152      4 3 0256764GATEWAY;                    26  0       0       000   0 6472 67202    00     248
 10115510350153 010143  0 6674  0910301 158       90507       89101       179608910301 202      4 3 0256764GATEWAY;                    26  0       0       000   0 7109 73292    00     220
 12191610350177 010143  0 6674  0910301 230      107733      105073       212806910301 234      5 3 0256764GATEWAY;                    26  0       0       000   0 8980 92602    00     280
 14040610350166 010143  0 6674  0910301 258       16719       14653        31372910301 311     12 3 0256764GATEWAY;                    26  0       0       000   010702114440    00     742
 18437810350142 010143  0 6674  0910301 421      188121      185791       373912910301 428      7 3 0256764GATEWAY;                    26  0       0       000   015656160642    00     408
 31716310350224 010143  0 6674  09103012128      123410         204       1236149103012131      3 3 0256764GATEWAY;                    26  0       0       000   077273774432    00     170
 32159610350220 010143  0 6674  09103012131      122243         204       1224479103012136      5 3 0256764GATEWAY;                    26  0       0       000   077480777580    00     278
118050410350177 010143  0 6674  0910302 432       37839       35839        73678910302 434      2 3 0256764GATEWAY;                    26  0       0       000   016314164600    00     146
118253510350177 010143  0 6674  0910302 437       23583       22177        45760910302 439      2 3 0256764GATEWAY;                    26  0       0       000   016610167320    00     122
122513210350162 010143  0 6674  0910302 649      891615      850543      1742158910302 722     33 3 0256764GATEWAY;                    26  0       0       000   024563265262    00    1963
1808351 2333162 010143  0 6674  0910304 528          39         818          857910304 544     16 3 0302460ISISTECH;                   33  0       0       000   019704206510    00     947
1809424 2333167 010143  0 6674  0910304 532           7         273          280910304 543     11 2 0302460ISISTECH;                   33  0       0       000   019920205740    00     654
1809878 2333171 010143  0 6674  0910304 534           6         143          149910304 534      0 2 0302460ISISTECH;                   33  0       0       000   020025200390    00      14
1810000 2333171 010143  0 6674  0910304 534           6         143          149910304 535      0 2 0302460ISISTECH;                   33  0       0       000   020053200720    00      19
1810177 2333171 010143  0 6674  0910304 535          93        1405         1498910304 539      4 2 0302460ISISTECH;                   33  0       0       000   020090203230    00     233
1811314 2333174 010143  0 6674  0910304 539          77         714          791910304 543      4 3 0302460ISISTECH;                   33  0       0       000   020369205980    00     229
256113310350157 010143  0 6674  09103051837          21         113          1349103051837      0 2 0256764GATEWAY;                    26  0       0       000   066992670030    00      11
256193210350165 010143  0 6674  09103051837      195249      193777       3890269103051842      5 3 0256764GATEWAY;                    26  0       0       000   067032673442    00     312
944408210350155 010143  0 6674  09103042357      210676         208       210884910305   3      6 3 0256764GATEWAY;                    26  0       0       000   086190  1790    00     389
303831510350166 010143  0 6674  0910306 203      381509         213       381722910306 214     11 3 0256764GATEWAY;                    26  0       0       000   0 7367 80410    00     674
1105382 70611471610143  0 6674  09103072357          75        3268         33439103072358      1 2 0125050WRFS;                     1059 22       0       000   086192862530    00      61
1106299 70611471610143  0 6674  09103072358          59        4798         48579103072360      2 2 0125050WRFS;                     1059 22       0       000   086263863930    00     130
 352058 70541461610143  0 6674  09103072052          59        3963         40229103072053      1 2 0125050WRFS;                     1059 12       0       000   075101751870    00      86
 354350 70541431610143  0 6674  09103072054          15         254          2699103072054      0 2 0125050WRFS;                     1059 12       0       000   075212752260    00      14
 354780 70541431610143  0 6674  09103072054          23         200          2239103072054      0 2 0125050WRFS;                     1059 12       0       000   075234752540    00      20
 355424 70541431610143  0 6674  09103072054          18         248          2669103072055      0 2 0125050WRFS;                     1059 12       0       000   075266752880    00      22
1108256 70611471610143  0 6674  0910308   0          71       39262        39333910308   7      7 3 0125050WRFS;                     1059 22       0       000   0    2  4450    00     443
1208159 70611441210143  0 6674  0910308 217          82        2600         2682910308 218      2 2 0261167TECHSERV;                 1059 33       0       000   0 8190 82860    00      96
1217911 70621551210143  0 6674  0910308 232          26         188          214910308 232      0 2 0261167TECHSERV;                 1059 11       0       000   0 9109 91300    00      21
1218370 70621551210143  0 6674  0910308 233          34        1768         1802910308 233      1 2 0261167TECHSERV;                 1059 11       0       000   0 9153 92080    00      55
1219100 70621551210143  0 6674  0910308 234          18         241          259910308 234      0 2 0261167TECHSERV;                 1059 11       0       000   0 9223 92390    00      16
1219432 70621551210143  0 6674  0910308 234          20         323          343910308 235      0 2 0261167TECHSERV;                 1059 11       0       000   0 9255 92760    00      21
1220122 70621531210143  0 6674  0910308 235          42         388          430910308 237      1 2 0261167TECHSERV;                 1059 11       0       000   0 9323 94040    00      81
1221053 70621501210143  0 6674  0910308 237          11          76           87910308 237      0 3 0261167TECHSERV;                 1059 11       0       000   0 9411 94200    00       9
1262416 70611441210143  0 6674  0910308 352          80        2436         2516910308 353      1 2 0261167TECHSERV;                 1059 15       0       000   013915139640    00      49
1262855 70611441210143  0 6674  0910308 353          41        2414         2455910308 703    190 2 0261167TECHSERV;                 1059 15       0       000   013971253850    00   11414
1328503 6722143 010143  0 6674  0910308 660           0           0            0910308 660      084 0125050WRFS;                       74  0       0       000   025196251963    00       0
 517832 6722143 010143  0 6674  0910308 703          17         155          172910308 704      1 2 0125050WRFS;                       74  0       0       000   025392254500    00      58
 518378 6722143 010143  0 6674  0910308 704           0          66           66910308 705      0 2 0125050WRFS;                       74  0       0       000   025465254760    00      11
 518468 6722143 010143  0 6674  0910308 705         120        5451         5571910308 708      4 2 0125050WRFS;                       74  0       0       000   025482256920    00     210
 760074 70541411210143  0 6674  09103081509          77        2379         24569103081510      1 2 0261167TECHSERV;                 1059 30       0       000   054521545930    00      72
 761728 70541411210143  0 6674  09103081510          70         571          6419103081512      2 2 0261167TECHSERV;                 1059 30       0       000   054600547210    00     121
 765860 70541411210143  0 6674  09103081513          33         381          4149103081514      1 2 0261167TECHSERV;                 1059 30       0       000   054799548600    00      61
 767203 70541411210143  0 6674  09103081514          41         334          3759103081515      1 2 0261167TECHSERV;                 1059 30       0       000   054866548990    00      33
 768126 70541411210143  0 6674  09103081515          36         334          3709103081516      1 2 0261167TECHSERV;                 1059 30       0       000   054914549500    00      36
 769065 70541411210143  0 6674  09103081516         482       12107        125899103081526     10 3 0261167TECHSERV;                 1059 30       0       000   054961555390    00     578
 872903 70611611210143  0 6674  09103081636         691       29511        302029103081656     20 2 0261167TECHSERV;                 1059 23       0       000   059789609610    00    1172
 907732 70611421210143  0 6674  09103081705          98        9265         93639103081709      4 3 0261167TECHSERV;                 1059 23       0       000   061500617390    00     239
 913937 45152121210143  0 6674  09103081711         106         378          4849103081712      1 2 0261167TECHSERV;                 4805 27       0       000   061840619250    00      85
 915784 45152121210143  0 6674  09103081712         143         971         11149103081716      4 3 0261167TECHSERV;                 4805 27       0       000   061935621540    00     219
 920238 70621651210143  0 6674  09103081716          37         423          4609103081717      1 2 0261167TECHSERV;                 1059 20       0       000   062177622110    00      34
1146207 70621751210143  0 6674  09103082026          14         255          2699103082026      0 2 0261167TECHSERV;                 1059 14       0       000   073561735810    00      20
1149087 70621721210143  0 6674  09103082028         267       10313        105809103082038     10 2 0261167TECHSERV;                 1059 14       0       000   073708742850    00     577
1270059 70621421210143  0 6674  09103082211         169        1372         15419103082215      4 3 0261167TECHSERV;                 1059  7       0       000   079858800770    00     219
1279409 70611471210143  0 6674  09103082221          44         384          4289103082221      1 2 0261167TECHSERV;                 1059 30       0       000   080439804820    00      43
1318355 70611711210143  0 6674  09103082305         174        4130         43049103082310      5 2 0261167TECHSERV;                 1059 16       0       000   083082833810    00     299
3587945 70611411210143  0 6674  09103091007         393        5145         55389103091012      6 3 0261167TECHSERV;                 1059  2       0       000   036398367460    00     348
3588827 70611451210143  0 6674  09103091013         329       19019        193489103091023     10 3 0261167TECHSERV;                 1059  2       0       000   036782373820    00     600
3590365 70611421210143  0 6674  09103091024         738       88745        894839103091103     39 3 0261167TECHSERV;                 1059  0       0       000   037440397640    00    2324
3597477 70611411210143  0 6674  09103091114          33         332          3659103091114      0 2 0261167TECHSERV;                 1059  0       0       000   040417404320    00      15
3597524 70611411210143  0 6674  09103091114         555        9227         97829103091127     13 2 0261167TECHSERV;                 1059  0       0       000   040438411950    00     757
3599711 70611411210143  0 6674  09103091129          31         334          3659103091129      0 2 0261167TECHSERV;                 1059  0       0       000   041326413440    00      18
3599770 70611411210143  0 6674  09103091129         290        5036         53269103091136      7 2 0261167TECHSERV;                 1059  0       0       000   041353417760    00     423
3712746 70611451210143  0 6674  09103091706         684       19109        197939103091723     17 2 0261167TECHSERV;                 1059  7       0       000   061568625610    00     993
3723050 70611501210143  0 6674  09103091726         305        3260         35659103091730      3 2 0261167TECHSERV;                 1059  3       0       000   062786629880    00     202
3802006 70611441610143  0 6674  09103091951          99        1053         11529103091955      4 2 0125050WRFS;                     1059 37       0       000   071455716880    00     233
3803335 70611661210143  0 6674  09103091953          62         164          2269103091954      1 3 0261167TECHSERV;                 1059 34       0       000   071596716600    00      64
3805835 70611661610143  0 6674  09103091958        1487       62579        640669103092038     40 2 0125050WRFS;                     1059 34       0       000   071859742520    00    2393
3825947 70611521210143  0 6674  09103092033         145         738          8839103092036      2 2 0261167TECHSERV;                 1059 16       0       000   074002741340    00     132
3827233 70611521210143  0 6674  09103092036          93         164          2579103092036      1 3 0261167TECHSERV;                 1059 16       0       000   074140741810    00      41
3827872 70611521210143  0 6674  09103092037          59         258          3179103092037      1 3 0261167TECHSERV;                 1059 16       0       000   074209742420    00      33
3838251 70611701210143  0 6674  09103092055          13         255          2689103092056      0 2 0261167TECHSERV;                 1059 24       0       000   075316753360    00      20
3838368 70611711610143  0 6674  09103092055         779       61209        619889103092123     28 2 0125050WRFS;                     1059 20       0       000   075328770060    00    1678
3840195 70611571210143  0 6674  09103092059         227        1535         17629103092104      5 3 0261167TECHSERV;                 1059 24       0       000   075522758270    00     305
3843363 70611571210143  0 6674  09103092104         473       11410        118839103092114      9 2 0261167TECHSERV;                 1059 24       0       000   075851764120    00     561
3853922 70611621610143  0 6674  09103092124         118         416          5349103092126      3 2 0125050WRFS;                     1059 20       0       000   077012771620    00     150
3855511 70611621610143  0 6674  09103092127         472        8679         91519103092135      9 2 0125050WRFS;                     1059 20       0       000   077192777290    00     537
1397206 70611441210143  0 6674  0910309  50         735       93550        94285910309 131     41 3 0261167TECHSERV;                 1059  0       0       000   0 3001 54320    00    2431
1424869 45151521210143  0 6674  0910309 131          31        1252         1283910309 131      1 3 0261167TECHSERV;                 4805 21       0       000   0 5442 54760    00      34
1426067 45151411210143  0 6674  0910309 133          33         372          405910309 133      0 2 0261167TECHSERV;                 4805  2       0       000   0 5550 55680    00      18
1458217 70611571210143  0 6674  0910309 223         225        6293         6518910309 226      4 3 0261167TECHSERV;                 1059 12       0       000   0 8570 87810    00     211
1513479 70611461610143  0 6674  0910309 409        1094       78108        79202910309 445     36 2 0125050WRFS;                     1059  2       0       000   014936171060    00    2170
3926957 70611451210143  0 6674  09103092341         975       30106        31081910310   1     20 3 0261167TECHSERV;                 1059 10       0       000   085264   650    00    1201
3937370 70611431210143  0 6674  0910310   1          40         336          376910310   2      0 2 0261167TECHSERV;                 1059  1       0       000   0   85   980    00      13
3937543 70611431210143  0 6674  091032         177         882         1059910310   5      3 3 0261167TECHSERV;                 1059  1       0       000   0  104  2810    00     177
3939339 70611431210143  0 6674  0910310   5         571        3595         4166910310  16     11 2 0261167TECHSERV;                 1059 10       0       000   0  305  9590    00     654
3953428 70611501210143  0 6674  0910310  32          75         503          578910310  33      1 2 0261167TECHSERV;                 1059 10       0       000   0 1930 19800    00      50
3955978 70611471210143  0 6674  0910310  37         135       12666        12801910310  42      5 3 0261167TECHSERV;                 1059  7       0       000   0 2228 25150    00     287
3989308 70611431210143  0 6674  0910310 134         278        3275         3553910310 139      5 3 0261167TECHSERV;                 1059  4       0       000   0 5631 59170    00     286
3992704 70611561210143  0 6674  0910310 139         838       63477        64315910310 211     32 3 0261167TECHSERV;                 1059  4       0       000   0 5942 78780    00    1936
4089361 70611461610143  0 6674  0910310 359        1470       36568        38038910310 427     29 2 0125050WRFS;                     1059 10       0       000   014329160440    00    1715
4096207 70611441210143  0 6674  0910310 409         118         758          876910310 412      2 3 0261167TECHSERV;                 1059 22       0       000   014968151040    00     136
4097466 70611441210143  0 6674  0910310 412        1103       11134        12237910310 438     25 2 0261167TECHSERV;                 1059  3       0       000   015127166540    00    1527
4112445 70611441210143  0 6674  0910310 438         401       34685        35086910310 455     17 3 0261167TECHSERV;                 1059  3       0       000   016661176810    00    1020
4127510 70611441210143  0 6674  0910310 506          93         583          676910310 507      1 2 0261167TECHSERV;                 1059  2       0       000   018370184490    00      79
4151347 70611561210143  0 6674  0910310 553          48         403          451910310 554      0 2 0261167TECHSERV;                 1059  2       0       000   021205212200    00      15
4151645 70611561210143  0 6674  0910310 554         189        5476         5665910310 559      4 3 0261167TECHSERV;                 1059  2       0       000   021251215150    00     264
4154222 70611561210143  0 6674  0910310 559         674       10889        11563910310 614     15 2 0261167TECHSERV;                 1059  2       0       000   021539224430    00     904
4162925 70611471210143  0 6674  0910310 617         637       11251        11888910310 630     13 2 0261167TECHSERV;                 1059  2       0       000   022644234080    00     764
6184718 70611521210143  0 6674  09103101447         151        1436         15879103101450      3 3 0261167TECHSERV;                 1059  2       0       000   053223533780    00     155
6278954 70611421210143  0 6674  09103101657          54         374          4289103101658      1 2 0261167TECHSERV;                 1059 14       0       000   061006610650    00      59
3669696 70611471210143  0 6674  09103101858          33         265          2989103101858      1 2 0261167TECHSERV;                 1059 10       0       000   068268683000    00      32
3669989 70611431210143  0 6674  09103101858          32         264          2969103101859      0 2 0261167TECHSERV;                 1059 10       0       000   068307683310    00      24
3679157 70611431210143  0 6674  09103101917          33         337          3709103101917      0 2 0261167TECHSERV;                 1059 10       0       000   069419694320    00      13
3690591 70611541210143  0 6674  09103101940          46         386          4329103101941      1 2 0261167TECHSERV;                 1059  1       0       000   070820708520    00      32
3692065 70611541210143  0 6674  09103101943          54        2055         21099103101944      1 2 0261167TECHSERV;                 1059  1       0       000   070987710340    00      47
3692530 70611541210143  0 6674  09103101944          19         185          2049103101944      0 2 0261167TECHSERV;                 1059  1       0       000   071042710540    00      12
3692881 70611541210143  0 6674  09103101945           8          70           789103101945      0 3 0261167TECHSERV;                 1059  1       0       000   071080710850    00       5
3694020 70611511210143  0 6674  09103101947          90        2162         22529103101948      1 3 0261167TECHSERV;                 1059 27       0       000   071211713000    00      89
3796402 70611651210143  0 6674  09103102317          80         991         10719103102318      1 3 0261167TECHSERV;                 1059 30       0       000   083813838670    00      54
5287993 70541501210143  0 6674  09103112144         755       16585        173409103112200     16 2 0261167TECHSERV;                 1059 16       0       000   078246792280    00     982
5311362 70621471610143  0 6674  09103112203          14        1503         15179103112205      2 2 0125050WRFS;                     1059 26       0       000   079365794750    00     110
5313841 70621471610143  0 6674  09103112205          10         122          1329103112205      0 2 0125050WRFS;                     1059 26       0       000   079486795080    00      22
5314406 70621471610143  0 6674  09103112205          10         122          1329103112205      0 2 0125050WRFS;                     1059 26       0       000   079515795230    00       8
5314687 70621471610143  0 6674  09103112205          19         185          2049103112206      1 2 0125050WRFS;                     1059 26       0       000   079529795610    00      32
5315541 70621471610143  0 6674  09103112206          54         400          4549103112209      3 2 0125050WRFS;                     1059 26       0       000   079570797550    00     185
534342010350162 010143  0 6674  09103112231      189375      185395       3747709103112238      7 3 0256764GATEWAY;                    26  0       0       000   081055814692    00     414
535396410350162 010143  0 6674  09103112241      402869         218       4030879103112253     12 3 0256764GATEWAY;                    26  0       0       000   081631823700    00     739
5375507 21041411910143  0 6674  09103112302         169        2594         27639103112313     11 2 0664024CTS;                      3218  0       0       000   082920835660    00     646
538677510350156 010143  0 6674  09103112314      223159         208       2233679103112322      7 3 0256764GATEWAY;                    26  0       0       000   083656841000    00     444
539824310350156 010143  0 6674  09103112327      116841      110617       2274589103112332      5 3 0256764GATEWAY;                    26  0       0       000   084419847032    00     284
540735110350156 010143  0 6674  09103112337      402869         215       4030849103112350     13 3 0256764GATEWAY;                    26  0       0       000   085042857980    00     756
542145410350156 010143  0 6674  09103112354       89319       88705       1780249103112357      3 3 0256764GATEWAY;                    26  0       0       000   086018861952    00     177
4060997 70611461210143  0 6674  09103111233          15         425          4409103111233      0 2 0261167TECHSERV;                 1059 14       0       000   045155451830    00      28
4061395 70611461210143  0 6674  09103111233          56        1972         20289103111234      1 2 0261167TECHSERV;                 1059 14       0       000   045198452540    00      56
4061976 70611461210143  0 6674  09103111234          10         181          1919103111235      0 2 0261167TECHSERV;                 1059 14       0       000   045259452700    00      11
4142709 70541631210143  0 6674  09103111407        1930       70717        726479103111454     46 2 0261167TECHSERV;                 1059 32       0       000   050831536140    00    2783
4332961 45151461210143  0 6674  09103111635         790       22086        228769103111653     18 2 0261167TECHSERV;                 4805 32       0       000   059682607640    00    1082
433585010350141 010143  0 6674  09103111637          22         114          1369103111637      1 3 0256764GATEWAY;                    26  0       0       000   059811598450    00      34
4336819 21041561910143  0 6674  09103111638           0          66           669103111638      0 3 0664024CTS;                      3218  0       0       000   059854598600    00       6
433758710350141 010143  0 6674  09103111638          22         114          1369103111639      1 3 0256764GATEWAY;                    26  0       0       000   059891599280    00      37
4338082 21041561910143  0 6674  09103111639          34         275          3099103111639      0 2 0664024CTS;                      3218  0       0       000   059912599400    00      28
4338909 21041561910143  0 6674  09103111639          32         175          2079103111641      2 3 0664024CTS;                      3218  0       0       000   059950600820    00     132
433904310350141 010143  0 6674  09103111639          22         114          1369103111640      1 3 0256764GATEWAY;                    26  0       0       000   059956599960    00      40
434053910350141 010143  0 6674  09103111640          22         114          1369103111641      1 3 0256764GATEWAY;                    26  0       0       000   060022600640    00      42
4543813 70621441210143  0 6674  09103111924          15         247          2629103111924      0 2 0261167TECHSERV;                 1059  6       0       000   069854698680    00      14
4579836 70621421210143  0 6674  09103111952         504       10370        108749103112002     10 2 0261167TECHSERV;                 1059  6       0       000   071520721140    00     594
1422303 70611501210143  0 6674  09103121245          36         398          4349103121246      1 2 0261167TECHSERV;                 1059 16       0       000   045901459490    00      48
1441173 70611421210143  0 6674  09103121311         174        1229         14039103121313      2 2 0261167TECHSERV;                 1059 16       0       000   047431475800    00     149
1535176 70541411210143  0 6674  09103121439         400        6224         66249103121447      8 2 0261167TECHSERV;                 1059 16       0       000   052733532280    00     495
167511710350200 010143  0 6674  09103121618      201585      196285       3978709103121626      8 3 0256764GATEWAY;                    26  0       0       000   058681591602    00     479
1692599 21041571910143  0 6674  09103121628         263       11155        114189103121716     48 2 0664024CTS;                      3218  0       0       000   059282621600    00    2878
169757110350203 010143  0 6674  09103121631          21          66           879103121631      0 3 0256764GATEWAY;                    26  0       0       000   059465594720    00       7
170001310350203 010143  0 6674  09103121632          22         102          1249103121633      0 3 0256764GATEWAY;                    26  0       0       000   059544595580    00      14
170156910350203 010143  0 6674  09103121633          22         113          1359103121633      0 2 0256764GATEWAY;                    26  0       0       000   059591595970    00       6
1703903 21041605110143  0 6674  09103121634          23         208          2319103121635      1 2 0664024CTS;                      3218  0       0       000   059662596950    00      33
170744310350203 010143  0 6674  09103121636      223160         206       2233669103121644      8 3 0256764GATEWAY;                    26  0       0       000   059760602470    00     487
1727625 21041631910143  0 6674  09103121648          38         548          5869103121649      1 2 0664024CTS;                      3218  0       0       000   060463605290    00      66
173318910350151 010143  0 6674  09103121651      402869         215       4030849103121705     14 3 0256764GATEWAY;                    26  0       0       000   060659614810    00     822
1757586 21041561910143  0 6674  09103121706          15         400          4159103121706      0 3 0664024CTS;                      3218  0       0       000   061536615530    00      17
1758608 21041561910143  0 6674  09103121706          20         487          5079103121708      1 2 0664024CTS;                      3218  0       0       000   061572616510    00      79
177554310350151 010143  0 6674  09103121718      223160         208       2233689103121725      7 3 0256764GATEWAY;                    26  0       0       000   062263627020    00     439
1787049 21041561910143  0 6674  09103121727          84        1466         15509103121742     16 2 0664024CTS;                      3218  0       0       000   062796637360    00     940
180756410350175 010143  0 6674  09103121743      402869         215       4030849103121756     14 3 0256764GATEWAY;                    26  0       0       000   063769645850    00     816
1825356 21041561910143  0 6674  09103121757          17         468          4859103121758      1 2 0664024CTS;                      3218  0       0       000   064602646820    00      80
1827240 21041561910143  0 6674  09103121758          33        1633         16669103121759      1 2 0664024CTS;                      3218  0       0       000   064697647330    00      36
183332410350152 010143  0 6674  09103121803      223160         208       2233689103121811      8 3 0256764GATEWAY;                    26  0       0       000   064988654390    00     451
1865214 21041411910143  0 6674  09103121828         103        4071         41749103121954     86 2 0664024CTS;                      3218  0       0       000   066471716150    00    5144
1874347 70611451210143  0 6674  09103121835         401        4069         44709103121842      7 2 0261167TECHSERV;                 1059  3       0       000   066921673260    00     405
1979686 21041411910143  0 6674  09103121959          69         959         10289103122027     28 2 0664024CTS;                      3218  0       0       000   071930735990    00    1669
2002691 70611421210143  0 6674  09103122017         651       17020        176719103122035     18 2 0261167TECHSERV;                 1059 35       0       000   073006740810    00    1075
201650910350145 010143  0 6674  09103122028          29         175          2049103122028      0 3 0256764GATEWAY;                    26  0       0       000   073669736870    00      18
201741810350145 010143  0 6674  09103122029      210676         203       2108799103122035      6 3 0256764GATEWAY;                    26  0       0       000   073711740940    00     383
2027059 21041411910143  0 6674  09103122036          70         590          6609103122039      2 2 0664024CTS;                      3218  0       0       000   074167743100    00     143
5421788 21041431910143  0 6674  09103112354         377       49098        49475910312 304    190 2 0664024CTS;                      3218  0       0       000   086041110380    00   11397
543270110350173 010143  0 6674  0910312   7       87207       84745       171952910312  11      4 3 0256764GATEWAY;                    26  0       0       000   0  411  6352    00     224
543619410350173 010143  0 6674  0910312  11      223159         208       223367910312  16      5 3 0256764GATEWAY;                    26  0       0       000   0  676  9482    00     272
546262110350154 010143  0 6674  0910312  45      402869         215       403084910312  58     13 3 0256764GATEWAY;                    26  0       0       000   0 2670 34560    00     786
548528310350205 010143  0 6674  0910312 115      223159         226       223385910312 123      8 3 0256764GATEWAY;                    26  0       0       000   0 4508 49810    00     473
551730710350202 010143  0 6674  0910312 201      402869         215       403084910312 215     14 3 0256764GATEWAY;                    26  0       0       000   0 7274 80890    00     815
552926010350206 010143  0 6674  0910312 220      223159         208       223367910312 228      8 3 0256764GATEWAY;                    26  0       0       000   0 8400 88650    00     465
553131110350166 010143  0 6674  0910312 223          22         102          124910312 224      0 3 0256764GATEWAY;                    26  0       0       000   0 8600 86180    00      18
553301410350166 010143  0 6674  0910312 226       96645       96163       192808910312 230      4 3 0256764GATEWAY;                    26  0       0       000   0 8770 89922    00     222
554251410350212 010143  0 6674  0910312 243       99615       98407       198022910312 247      4 3 0256764GATEWAY;                    26  0       0       000   0 9775100422    00     267
554773610350212 010143  0 6674  0910312 252       66747       64747       131494910312 256      4 3 0256764GATEWAY;                    26  0       0       000   010290105460    00     256
5549675 21041551610143  0 6674  0910312 255          19         160          179910312 255      0 2 0664024CTS;                      3218  0       0       000   010478104990    00      21
5550252 21041551610143  0 6674  0910312 256          31         117          148910312 256      1 3 0664024CTS;                      3218  0       0       000   010533105650    00      32
5551413 21041461610143  0 6674  0910312 258          86         724          810910312 304      6 2 0664024CTS;                      3218  0       0       000   010652110340    00     382
556064210350211 010143  0 6674  0910312 314          21         113          134910312 314      0 2 0256764GATEWAY;                    26  0       0       000   011637116510    00      14
556109510350207 010143  0 6674  0910312 315      875181      856021      1731202910312 344     29 3 0256764GATEWAY;                    26  0       0       000   011691134232    00    1732
556661410350211 010143  0 6674  0910312 323          21          67           88910312 326      3 3 0256764GATEWAY;                    26  0       0       000   012190123730    00     183
556911110350211 010143  0 6674  0910312 327          21          67           88910312 328      1 3 0256764GATEWAY;                    26  0       0       000   012413124780    00      65
557146410350211 010143  0 6674  0910312 330       19227       18943        38170910312 334      3 3 0256764GATEWAY;                    26  0       0       000   012628128140    00     186
558098710350207 010143  0 6674  0910312 344       56385       55507       111892910312 346      2 3 0256764GATEWAY;                    26  0       0       000   013425135702    00     145
558729610350206 010143  0 6674  0910312 352      210676         208       210884910312 357      5 3 0256764GATEWAY;                    26  0       0       000   013921142352    00     314
558886610350207 010143  0 6674  0910312 354       58563       57091       115654910312 358      4 3 0256764GATEWAY;                    26  0       0       000   014044142630    00     219
5604732 70611421210143  0 6674  0910312 420          46         294          340910312 421      0 3 0261167TECHSERV;                 1059 21       0       000   015613156400    00      27
560488110350166 010143  0 6674  0910312 421      171093      166585       337678910312 427      6 3 0256764GATEWAY;                    26  0       0       000   015635160062    00     371
5608409 70611651210143  0 6674  0910312 430         219       10552        10771910312 437      8 2 0261167TECHSERV;                 1059 27       0       000   016183166450    00     462
561602810350166 010143  0 6674  0910312 451      381509         213       381722910312 458      7 3 0256764GATEWAY;                    26  0       0       000   017446178922    00     446
566267310350147 010143  0 6674  09103122119        4236          67         43039103122120      1 3 0256764GATEWAY;                    26  0       0       000   076731768010    00      70
5664593 21041441910143  0 6674  09103122120          12         114          1269103122121      1 3 0664024CTS;                      3218  0       0       000   076804768410    00      37
567311310350151 010143  0 6674  09103122125      891021      867439      17584609103122153     28 3 0256764GATEWAY;                    26  0       0       000   077110787762    00    1666
5766555 21041471910143  0 6674  09103122224          71         614          6859103122225      1 2 0664024CTS;                      3218  0       0       000   080637806970    00      60
577087110350161 010143  0 6674  09103122227      210676         208       2108849103122231      4 3 0256764GATEWAY;                    26  0       0       000   080793810522    00     259
5778286 21041441910143  0 6674  09103122231          31         836          8679103122324     53 2 0664024CTS;                      3218  0       0       000   081085842430    00    3158
204375410350145 010143  0 6674  09103122049           0           0            09103122049      084 0256764GATEWAY;                    26  0       0       000   074956749643    00       8
625923910350202 010143  0 6674  09103131358      202377      201235       4036129103131403      5 3 0256764GATEWAY;                    26  0       0       000   050259505642    00     305
6281986 2333206 010143  0 6674  09103131417       57045       53263       1103089103131420      2 3 0256764GATEWAY;                    33  0       0       000   051444515712    00     127
3797956 45151411210143  0 6674  09103131635          47         314          3619103131636      0 2 0261167TECHSERV;                 4805 62       0       000   059719597440    00      25
3798763 45151411210143  0 6674  09103131636          36         311          3479103131636      1 2 0261167TECHSERV;                 4805 62       0       000   059753597850    00      32
3802232 45151411210143  0 6674  09103131639          39        1875         19149103131640      1 2 0261167TECHSERV;                 4805 62       0       000   059912599770    00      65
3803775 45151411210143  0 6674  09103131640          83        3042         31259103131642      3 3 0261167TECHSERV;                 4805 62       0       000   059982601400    00     158
3808397 45152451210143  0 6674  09103131643          33         312          3459103131644      1 2 0261167TECHSERV;                 4805103       0       000   060197602370    00      40
3809459 45152101210143  0 6674  09103131644          15         188          2039103131645      1 2 0261167TECHSERV;                 4805103       0       000   060246602840    00      38
3810622 45152101210143  0 6674  09103131645          34         266          3009103131645      0 2 0261167TECHSERV;                 4805103       0       000   060298603210    00      23
3817490 45151551210143  0 6674  09103131651          95        2031         21269103131651      1 2 0261167TECHSERV;                 4805103       0       000   060630606850    00      55
3820904 45151551210143  0 6674  09103131653          36         255          2919103131654      0 2 0261167TECHSERV;                 4805103       0       000   060800608250    00      25
3875293 70541501210143  0 6674  09103131740          83        2062         21459103131741      1 2 0261167TECHSERV;                 1059  0       0       000   063577636380    00      61
3922403 70621551210143  0 6674  09103131820          63        1979         20429103131821      1 2 0261167TECHSERV;                 1059 10       0       000   066028660720    00      44
3945220 2333202 010143  0 6674  09103131839       50973       50359       1013329103131843      3 3 0256764GATEWAY;                    33  0       0       000   067165673630    00     198
4050571 21041421910143  0 6674  09103132004          70        3553         36239103132222    138 2 0664024CTS;                      3218  0       0       000   072239804900    00    8251
4134859 2333224 010143  0 6674  09103132111       68529       68113       1366429103132115      4 3 0256764GATEWAY;                    33  0       0       000   076281765200    00     239
4164613 2333212 010143  0 6674  09103132134      191487      190741       3822289103132139      5 3 0256764GATEWAY;                    33  0       0       000   077657779482    00     291
429129110350174 010143  0 6674  09103132342      381509         213       3817229103132357     14 3 0256764GATEWAY;                    26  0       0       000   085349861900    00     841
9616218 2333167 010143  0 6674  09103141440       87537       86593       1741309103141443      3 3 0256764GATEWAY;                    33  0       0       000   052805529742    00     169
9628966 2333162 010143  0 6674  09103141450       64569       63493       1280629103141453      2 3 0256764GATEWAY;                    33  0       0       000   053428535622    00     134
9677334 2333212 010143  0 6674  09103141529       87537       86329       1738669103141532      3 3 0256764GATEWAY;                    33  0       0       000   055752559142    00     162
9703924 2333217 010143  0 6674  09103141550          21         113          1349103141550      0 2 0256764GATEWAY;                    33  0       0       000   056979569850    00       6
9705037 2333220 010143  0 6674  09103141550          21         113          1349103141551      0 2 0256764GATEWAY;                    33  0       0       000   057028570330    00       5
9706017 2333217 010143  0 6674  09103141551          21         113          1349103141551      0 2 0256764GATEWAY;                    33  0       0       000   057073570770    00       4
9706978 2333217 010143  0 6674  09103141552          21         113          1349103141552      0 2 0256764GATEWAY;                    33  0       0       000   057117571210    00       4
9707930 2333212 010143  0 6674  09103141553          21         113          1349103141553      0 2 0256764GATEWAY;                    33  0       0       000   057163571670    00       4
9708813 2333217 010143  0 6674  09103141553          21         113          1349103141554      0 2 0256764GATEWAY;                    33  0       0       000   057207572110    00       4
9709735 2333212 010143  0 6674  09103141554          21         113          1349103141554      0 2 0256764GATEWAY;                    33  0       0       000   057251572550    00       4
9710636 2333221 010143  0 6674  09103141555          21         113          1349103141555      0 2 0256764GATEWAY;                    33  0       0       000   057295572990    00       4
9711646 2333222 010143  0 6674  09103141556          21         113          1349103141556      0 2 0256764GATEWAY;                    33  0       0       000   057340573450    00       5
9712637 2333170 010143  0 6674  09103141556          21         113          1349103141557      0 2 0256764GATEWAY;                    33  0       0       000   057386573900    00       4
9713627 2333212 010143  0 6674  09103141557          21         113          1349103141557      0 2 0256764GATEWAY;                    33  0       0       000   057431574350    00       4
9714559 2333221 010143  0 6674  09103141558          21         113          1349103141558      0 2 0256764GATEWAY;                    33  0       0       000   057475574790    00       4
9715589 2333225 010143  0 6674  09103141559          21         113          1349103141559      0 2 0256764GATEWAY;                    33  0       0       000   057520575240    00       4
9716488 2333223 010143  0 6674  09103141559          21         113          1349103141559      0 2 0256764GATEWAY;                    33  0       0       000   057565575690    00       4
9717555 2333222 010143  0 6674  09103141600          21         113          1349103141600      0 2 0256764GATEWAY;                    33  0       0       000   057609576130    00       4
9718540 2333221 010143  0 6674  09103141601          21         113          1349103141601      0 2 0256764GATEWAY;                    33  0       0       000   057653576580    00       5
9719550 2333221 010143  0 6674  09103141602          21         113          1349103141602      0 2 0256764GATEWAY;                    33  0       0       000   057700577040    00       4
9720538 2333221 010143  0 6674  09103141602          21         113          1349103141602      0 2 0256764GATEWAY;                    33  0       0       000   057745577490    00       4
9721587 2333221 010143  0 6674  09103141603          21         113          1349103141603      0 2 0256764GATEWAY;                    33  0       0       000   057789577930    00       4
9722584 2333221 010143  0 6674  09103141604          21         113          1349103141604      0 2 0256764GATEWAY;                    33  0       0       000   057833578370    00       4
9723580 2333210 010143  0 6674  09103141605          21         113          1349103141605      0 2 0256764GATEWAY;                    33  0       0       000   057877578810    00       4
9724512 2333221 010143  0 6674  09103141605          21         113          1349103141605      0 2 0256764GATEWAY;                    33  0       0       000   057921579250    00       4
9725518 2333210 010143  0 6674  09103141606          21         113          1349103141606      0 2 0256764GATEWAY;                    33  0       0       000   057965579690    00       4
9726566 2333221 010143  0 6674  09103141607          21         113          1349103141607      0 2 0256764GATEWAY;                    33  0       0       000   058010580140    00       4
9727571 2333223 010143  0 6674  09103141608          21         113          1349103141608      0 2 0256764GATEWAY;                    33  0       0       000   058054580580    00       4
9728522 2333221 010143  0 6674  09103141608          21         113          1349103141608      0 2 0256764GATEWAY;                    33  0       0       000   058099581030    00       4
9729539 2333221 010143  0 6674  09103141609          21         113          1349103141609      0 2 0256764GATEWAY;                    33  0       0       000   058144581480    00       4
9730609 2333221 010143  0 6674  09103141610          21         113          1349103141610      0 2 0256764GATEWAY;                    33  0       0       000   058187581910    00       4
9731559 2333210 010143  0 6674  09103141611          21         113          1349103141611      0 2 0256764GATEWAY;                    33  0       0       000   058232582360    00       4
9732527 2333223 010143  0 6674  09103141611          21         113          1349103141611      0 2 0256764GATEWAY;                    33  0       0       000   058276582800    00       4
9733629 2333210 010143  0 6674  09103141612          20          66           869103141612      0 3 0256764GATEWAY;                    33  0       0       000   058324583280    00       4
9734384 2333210 010143  0 6674  09103141613      110769      109495       2202649103141617      5 3 0256764GATEWAY;                    33  0       0       000   058357586452    00     288
9938629 2333173 010143  0 6674  09103141853       67935       66595       1345309103141856      3 3 0256764GATEWAY;                    33  0       0       000   067997681562    00     159
9980199 2333226 010143  0 6674  09103141926       87141       86593       1737349103141929      3 3 0256764GATEWAY;                    33  0       0       000   069964701302    00     166
   5455 2333210 010143  0 6674  09103141946       83379       82435       1658149103141949      3 3 0256764GATEWAY;                    33  0       0       000   071141713482    00     207
 117616 2333162 010143  0 6674  09103142113      118029      116557       2345869103142117      3 3 0256764GATEWAY;                    33  0       0       000   076390765982    00     208
 173707 2333217 010143  0 6674  09103142158      192675      191467       3841429103142208     10 3 0256764GATEWAY;                    33  0       0       000   079080797092    00     629
4418506 70611521210143  0 6674  0910314 236          82        2039         2121910314 238      1 2 0261167TECHSERV;                 1059 15       0       000   0 9383 94580    00      75
2397220 2333173 010143  0 6674  09103151532      110109      109363       2194729103151536      4 3 0256764GATEWAY;                    33  0       0       000   055933561522    00     219
242123610350215 010143  0 6674  09103151550      187923      183283       3712069103151557      7 3 0256764GATEWAY;                    26  0       0       000   057009574272    00     418
2435908 21041671910143  0 6674  09103151601          19         197          2169103151603      2 2 0664024CTS;                      3218  0       0       000   057656577940    00     138
2460221 21041661910143  0 6674  09103151619          33         245          2789103151620      2 2 0664024CTS;                      3218  0       0       000   058715588140    00      99
2463282 21041661910143  0 6674  09103151621          33         245          2789103151622      2 2 0664024CTS;                      3218  0       0       000   058848589410    00      93
2465961 21041661910143  0 6674  09103151623          21         250          2719103151623      0 2 0664024CTS;                      3218  0       0       000   058960589820    00      22
246765610350225 010143  0 6674  09103151624          21         113          1349103151624      0 2 0256764GATEWAY;                    26  0       0       000   059034590380    00       4
246902110350225 010143  0 6674  09103151625          21         113          1349103151625      0 2 0256764GATEWAY;                    26  0       0       000   059092590970    00       5
247035110350225 010143  0 6674  09103151626          21         113          1349103151626      0 2 0256764GATEWAY;                    26  0       0       000   059148591600    00      12
2472959 21041531910143  0 6674  09103151628          34         245          2799103151628      0 2 0664024CTS;                      3218  0       0       000   059262592820    00      20
249324910350220 010143  0 6674  09103151643          23         144          1679103151645      2 3 0256764GATEWAY;                    26  0       0       000   060153602850    00     132
2506846 21041531910143  0 6674  09103151653          23         204          2279103151654      1 2 0664024CTS;                      3218  0       0       000   060778608300    00      52
251048810350220 010143  0 6674  09103151656          23         144          1679103151658      2 3 0256764GATEWAY;                    26  0       0       000   060949610740    00     125
251262710350220 010143  0 6674  09103151657          23         144          1679103151660      2 3 0256764GATEWAY;                    26  0       0       000   061046611740    00     128
2515093 21041661910143  0 6674  09103151659          45        1457         15029103151702      3 2 0664024CTS;                      3218  0       0       000   061165613260    00     161
251650010350220 010143  0 6674  09103151701          23         144          1679103151703      2 3 0256764GATEWAY;                    26  0       0       000   061235613640    00     129
251863610350220 010143  0 6674  09103151702          23         144          1679103151704      2 3 0256764GATEWAY;                    26  0       0       000   061336614640    00     128
2520757 21041531910143  0 6674  09103151704          74        1681         17559103151711      7 2 0664024CTS;                      3218  0       0       000   061437618580    00     421
2523038 21041661910143  0 6674  09103151706          27         241          2689103151706      0 2 0664024CTS;                      3218  0       0       000   061544615660    00      22
252403310350231 010143  0 6674  09103151707          23         144          1679103151709      2 3 0256764GATEWAY;                    26  0       0       000   061592617240    00     132
252967110350227 010143  0 6674  09103151711      189111      183679       3727909103151718      7 3 0256764GATEWAY;                    26  0       0       000   061875622772    00     402
2538626 21041531910143  0 6674  09103151719          27         146          1739103151720      0 3 0664024CTS;                      3218  0       0       000   062348623700    00      22
2540321 21041531910143  0 6674  09103151720          35         248          2839103151721      1 2 0664024CTS;                      3218  0       0       000   062420624820    00      62
254416910350205 010143  0 6674  09103151724          23         144          1679103151726      2 3 0256764GATEWAY;                    26  0       0       000   062615627440    00     129
256728710350225 010143  0 6674  09103151744          23         144          1679103151746      2 3 0256764GATEWAY;                    26  0       0       000   063814639440    00     130
257252010350225 010143  0 6674  09103151748          23         144          1679103151750      2 3 0256764GATEWAY;                    26  0       0       000   064076642040    00     128
2574273 21041661910143  0 6674  09103151749          76         648          7249103151753      4 2 0664024CTS;                      3218  0       0       000   064169643880    00     219
257766810350225 010143  0 6674  09103151752          23         144          1679103151755      2 3 0256764GATEWAY;                    26  0       0       000   064340644740    00     134
257875210350231 010143  0 6674  09103151753          23         144          1679103151755      2 3 0256764GATEWAY;                    26  0       0       000   064396645240    00     128
258102310350225 010143  0 6674  09103151755          21         113          1349103151755      0 2 0256764GATEWAY;                    26  0       0       000   064513645170    00       4
258184310350201 010143  0 6674  09103151756      497397      484507       9819049103151812     16 3 0256764GATEWAY;                    26  0       0       000   064556655322    00     976
258450210350206 010143  0 6674  09103151758          22         144          1669103151800      2 3 0256764GATEWAY;                    26  0       0       000   064690648150    00     125
2601557 21041631910143  0 6674  09103151813          53         381          4349103151825     13 2 0664024CTS;                      3218  0       0       000   065563663250    00     762
2603243 21041661910143  0 6674  09103151814          83        3212         32959103151825     11 2 0664024CTS;                      3218  0       0       000   065645663040    00     659
261491810350225 010143  0 6674  09103151824      165549      164077       3296269103151828      4 3 0256764GATEWAY;                    26  0       0       000   066227664772    00     250
261940410350232 010143  0 6674  09103151827      717375      694057      14114329103151851     24 3 0256764GATEWAY;                    26  0       0       000   066437678842    00    1447
2652222 21041441910143  0 6674  09103151854          32         297          3299103151856      2 2 0664024CTS;                      3218  0       0       000   068024681550    00     131
2662182 21041441910143  0 6674  09103151901         112         708          8209103151908      7 2 0664024CTS;                      3218  0       0       000   068475688850    00     410
2673396 21041441910143  0 6674  09103151910          33         273          3069103151911      1 2 0664024CTS;                      3218  0       0       000   068995690420    00      47
2674902 21041441910143  0 6674  09103151911          39         166          2059103151912      1 3 0664024CTS;                      3218  0       0       000   069063691210    00      58
2677326 21041441910143  0 6674  09103151913          50         284          3349103151914      1 2 0664024CTS;                      3218  0       0       000   069182692210    00      39
2678268 21041441910143  0 6674  09103151914          57         288          3459103151915      1 2 0664024CTS;                      3218  0       0       000   069227692990    00      72
2680124 21041441910143  0 6674  09103151915          35         169          2049103151916      1 3 0664024CTS;                      3218  0       0       000   069314693450    00      31
268115010350204 010143  0 6674  09103151916          21         113          1349103151916      0 2 0256764GATEWAY;                    26  0       0       000   069363693700    00       7
270578610350166 010143  0 6674  09103151935      496407      480943       9773509103151953     18 3 0256764GATEWAY;                    26  0       0       000   070508715592    00    1051
270772810350206 010143  0 6674  09103151937       31151         191        313429103151938      2 3 0256764GATEWAY;                    26  0       0       000   070593706860    00      93
2709043 21041441910143  0 6674  09103151938          24         139          1639103151938      0 3 0664024CTS;                      3218  0       0       000   070655706760    00      21
2763697 21041661910143  0 6674  09103152021          22         395          4179103152309    169 3 0664024CTS;                      3218  0       0       000   073241833680    00   10127
 344372 70611431210143  0 6674  0910315 104          35         272          307910315 104      0 2 0261167TECHSERV;                 1059 30       0       000   0 3834 38570    00      23
   It7