244930310350210 010143  0 6674  09102261317      570063      690889      12609529102261332     15 3 0256764GATEWAY;                    26  0       0       000   047817487442    00     927
273353210350210 010143  0 6674  09102261709      357213      345709       7029229102261717      8 3 0256764GATEWAY;                    26  0       0       000   061769622472    00     478
274849510350225 010143  0 6674  09102261722      318999      316273       6352729102261730      7 3 0256764GATEWAY;                    26  0       0       000   062536629812    00     445
276129210350147 010143  0 6674  09102261734      326193      318517       6447109102261741      8 3 0256764GATEWAY;                    26  0       0       000   063220636742    00     454
277176910350147 010143  0 6674  09102261742      368103      359635       7277389102261751      8 3 0256764GATEWAY;                    26  0       0       000   063741642412    00     500
278381110350147 010143  0 6674  09102261753      316359      311389       6277489102261800      8 3 0256764GATEWAY;                    26  0       0       000   064356648082    00     452
279449110350234 010143  0 6674  09102261802          21         113          1349102261802      0 2 0256764GATEWAY;                    26  0       0       000   064890648940    00       4
279535210350235 010143  0 6674  09102261802          21         113          1349102261802      0 2 0256764GATEWAY;                    26  0       0       000   064934649380    00       4
279630310350234 010143  0 6674  09102261803          21         113          1349102261803      0 2 0256764GATEWAY;                    26  0       0       000   064978649830    00       5
279726410350213 010143  0 6674  09102261804          21         113          1349102261804      0 2 0256764GATEWAY;                    26  0       0       000   065023650270    00       4
279819010350203 010143  0 6674