15211011010314116 3734  0 3558  18911291244          58         570          6288911291244      0 3 0255155LANDAUER-III;              209  1       0       000   045811458360    00      25
1522406 407516016 3734  0 3558  28911291247          86         149          2358911291249      3 3 0255155LANDAUER-III;             2262  0       0       000   045990461600    00     170
1525346 407516216 3734  0 3558  38911291253          47         181          2288911291259      6 2 0255155LANDAUER-III;             2262  0       0       000   046377467430    00     366
1534706 206616212 3734  0 3558  48911291309          17         119          1368911291309      1 3 0255155LANDAUER-III;             5397 13       0       000   047310473630    00      53
1535969 206614412 3734  0 3558  58911291310           5         131          1368911291315      5 2 0255155LANDAUER-III;             5397 13       0       000   047419477030    00     284
1541589 573314312 3734  0 3558  18911291318          59       11359        114188911291327      9 3 0255155LANDAUER-III;            10351  0       0       000   047899484280    00     529
1553093 206615712 3734  0 3558  18911291334          35        6511         65468911291340      6 2 0255155LANDAUER-III;             5397  7       0       000   048815492030    00     388
1566831 706215016 3734  0 3558  18911291350         175        9064         92398911291354      4 3 0255155LANDAUER-III;             1059 21       0       000   049788500190    00     231
1580248 466715516 3734  0 3558  18911291405         203       18539        187428911291413      8 3 0255155LANDAUER-III;             7408  7       0       000   050683511860    00     503
15810091002114116 3734  0 3558  28911291406         128       44822        449508911291420     14 2 0255155LANDAUER-III;             4562 21       0       000   050734516030    00     869
15876091002116412 3734  0 3558  38911291412         761      115658       1164198911291459     47 3 0255155LANDAUER-III;             4562 24       0       000   051145539560    00    2811
1593262 700117312 3734  0 3558  18911291418          85        9085         91708911291428      9 3 0255155LANDAUER-III;             2631 46       0       000   051494520510    00     557
15992731002116316 3734  0 3558  28911291425         140       55707        558478911291440     16 3 0255155LANDAUER-III;             4562 23       0       000   051876528240    00     948
1631786 573314512 3734  0 3558  18911291457         114       20910        210248911291507     10 3 0255155LANDAUER-III;            10351 14       0       000   053806543940    00     588
16415761013014716 3734  0 3558  28911291506         508       21393        219018911291528     23 3 0255155LANDAUER-III;             9179  6       0       000   054343556940    00    1351
1643271 615116416 3734  0 3558  18911291507      114401      261415       3758168911291636     88 2 0255155LANDAUER-III;             1785 12       0       000   054437597380    00    5301
1647128 422015612 3734  0 3558  38911291511         264       12196        124608911291519      8 3 0255155LANDAUER-III;             4217  4       0       000   054647551470    00     500
1650940 467114116 3734  0 3558  48911291514         161       13432        135938911291521      7 3 0255155LANDAUER-III;             4222 33       0       000   054853552460    00     393
1653531 654414116 3734  0 3558  08911291516           0          16           168911291516      0 7 0414705TOLTESTENV;               3319  3       0       000   054977549780    00       1
16538651002116116 3734  0 3558  58911291517         105       14577        146828911291523      7 3 0255155LANDAUER-III;             4562  0       0       000   054992553830    00     391
1653997 654414116 3734  0 3558  08911291517           0          16           168911291517      0 7 0414705TOLTESTENV;               3319  3       0       000   054998549990    00       1
1654630 632116116 3734  0 3558 108911291517         413       40736        411498911291529     12 3 0414655TRIPLE-I;                 8257 17       0       000   055025557360    00     711
1657367 573315212 3734  0 3558  38911291519          84       20376        204608911291527      8 3 0255155LANDAUER-III;            10351 14       0       000   055162556360    00     474
16685341167114412 3734  0 3558  28911291529          89        8962         90518911291534      4 3 0255155LANDAUER-III;            10597  1       0       000   055751560100    00     259
1671625 632515016 3734  0 3558 108911291532         115       19392        195078911291538      6 3 0414655TRIPLE-I;                 8257 32       0       000   055909562560    00     347
16732841002114716 3734  0 3558  38911291533          28        5987         60158911291538      5 2 0255155LANDAUER-III;             4562 25       0       000   055990562840    00     294
1682114 632515016 3734  0 3558 108911291541          99       22890        229898911291546      6 3 0414655TRIPLE-I;                 8257 23       0       000   056430567880    00     358
1689178 241423612 3734  0 3558  28911291546          53       13562        136158911291551      5 3 0255155LANDAUER-III;             1868 77       0       000   056778570700    00     292
1706943 422015712 3734  0 3558  28911291601          73       13623        136968911291605      4 3 0255155LANDAUER-III;             4217 13       0       000   057664579210    00     257
1718835 632517316 3734  0 3558 108911291610          68       11456        115248911291612      2 2 0414655TRIPLE-I;                 8257 16       0       000   058217583400    00     123
1721667 254522312 3734  0 3558  28911291612         134        7052         71868911291621      9 3 0255155LANDAUER-III;             2076  0       0       000   058346588760    00     530
1722696 654416216 3734  0 3558  08911291613           0          16           168911291613      0 7 0414705TOLTESTENV;               3319  4       0       000   058391583920    00       1
1727527 245323112 3734  0 3558  38911291617          82        9861         99438911291620      3 3 0255155LANDAUER-III;              664120       0       000   058615588060    00     191
1731800 407614216 3734  0 3558  38911291620         188       10276        104648911291624      3 3 0255155LANDAUER-III;             2262  0       0       000   058809590140    00     205
1731827 657514416 3734  0 3558  48911291620         936       40935        418718911291645     25 2 0255155LANDAUER-III;             3173 35       0       000   058810603040    00    1494
1735149 632516016 3734  0 3558 108911291623         110        9856         99668911291626      3 3 0414655TRIPLE-I;                 8257  0       0       000   058966591610    00     195
17373541131314116 3734  0 3558  28911291624          58         965         10238911291626      1 3 0255155LANDAUER-III;            10691  0       0       000   059064591300    00      66
17401031131314116 3734  0 3558  28911291627        8334       21756        300908911291636      9 3 0255155LANDAUER-III;            10691  0       0       000   059196597360    00     540
1740620 700116712 3734  0 3558  38911291627         529       23356        238858911291646     19 3 0255155LANDAUER-III;             2631 21       0       000   059220603880    00    1168
1742803 632517216 3734  0 3558 108911291629          85        6230         63158911291632      3 3 0414655TRIPLE-I;                 8257 37       0       000   059320595090    00     189
1749795 451630112 3734  0 3558  58911291634          39        7898         79378911291636      2 3 0255155LANDAUER-III;             4806142       0       000   059651597810    00     130
17549371130714216 3734  0 3558  18911291638          51        7270         73218911291643      5 2 0255155LANDAUER-III;             6048  1       0       000   059892601990    00     307
17565411002116012 3734  0 3558  28911291639         131       26792        269238911291652     13 3 0255155LANDAUER-III;             4562 10       0       000   059967607340    00     767
1758396 451521512 3734  0 3558  58911291641          53       18591        186448911291648      8 3 0255155LANDAUER-III;             4805 40       0       000   060056605070    00     451
1779617 657516716 3734  0 3558  18911291659          33        1230         12638911291704      5 2 0255155LANDAUER-III;             3173 33       0       000   061122614440    00     322
17908281125715412 3734  0 3558  18911291709           3          78           818911291709      0 3 0255155LANDAUER-III;+++         10690 13       0       000   061711617270    00      16
17924291032516016 3734  0 3558  18911291710          14        1238         12528911291714      4 2 0255155LANDAUER-III;             3173  3       0       000   061804620440    00     240
1796945 3415 2012 3734  0 3558  18911291714           9          91          1008911291715      0 3 0255155LANDAUER-III;             2739 12       0       000   062059620800    00      21
1799575 451521412 3734  0 3558  18911291717         181       47745        479268911291733     16 3 0255155LANDAUER-III;             4805 20       0       000   062208631640    00     956
1799628 3415 1312 3734  0 3558  28911291717         920       55404        563248911291804     47 2 0255155LANDAUER-III;             2739 13       0       000   062211650250    00    2814
18037481125714612 3734  0 3558  38911291721         159       17727        178868911291735     15 3 0255155LANDAUER-III;            10690  4       0       000   062454633240    00     870
1806661 370623312 3734  0 3558  48911291724       17130       37989        551198911291749     25 2 0255155LANDAUER-III;             3484 71       0       000   062625641440    00    1519
1807599 654415016 3734  0 3558  08911291725           0          16           168911291725      0 7 0414705TOLTESTENV;               3319 11       0       000   062678626780    00       0
1813133 235715312 3734  0 3558  58911291730           4        1032         10368911291734      4 2 0255155LANDAUER-III;             1776  0       0       000   063004632450    00     241
1816753 206615512 3734  0 3558  18911291734          61        7290         73518911291737      4 3 0255155LANDAUER-III;             5397 17       0       000   063216634340    00     218
1818159 451520412 3734  0 3558  58911291735          89       18997        190868911291742      7 3 0255155LANDAUER-III;             4805116       0       000   063302637250    00     423
1820566 407614116 3734  0 3558  18911291737         401       41887        422888911291807     30 2 0255155LANDAUER-III;             2262  0       0       000   063441652250    00    1784
18327821036315116 3734  0 3558 158911291749        1447      141943       1433908911291836     47 2 0447737RSL-REGIONAL;             9203 10       0       000   064145669470    00    2802
1837170 603714144 3734  0 3558  38911291753         113         458          5718911291757      4 3 0255155LANDAUER-III;             6319  1       0       000   064405646290    00     224
1841137 444414248 3734  0 3558 108911291757          73       12478        125518911291802      5 3 0414655TRIPLE-I;                 9347  1       0       000   064634649320    00     298
1843202 654414148 3734  0 3558  08911291759           0          16           168911291759      0 7 0414705TOLTESTENV;               3319  1       0       000   064759647590    00       0
1843461 654414148 3734  0 3558  08911291760           0          16           168911291760      0 7 0414705TOLTESTENV;               3319  1       0       000   064775647750    00       0
1843835 603714112 3734  0 3558  38911291760          32        2730         27628911291803      3 3 0255155LANDAUER-III;             6319  1       0       000   064797649650    00     168
1852701 654414616 3734  0 3558  08911291808           0          16           168911291808      0 7 0414705TOLTESTENV;               3319  3       0       000   065304653050    00       1
1852764 422015412 3734  0 3558  18911291808         272       38608        388808911291824     16 3 0255155LANDAUER-III;             4217 10       0       000   065308662610    00     953
1854152 341017112 3734  0 3558  28911291810           3          55           588911291811      1 3 0255155LANDAUER-III;             2941  3       0       000   065388654390    00      51
1857773 654414716 3734  0 3558 168911291813         407       22173        225808911291824     11 3 0447737RSL-REGIONAL;             3319  4       0       000   065598662490    00     651
1860310 603714144 3734  0 3558  28911291816          57        2850         29078911291820      4 3 0255155LANDAUER-III;             6319  0       0       000   065739659880    00     249
1863358 451621612 3734  0 3558  38911291818          19        1566         15858911291819      1 3 0255155LANDAUER-III;             4806 41       0       000   065901659670    00      66
1867835 451516412 3734  0 3558  28911291822         362       12233        125958911291837     15 3 0255155LANDAUER-III;             4805114       0       000   066149670240    00     875
1868865 206616012 3734  0 3558  38911291823         382       36820        372028911291839     15 3 0255155LANDAUER-III;             5397 26       0       000   066208671140    00     906
1868867 603714212 3734  0 3558  48911291823          24        4376         44008911291826      3 3 0255155LANDAUER-III;             6319  1       0       000   066208663600    00     152
1868908 657516416 3734  0 3558  58911291824         633       67828        684618911291900     37 2 0255155LANDAUER-III;             3173 17       0       000   066211684050    00    2194
1870067 632114416 3734  0 3558 168911291825          46        2664         27108911291826      1 3 0447737RSL-REGIONAL;             8257 11       0       000   066272663490    00      77
1870583 654414716 3734  0 3558 178911291825         326       14652        149788911291837     12 3 0447737RSL-REGIONAL;             3319 14       0       000   066303670370    00     734
1871977 632515616 3734  0 3558 168911291826          21        2291         23128911291828      1 3 0447737RSL-REGIONAL;             8257 16       0       000   066380664610    00      81
1873452 341017012 3734  0 3558  18911291828         297         843         11408911291829      1 3 0255155LANDAUER-III;xDw3e1:iq fw 2941 26       0       000   066458665450    00      87
1878278 341016212 3734  0 3558  18911291832         248        3105         33538911291834      2 3 0255155LANDAUER-III;CSSN         2941 26       0       000   066733668520    00     119
1880006 527715516 3734  0 3558  48911291834         489       93633        941228911291916     42 3 0255155LANDAUER-III;             9581 10       0       000   066833693620    00    2529
1881160 341016212 3734  0 3558  18911291835         158        6906         70648911291841      6 3 0255155LANDAUER-III;CSSN         2941  4       0       000   066893672640    00     371
1881266 615116716 3734  0 3558  68911291835       32532       95229       1277618911291911     36 3 0255155LANDAUER-III;             1785 15       0       000   066899690590    00    2160
1884487 451624212 3734  0 3558  28911291838         259        8979         92388911291844      6 2 0255155LANDAUER-III;             4806 36       0       000   067074674320    00     358
1885002 654414316 3734  0 3558 158911291838         102        6646         67488911291841      3 3 0447737RSL-REGIONAL;             3319  0       0       000   067103672790    00     176
1896010 341015212 3734  0 3558  18911291848         634       22646        232808911291913     24 3 0255155LANDAUER-III;CSSN         2941  4       0       000   067705691530    00    1448
1897767 765614512 3734  0 3558  28911291850         159       24318        244778911291903     13 3 0255155LANDAUER-III;             1029 23       0       000   067798685710    00     773
1898498 451521212 3734  0 3558  38911291851          14         479          4938911291852      1 3 0255155LANDAUER-III;             4805 40       0       000   067839679230    00      84
1912896 467237144 3734  0 3558  38911291904         113       10465        105788911291910      7 3 0255155LANDAUER-III;             1981  4       0       000   068613690200    00     407
19199331123614116 3734  0 3558  28911291910         117        8760         88778911291914      4 3 0255155LANDAUER-III;             9992  0       0       000   068971692390    00     268
1924156 341014412 3734  0 3558  18911291913         354       23734        240888911291930     16 3 0255155LANDAUER-III;CSSN         2941 21       0       000   069197701720    00     975
19281161167114212 3734  0 3558  28911291917         150       10849        109998911291921      4 3 0255155LANDAUER-III;            10597  1       0       000   069409696570    00     248
1928771 646215712 3734  0 3558  38911291917        1145       38184        393298911292009     52 2 0255155LANDAUER-III;             1955  7       0       000   069443725450    00    3102
1931952 7525 2612 3734  0 3558  48911291920         139        1964         21038911291922      2 3 0255155LANDAUER-III;             2655 10       0       000   069615697050    00      90
1934964 654414116 3734  0 3558 158911291923         197       12362        125598911291930      7 3 0447737RSL-REGIONAL;             3319 11       0       000   069775702010    00     426
1935367 7525 2012 3734  0 3558  28911291923         104       16877        169818911291930      7 3 0255155LANDAUER-III;             2655  1       0       000   069795702150    00     420
19366331010314316 3734  0 3558  48911291924          85       11487        115728911291929      4 3 0255155LANDAUER-III;              209  2       0       000   069862701180    00     256
1960573 407517216 3734  0 3558  18911291945          53         255          3088911291946      1 3 0255155LANDAUER-III;             2262  0       0       000   071089711740    00      85
1963121 407517116 3734  0 3558  28911291947          78         227          3058911291948      1 3 0255155LANDAUER-III;             2262  0       0       000   071223712950    00      72
19632361002117116 3734  0 3558 1589117          41        1766         18078911291949      2 3 0447737RSL-REGIONAL;             4562 32       0       000   071229713570    00     128
1964975 610615644 3734  0 3558  18911291949          16         140          1568911291953      4 2 0255155LANDAUER-III;             2057 14       0       000   071321715850    00     264
19662891002115216 3734  0 3558 168911291950          74        2032         21068911291952      2 3 0447737RSL-REGIONAL;             4562 23       0       000   071393715080    00     115
1967674 610616312 3734  0 3558  28911291951           4         130          1348911291955      4 2 0255155LANDAUER-III;             2057 17       0       000   071467717050    00     238
19690091002117016 3734  0 3558  48911291952          63         319          3828911291954      2 3 0255155LANDAUER-III;             4562 34       0       000   071537716550    00     118
1969612 407614716 3734  0 3558  58911291953          62         203          2658911291954      1 3 0255155LANDAUER-III;             2262  0       0       000   071572716240    00      52
1969716 603714212 3734  0 3558  68911291953         102         352          4548911291955      2 3 0255155LANDAUER-III;             6319  6       0       000   071576716930    00     117
1971425 254517712 3734  0 3558  78911291954           6         108          1148911291955      1 3 0255155LANDAUER-III;             2076  0       0       000   071666717040    00      38
1975068 610614712 3734  0 3558  18911291958           4         130          1348911292001      3 2 0255155LANDAUER-III;             2057  4       0       000   071857720650    00     208
1979730 573314512 3734  0 3558  28911292002          14         114          1288911292004      3 3 0255155LANDAUER-III;            10351 12       0       000   072103722540    00     151
1986177 254425644 3734  0 3558  48911292007          10         112          1228911292008      1 3 0255155LANDAUER-III;             2080  4       0       000   072437724870    00      50
1989698 632114712 3734  0 3558  58911292011          20         130          1508911292011      1 2 0255155LANDAUER-III;             8257  3       0       000   072630726860    00      56
1989817 646215712 3734  0 3558  68911292011          17         160          1778911292015      4 2 0255155LANDAUER-III;             1955  7       0       000   072636729050    00     269
1991102 632114712 3734  0 3558  18911292012          59         161          2208911292013      1 2 0255155LANDAUER-III;             8257  3       0       000   072706727540    00      48
1992067 254422044 3734  0 3558  78911292013           5         107          1128911292013      1 3 0255155LANDAUER-III;             2080 23       0       000   072755727920    00      37
1993862 254517112 3734  0 3558  08911292014           0          20           208911292014      0 7 0255155LANDAUER-III;             2076  0       0       000   072852728530    00       1
1994557 254517044 3734  0 3558  08911292015           0          20           208911292015      0 7 0255155LANDAUER-III;             2076  0       0       000   072887728880    00       1
1994929 254514544 3734  0 3558  08911292015           0          20           208911292015      0 7 0255155LANDAUER-III;             2076  0       0       000   072907729080    00       1
1995576 632116412 3734  0 3558  08911292016           0          16           168911292016      0 7 0255155LANDAUER-III;             8257 13       0       000   072941729420    00       1
1995893 632116412 3734  0 3558  08911292016           0          16           168911292016      0 7 0255155LANDAUER-III;             8257 13       0       000   072956729570    00       1
1996113 632116412 3734  0 3558  08911292016           0          16           168911292016      0 7 0255155LANDAUER-III;             8257 13       0       000   072967729680    00       1
1996306 632116412 3734  0 3558  08911292016           0          16           168911292016      0 7 0255155LANDAUER-III;             8257 13       0       000   072979729800    00       1
1996445 632116412 3734  0 3558  08911292016           0          16           168911292016      0 7 0255155LANDAUER-III;             8257 13       0       000   072987729880    00       1
1997994 437216712 3734  0 3558  08911292018           0          16           168911292018      0 7 0255155LANDAUER-III;             9621 21       0       000   073071730720    00       1
1999357 254516712 3734  0 3558  08911292019           0          16           168911292019      0 7 0255155LANDAUER-III;             2076  0       0       000   073144731450    00       1
2013276 632115016 3734  0 3558 108911292031          33         838          8718911292032      1 3 0414655TRIPLE-I;                 8257 14       0       000   073870739310    00      61
2015118 632114316 3734  0 3558 118911292033          79       12262        123418911292046     13 2 0414655TRIPLE-I;                 8257  1       0       000   073967747650    00     798
2016657 250315412 3734  0 3558  18911292034           7          95          1028911292036      2 3 0255155LANDAUER-III;              872 14       0       000   074048741510    00     103
2016927 765615612 3734  0 3558  28911292034         180       48897        490778911292059     24 3 0255155LANDAUER-III;             1029 50       0       000   074062755230    00    1461
2017544 646217312 3734  0 3558  38911292035          49         384          4338911292036      1 2 0255155LANDAUER-III;             1955 24       0       000   074097741590    00      62
2019006 646214312 3734  0 3558  48911292036           4         107          1118911292037      0 3 0255155LANDAUER-III;             1955 24       0       000   074174742020    00      28
20244961002116716 3734  0 3558  18911292041         148       59988        601368911292055     13 3 0255155LANDAUER-III;             4562 26       0       000   074473752700    00     797
2029337 632516512 3734  0 3558  38911292045         397       10333        107308911292055      9 2 0255155LANDAUER-III;             8257 24       0       000   074728752840    00     556
2030272 632114316 3734  0 3558 108911292046          67       10203        102708911292048      2 3 0414655TRIPLE-I;                 8257  1       0       000   074778748980    00     120
2033274 254514512 3734  0 3558  48911292049         208      153891       1540998911292125     36 3 0255155LANDAUER-III;             2076  0       0       000   074940771100    00    2170
20428691124114516 3734  0 3558  18911292057         102        3840         39428911292105      7 3 0255155LANDAUER-III;             8829  3       0       000   075445758740    00     429
2044049 444014616 3734  0 3558  38911292058         207       29277        294848911292115     17 2 0255155LANDAUER-III;             1306 14       0       000   075507765050    00     998
2045587 657515016 3734  0 3558  28911292060          53        9940         99938911292104      4 3 0255155LANDAUER-III;             3173 21       0       000   075591758400    00     249
20532231124114316 3734  0 3558  18911292107          57        3933         39908911292110      3 3 0255155LANDAUER-III;             8829  2       0       000   076000761780    00     178
2058824 250314112 3734  0 3558  18911292112         442       33364        338068911292131     19 3 0255155LANDAUER-III;              872  0       0       000   076292774590    00    1167
2059474 632114416 3734  0 3558 108911292112          48        6555         66038911292121      9 2 0414655TRIPLE-I;                 8257 20       0       000   076328768650    00     537
2060450 250320412 3734  0 3558  28911292113          49        4009         40588911292116      3 3 0255155LANDAUER-III;              872 33       0       000   076379765420    00     163
20610561002116616 3734  0 3558 178911292114         942       43826        447688911292149     35 3 0447737RSL-REGIONAL;             4562 21       0       000   076410785330    00    2123
2073382 670416412 3734  0 3558  28911292124         419       21908        223278911292139     15 3 0255155LANDAUER-III;             2796  6       0       000   077040779190    00     879
2075656 632117716 3734  0 3558 108911292126          85        7915         80008911292129      3 3 0414655TRIPLE-I;                 8257 22       0       000   077160773510    00     191
6089349 250317012 3734  0 3558  1891129   6          73        6059         6132891129  12      6 2 0255155LANDAUER-III;              872 16       0       000   0  341  7160    00     375
6196810 476514416 3734  0 3558 10891129 343        2167       70274        72441891129 433     51 2 0414655TRIPLE-I;                 8978  2       0       000   013366164060    00    3040
9440039 667417612 3734  0 3558  18911292148          28        1181         12098911292149      1 3 0255155LANDAUER-III;             1339 23       0       000   078490785570    00      67
9441675 610615312 3734  0 3558  18911292150          13         134          1478911292154      4 2 0255155LANDAUER-III;02           2057 23       0       000   078582788450    00     263
9442045 667415112 3734  0 3558  28911292150          57        6141         61988911292153      3 3 0255155LANDAUER-III;             1339  4       0       000   078604787570    00     153
9444399 610614212 3734  0 3558  38911292152         263        9647         99108911292159      6 2 0255155LANDAUER-III;             2057  1       0       000   078737791250    00     388
9451359 642114112 3734  0 3558  18911292159           0          19           198911292159      0 2 0255155LANDAUER-III;            10020  0       0       000   079145791480    00       3
9451816 642114112 3734  0 3558  18911292160         502       36564        370668911292228     28 3 0255155LANDAUER-III;            10020  0       0       000   079173808730    00    1700
9453340 524114712 3734  0 3558  28911292201         311       18738        190498911292218     17 3 0255155LANDAUER-III;             6635 63       0       000   079261802680    00    1007
9461743 235415512 3734  0 3558  38911292210          55        8046         81018911292213      3 3 0255155LANDAUER-III;             1773 23       0       000   079781799520    00     171
9463866 632514716 3734  0 3558 108911292212          37        6884         69218911292219      7 2 0414655TRIPLE-I;                 8257  5       0       000   079918803460    00     428
9468774 632517216 3734  0 3558  38911292217         343       17815        181588911292237     20 3 0255155LANDAUER-III;             8257 25       0       000   080227814210    00    1194
9472110 344320116 3734  0 3558  28911292221         220      113044       1132648911292251     31 3 0255155LANDAUER-III;             2948 37       0       000   080441822800    00    1839
9514692 423617716 3734  0 3558  18911292314         110        9035         91458911292318      4 3 0255155LANDAUER-III;             9184  7       0       000   083614838760    00     262
9521519 657516216 3734  0 3558  18911292324         549        7539         80888911292326      2 3 0255155LANDAUER-III;             3173 36       0       000   084213843570    00     144
9523651 657515516 3734  0 3558  18911292327         325       25328        256538911292347     20 3 0255155LANDAUER-III;             3173 36       0       000   084404856180    00    1214
3147829 7220 3312 3734  0 3558  48911301613         196        7973         81698911301618      5 3 0255155LANDAUER-III;             6953 10       0       000   058395587020    00     307
3161097 450116512 3734  0 3558  38911301624          85       13630        137158911301630      5 3 0255155LANDAUER-III;             4793  0       0       000   059045593740    00     329
3174861 344315016 3734  0 3558  28911301636          55        7142         71978911301637      2 3 0255155LANDAUER-III;             2948 12       0       000   059739598440    00     105
3179071 244015312 3734  0 3558  28911301639         633       34406        350398911301706     27 3 0255155LANDAUER-III;             2017 13       0       000   059938615580    00    1620
3190759 654415616 3734  0 3558  08911301649           0          16           168911301649      0 7 0414705TOLTESTENV;               3319 16       0       000   060537605380    00       1
3191032 654415316 3734  0 3558 178911301649        1248       26445        276938911301720     31 3 0447737RSL-REGIONAL;             3319 16       0       000   060552624060    00    1854
3198265 524122612 3734  0 3558  18911301655         522       51923        524458911301723     28 3 0255155LANDAUER-III;             6635 36       0       000   060929625800    00    1651
3204252 527715048 3734  0 3558  38911301701         408       39990        403988911301716     15 3 0255155LANDAUER-III;             9581 26       0       000   061246621740    00     928
3215189 6574 2612 3734  0 3558  28911301711           6        2602         26088911301714      3 3 0255155LANDAUER-III;             6218  2       0       000   061876620650    00     189
3223663 530714612 3734  0 3558  28911301719          29        3827         38568911301723      4 3 0255155LANDAUER-III;             3614  3       0       000   062360625760    00     216
3234915 245016012 3734  0 3558  18911301730         124       19157        192818911301737      7 3 0255155LANDAUER-III;              508  3       0       000   063021634340    00     413
3235573 530715012 3734  0 3558  28911301731         111        3661         37728911301734      3 3 0255155LANDAUER-III;             3614  3       0       000   063058632310    00     173
3237138 671516112 3734  0 3558  38911301732          56       12336        123928911301738      5 3 0255155LANDAUER-III;              194 23       0       000   063149634550    00     306
3239626 530714212 3734  0 3558  28911301735          80        3412         34928911301740      5 3 0255155LANDAUER-III;             3614  2       0       000   063286635850    00     299
3240220 204514416 3734  0 3558  48911301735         204      102299       1025038911301818     43 2 0255155LANDAUER-III;             9192  2       0       000   063322658950    00    2573
3261819 576315216 3734  0 3558  18911301757          65        6672         67378911301759      2 3 0255155LANDAUER-III;             9532 17       0       000   064618647110    00      93
3263674 361514516 3734  0 3558  18911301759          50        5344         53948911301802      3 3 0255155LANDAUER-III;             1551  1       0       000   064722648940    00     172
3272878 361515116 3734  0 3558  18911301808         155       23062        232178911301817      9 3 0255155LANDAUER-III;             1551  7       0       000   065261657930    00     532
3276738 7723 3412 3734  0 3558  28911301811        3984       75963        799478911301923     71 3 0255155LANDAUER-III;             2517  1       0       000   065488697560    00    4268
3277518 451616212 3734  0 3558  38911301812          56       10019        100758911301816      4 3 0255155LANDAUER-III;             4806 76       0       000   065535657760    00     241
3282891 466714316 3734  0 3558  18911301818          98        9383         94818911301823      6 3 0255155LANDAUER-III;             7408  3       0       000   065857662010    00     344
32835471052014112 3734  0 3558  38911301818          99       39146        392458911301833     14 3 0255155LANDAUER-III;             8796 36       0       000   065897667620    00     865
3286364 603714512 3734  0 3558  48911301821          36        1182         12188911301822      1 3 0255155LANDAUER-III;             6319  3       0       000   066065661090    00      44
32900311036314416 3734  0 3558 178911301825        1184       58058        592428911301845     20 3 0447737RSL-REGIONAL;             9203 21       0       000   066270674950    00    1225
3294066 235715312 3734  0 3558  18911301828          26        3035         30618911301834      6 3 0255155LANDAUER-III;             1776 12       0       000   066507668500    00     343
3301427 610614612 3734  0 3558  18911301836           8         120          1288911301839      4 2 0255155LANDAUER-III;02           2057  4       0       000   066943671560    00     213
3302416 235714712 3734  0 3558  38911301837          55       12789        128448911301844      8 2 0255155LANDAUER-III;             1776 11       0       000   067003674560    00     453
3303481 610614112 3734  0 3558  48911301838          55       32154        322098911301852     15 2 0255155LANDAUER-III;             2057 15       0       000   067065679360    00     871
3304389 451523244 3734  0 3558  58911301839          25        4439         44648911301848     10 2 0255155LANDAUER-III;             4805 46       0       000   067116676960    00     580
3315820 657515116 3734  0 3558  18911301849         277       67599        678768911301916     27 3 0255155LANDAUER-III;             3173 22       0       000   067753693700    00    1617
3321539 207414216 3734  0 3558  38911301855         356       93145        935018911301924     29 3 0255155LANDAUER-III;             9349  1       0       000   068080698310    00    1751
3326702 657517516 3734  0 3558  48911301859         414       22764        231788911301922     23 2 0255155LANDAUER-III;             3173 32       0       000   068365697360    00    1371
3329597 254517712 3734  0 3558  58911301902         168       84922        850908911301926     24 2 0255155LANDAUER-III;             2076  0       0       000   068526699760    00    1450
3341385 3533 2612 3734  0 3558  68911301913          91        8290         83818911301920      7 3 0255155LANDAUER-III;             5312  2       0       000   069183695830    00     400
3353647 657515316 3734  0 3558  18911301924        1204       49281        504858911302023     59 3 0255155LANDAUER-III;             3173 32       0       000   069856733770    00    3521
3355014 451623612 3734  0 3558  28911301925          61       20526        205878911301938     12 3 0255155LANDAUER-III;             4806 62       0       000   069926706630    00     737
33555721010314316 3734  0 3558  38911301926         143       19389        195328911301935      9 2 0255155LANDAUER-III;              209  2       0       000   069955705160    00     561
3356381 254517712 3734  0 3558  48911301927          25        1523         15488911301928      1 3 0255155LANDAUER-III;             2076  0       0       000   070001700530    00      52
3357911 254515612 3734  0 3558  48911301928         135       76354        764898911301948     20 3 0255155LANDAUER-III;             2076  0       0       000   070084713020    00    1218
3358048 407617216 3734  0 3558  58911301928         629       25775        264048911301953     25 3 0255155LANDAUER-III;             2262  0       0       000   070092715800    00    1488
3361934 671514412 3734  0 3558  68911301932         306       90244        905508911302024     52 3 0255155LANDAUER-III;              194  2       0       000   070299734470    00    3148
3365888 7723  112 3734  0 3558  78911301935        2484       55077        575618911302027     52 2 0255155LANDAUER-III;             2517  2       0       000   070515736360    00    3121
3366517 437216512 3734  0 3558  38911301936         321       29541        298628911301951     16 3 0255155LANDAUER-III;             9621  0       0       000   070547714860    00     939
3370779 646215512 3734  0 3558  28911301940          78       11611        116898911301945      6 3 0255155LANDAUER-III;             1955 11       0       000   070780711280    00     348
3372272 527715416 3734  0 3558  08911301941           0          20           208911301941      0 7 0255155LANDAUER-III;             9581 17       0       000   070862708630    00       1
3372456 527715416 3734  0 3558  08911301941           0          20           208911301941      0 7 0255155LANDAUER-III;             9581 17       0       000   070874708750    00       1
3376609 544314216 3734  0 3558  08911301945           0          20           208911301945      0 7 0255155LANDAUER-III;             8013  2       0       000   071104711050    00       1
3377056 544314216 3734  0 3558  28911301946         371       29217        295888911302003     18 2 0255155LANDAUER-III;             8013  2       0       000   071131721960    00    1065
3378133 444415116 3734  0 3558 118911301946          13          25           388911301948      1 3 0414655TRIPLE-I;                 9347  7       0       000   071189712610    00      72
3380258 444415116 3734  0 3558 118911301948          86        8245         83318911301952      4 3 0414655TRIPLE-I;                 9347  7       0       000   071303715150    00     212
33831511010314316 3734  0 3558  48911301951         523       63773        642968911302018     27 2 0255155LANDAUER-III;              209  2       0       000   071460730960    00    1636
33867171167114412 3734  0 3558  38911301954         152        7020         71728911301958      3 3 0255155LANDAUER-III;            10597  3       0       000   071651718530    00     202
3388488 632116116 3734  0 3558  58911301956         329        7809         81388911302003      8 3 0255155LANDAUER-III;             8257 13       0       000   071745722090    00     464
33911611167114212 3734  0 3558  38911301958         165       15311        154768911302007      9 3 0255155LANDAUER-III;            10597  1       0       000   071897724270    00     530
3395839 370621312 3734  0 3558  08911302003           0          20           208911302003      0 7 0255155LANDAUER-III;             3484 23       0       000   072152721530    00       1
3396581 370615212 3734  0 3558  08911302003           0          20           208911302003      0 7 0255155LANDAUER-III;             3484 23       0       000   072192721930    00       1
3398310 370615212 3734  0 3558  28911302005        2451       10361        128128911302016     12 2 0255155LANDAUER-III;             3484 23       0       000   072284729760    00     692
34021711167114212 3734  0 3558  38911302008          92       10241        103338911302013      5 3 0255155LANDAUER-III;            10597  1       0       000   072493727720    00     279
3402494 700120512 3734  0 3558  58911302008          46        8838         88848911302011      3 3 0255155LANDAUER-III;             2631 57       0       000   072509726860    00     177
3403453 407616316 3734  0 3558  08911302009           0          20           208911302009      0 7 0255155LANDAUER-III;             2262  0       0       000   072560725610    00       1
3403737 407616316 3734  0 3558  08911302010           0          20           208911302010      0 7 0255155LANDAUER-III;             2262  0       0       000   072574725750    00       1
3404229 6574 2144 3734  0 3558  08911302010           0          20           208911302010      0 7 0255155LANDAUER-III;             6218 47       0       000   072601726030    00       2
3405014 6574 1144 3734  0 3558  08911302011           0          20           208911302011      0 7 0255155LANDAUER-III;             6218 47       0       000   072643726430    00       0
3405323 654414216 3734  0 3558 178911302011          75        8667         87428911302015      4 3 0447737RSL-REGIONAL;             3319  0       0       000   072661728750    00     214
3405366 657427744 3734  0 3558  08911302011           0          20           208911302011      0 7 0255155LANDAUER-III;             6218 47       0       000   072663726640    00       1
3405825 657427044 3734  0 3558  58911302011         362       38741        391038911302045     33 3 0255155LANDAUER-III;             6218 47       0       000   072689746950    00    2006
3409068 527716016 3734  0 3558  38911302014         966      164241       1652078911302130     75 3 0255155LANDAUER-III;             9581 17       0       000   072860773770    00    4517
3411683 632517148 3734  0 3558  28911302017         210       10860        110708911302026      9 3 0255155LANDAUER-III;             8257 26       0       000   073004735360    00     532
3412019 573314212 3734  0 3558  08911302017           0          20           208911302017      0 7 0255155LANDAUER-III;            10351 13       0       000   073021730220    00       1
3413345 765517712 3734  0 3558  08911302018           0          20           208911302018      0 7 0255155LANDAUER-III;             9623  2       0       000   073097730970    00       0
3415191 234615512 3734  0 3558  48911302020          58        8824         88828911302022      2 3 0255155LANDAUER-III;             1542 14       0       000   073194733390    00     145
3415926 235415712 3734  0 3558  08911302021           0          20           208911302021      0 7 0255155LANDAUER-III;             1773 56       0       000   073235732360    00       1
3417229 235415412 3734  0 3558  08911302022           0          20           208911302022      0 7 0255155LANDAUER-III;             1773 70       0       000   073301733020    00       1
3420638 657514616 3734  0 3558  18911302025         888       38016        389048911302058     34 3 0255155LANDAUER-III;             3173 32       0       000   073483755040    00    2021
3421461 7525 6212 3734  0 3558  48911302025         491       27547        280388911302042     17 3 0255155LANDAUER-III;             2655 20       0       000   073529745410    00    1012
3433463 370616612 3734  0 3558  28911302036        1415        6859         82748911302042      6 2 0255155LANDAUER-III;             3484 17       0       000   074165745360    00     371
3434329 654415116 3734  0 3558 158911302037         118        7496         76148911302039      2 3 0447737RSL-REGIONAL;             3319  7       0       000   074211743580    00     147
3437642 671514712 3734  0 3558  68911302040          70       11685        117558911302050     10 3 0255155LANDAUER-III;              194  4       0       000   074388749800    00     592
3439877 235415012 3734  0 3558  78911302042          47        6195         62428911302045      3 3 0255155LANDAUER-III;             1773 77       0       000   074508746820    00     174
3446202 573314412 3734  0 3558  28911302047         141       29003        291448911302059     12 3 0255155LANDAUER-III;            10351 15       0       000   074844755630    00     719
34484151062214216 3734  0 3558  48911302049         178       18072        182508911302055      6 3 0255155LANDAUER-III;             8920  0       0       000   074948753240    00     376
3448769 7322 4712 3734  0 3558  58911302049          54        6994         70488911302052      2 3 0255155LANDAUER-III;             7743  2       0       000   074966751000    00     134
3453283 5365 7312 3734  0 3558  58911302053          98        9867         99658911302058      5 3 0255155LANDAUER-III;             5144  6       0       000   075199755080    00     309
3456923 370615512 3734  0 3558  48911302056        1011       10248        112598911302108     12 2 0255155LANDAUER-III;             3484 14       0       000   075382760960    00     714
34574091131314116 3734  0 3558  68911302057        4427       12331        167588911302103      6 3 0255155LANDAUER-III;            10691  0       0       000   075409757760    00     367
3461030 642114312 3734  0 3558  18911302100          98       10934        110328911302106      6 3 0255155LANDAUER-III;            10020  2       0       000   075602759860    00     384
34645131051516212 3734  0 3558  28911302103         949       70310        712598911302138     35 3 0255155LANDAUER-III;             8796 10       0       000   075780778900    00    2110
3464652 344314416 3734  0 3558  58911302103          58       21732        217908911302114     11 2 0255155LANDAUER-III;             2948  0       0       000   075788764560    00     668
34734941020417116 3734  0 3558  18911302111          47        9542         95898911302117      6 3 0255155LANDAUER-III;             8795 33       0       000   076257766150    00     358
3482792 3415 1012 3734  0 3558  18911302119          87       23586        236738911302130     10 3 0255155LANDAUER-III;a02yaluyaa3a 2739 17       0       000   076752773730    00     621
3490075 615114516 3734  0 3558  48911302126          81        9168         92498911302128      3 2 0255155LANDAUER-III;             1785  5       0       000   077133772850    00     152
3491919 241416612 3734  0 3558  58911302127          75        8079         81548911302131      4 3 0255155LANDAUER-III;             1868  0       0       000   077227774590    00     232
3497316 632114616 3734  0 3558  18911302132          82        5226         53088911302137      6 3 0255155LANDAUER-III;             8257  4       0       000   077514778460    00     332
3506532 632116016 3734  0 3558 108911302140         738       21925        226638911302154     13 3 0414655TRIPLE-I;                 8257 20       0       000   078021788100    00     789
3523991 632115716 3734  0 3558 108911302157         211        6702         69138911302158      2 3 0414655TRIPLE-I;                 8257 12       0       000   078992791050    00     113
3530942 7723 3612 3734  0 3558  18911302203        3091       54110        572018911302322     78 3 0255155LANDAUER-III;             2517  3       0       000   079405840970    00    4692
3531305 632516516 3734  0 3558 108911302204        1543       43615        451588911302216     12 3 0414655TRIPLE-I;                 8257 35       0       000   079425801320    00     707
3533241 370617412 3734  0 3558  28911302206        1407        6849         82568911302211      6 2 0255155LANDAUER-III;             3484 23       0       000   079543798760    00     333
3533789 311214212 3734  0 3558 118911302206          82        6496         65788911302216     10 3 0414655TRIPLE-I;                  890  1       0       000   079581801830    00     602
35405001002114312 3734  0 3558  28911302214          82        3380         34628911302215      2 3 0255155LANDAUER-III;             4562 13       0       000   080027801190    00      92
3543446 311214212 3734  0 3558 108911302217          42        6305         63478911302221      4 3 0414655TRIPLE-I;                  890  1       0       000   080221804850    00     264
35454921032514716 3734  0 3558  28911302219          92       23172        232648911302226      6 3 0255155LANDAUER-III;             3173  1       0       000   080363807490    00     386
3546614 250315012 3734  0 3558  38911302221          83        9200         92838911302230     10 2 0255155LANDAUER-III;              872 20       0       000   080440810160    00     576
3546784 3166 6644 3734  0 3558  48911302221         381       19797        201788911302239     19 3 0255155LANDAUER-III;             5578  6       0       000   080450815600    00    1110
35486731130114116 3734  0 3558 108911302223         242       12341        125838911302227      5 3 0414655TRIPLE-I;                 1707  0       0       000   080564808370    00     273
35540311036314216 3734  0 3558  28911302229         132       50425        505578911302247     18 2 0255155LANDAUER-III;             9203  6       0       000   080929820360    00    1107
3575963 224415116 3734  0 3558  28911302256          34         106          1408911302257      1 3 0255155LANDAUER-III;             8944 10       0       000   082552825980    00      46
3576890 224414316 3734  0 3558  28911302257          92        6672         67648911302259      2 3 0255155LANDAUER-III;             8944  3       0       000   082628827650    00     137
3578908 224414316 3734  0 3558  28911302260         423       22393        228168911302318     18 3 0255155LANDAUER-III;             8944  3       0       000   082792839010    00    1109
3583533 527714216 3734  0 3558  38911302306          97       11213        113108911302311      5 3 0255155LANDAUER-III;             9581  5       0       000   083159834550    00     296
3588413 527714416 3734  0 3558  38911302313          85        6446         65318911302316      3 3 0255155LANDAUER-III;             9581  3       0       000   083576837480    00     172
3592413 224414316 3734  0 3558  28911302319          44         106          1508911302319      0 3 0255155LANDAUER-III;             8944  0       0       000   083928839570    00      29
3593147 224414316 3734  0 3558  28911302320         401       17286        176878911302337     17 3 0255155LANDAUER-III;             8944  0       0       000   083986849930    00    1007
3604731 224414216 3734  0 3558  28911302337         349       15958        163078911302345      8 2 0255155LANDAUER-III;             8944  0       0       000   085027855260    00     499
3607062 370615712 3734  0 3558  38911302341           6         107          1138911302345      5 2 0255155LANDAUER-III;29229        3484  1       0       000   085246855170    00     271
95124721036314316 3734  0 3558 178911292310        3354      224474       227828891130  10     59 3 0447737RSL-REGIONAL;             9203  3       0       000   083422  5810    00    3559
9537248 370617712 3734  0 3558  18911292348       16741       47799        64540891130  20     33 2 0255155LANDAUER-III;             3484 54       0       000   085651 12060    00    1955
9545167 657517316 3734  0 3558  2891130   0          95        7427         7522891130   4      4 3 0255155LANDAUER-III;             3173 36       0       000   0    2  2260    00     224
9574963 5044 1212 3734  0 3558 10891130  48         652       19546        20198891130 104     15 3 0414655TRIPLE-I;                 6017  3       0       000   0 2907 38270    00     920
9600361 5044 5412 3734  0 3558 11891130 133        2497       40269        42766891130 217     44 3 0414655TRIPLE-I;                 6017  1       0       000   0 5596 82370    00    2641
9664156 722314316 3734  0 3558 17891130 409         984       68250        69234891130 434     25 3 0447737RSL-REGIONAL;             9511  3       0       000   014924164530    00    1529
9687318 722314116 3734  0 3558 17891130 534          14          25           39891130 535      0 3 0447737RSL-REGIONAL;HQ88BOS1     9511  1       0       000   020050200780    00      28
9687565 722314116 3734  0 3558 17891130 535        4115       74213        78328891130 630     55 3 0447737RSL-REGIONAL;             9511  1       0       000   020111233810    00    3270
2383947 407514416 3734  0 3558  18911301233          71        2765         28368911301234      1 3 0255155LANDAUER-III;             2262  0       0       000   045184452630    00      79
2427150 5044 5712 3734  0 3558 178911301341        1751       70212        719638911301428     47 3 0447737RSL-REGIONAL;             6017  3       0       000   049262520960    00    2834
2432888 245320112 3734  0 3558  18911301348         115        9860         99758911301354      6 3 0255155LANDAUER-III;              664 33       0       000   049666500130    00     347
2446431 254516012 3734  0 3558  18911301403         258      162223       1624818911301500     58 3 0255155LANDAUER-III;             2076  0       0       000   050574540240    00    3450
2460720 7737 6412 3734  0 3558  28911301418          66        5652         57188911301421      3 3 0255155LANDAUER-III;             2839  1       0       000   051456516450    00     189
2466367 652237712 3734  0 3558  28911301423         244       80003        802478911301446     23 3 0255155LANDAUER-III;             2456 11       0       000   051805531850    00    1380
2469193 326322412 3734  0 3558  38911301426           9         315          3248911301428      1 3 0255155LANDAUER-III;             9578 44       0       000   051988520570    00      69
2471184 326335712 3734  0 3558  38911301429         246        4093         43398911301435      7 3 0255155LANDAUER-III;             9578 25       0       000   052111525210    00     410
2479713 7723 6612 3734  0 3558  38911301437         213        6982         71958911301457     20 2 0255155LANDAUER-III;             2517  3       0       000   052644538350    00    1191
2480634 326336412 3734  0 3558  48911301438         237       47469        477068911301504     26 3 0255155LANDAUER-III;             9578 44       0       000   052698542640    00    1566
2483839 573314312 3734  0 3558  58911301441         159       54336        544958911301500     19 3 0255155LANDAUER-III;            10351  4       0       000   052887540290    00    1142
248454010170 7712 3734  0 3558  68911301442          18        1336         13548911301444      1 3 0255155LANDAUER-III;             8376  1       0       000   052932530120    00      80
2486112 654415616 3734  0 3558  08911301444           0          16           168911301444      0 7 0414705TOLTESTENV;               3319 15       0       000   053022530230    00       1
248649810170 7612 3734  0 3558  68911301444          41       11278        113198911301448      4 3 0255155LANDAUER-III;             8376  1       0       000   053049533010    00     252
2486539 654415616 3734  0 3558 178911301444         113        7966         80798911301449      5 3 0447737RSL-REGIONAL;03           3319 15       0       000   053051533540    00     303
249113810170 7212 3734  0 3558  28911301449          46       13348        133948911301454      5 3 0255155LANDAUER-III;             8376  1       0       000   053337536270    00     290
24915171167114112 3734  0 3558  68911301449          81       19778        198598911301456      6 3 0255155LANDAUER-III;            10597  1       0       000   053361537370    00     376
24918771020314216 3734  0 3558 178911301450        1461       42466        439278911301517     28 2 0447737RSL-REGIONAL;             8795  3       0       000   053384550450    00    1661
2492153 654414316 3734  0 3558  08911301450           0          16           168911301450      0 7 0414705TOLTESTENV;               3319  1       0       000   053403534040    00       1
2492413 654414316 3734  0 3558  08911301450           0          20           208911301450      0 7 0447737RSL-REGIONAL;             3319  1       0       000   053420534210    00       1
2492728 654414316 3734  0 3558  08911301451           0          16           168911301451      0 7 0414705TOLTESTENV;               3319  1       0       000   053441534410    00       0
2492969 654414316 3734  0 3558  08911301451           0          20           208911301451      0 7 0447737RSL-REGIONAL;             3319  1       0       000   053454534550    00       1
2495429 654414116 3734  0 3558  08911301453           0          16           168911301453      0 7 0414705TOLTESTENV;               3319  1       0       000   053602536030    00       1
2495714 654414116 3734  0 3558  08911301454           0          20           208911301454      0 7 0447737RSL-REGIONAL;             3319  1       0       000   053619536200    00       1
249652710170 6112 3734  0 3558  28911301454          18        1530         15488911301456      1 3 0255155LANDAUER-III;             8376  1       0       000   053666537470    00      81
249860310170 5712 3734  0 3558  28911301456          55       17568        176238911301504      7 3 0255155LANDAUER-III;             8376  1       0       000   053788542170    00     429
2499783 7723 5112 3734  0 3558  38911301458         276       13152        134288911301509     12 3 0255155LANDAUER-III;             2517  3       0       000   053854545460    00     692
25009121002115216 3734  0 3558  08911301459           0          20           208911301459      0 7 0447737RSL-REGIONAL;             4562 14       0       000   053922539240    00       2
25011421002115216 3734  0 3558  68911301459         701       17480        181818911301516     17 3 0255155LANDAUER-III;             4562 14       0       000   053935549630    00    1028
2501861 632116316 3734  0 3558 118911301460           7          25           328911301500      1 3 0414655TRIPLE-I;                 8257 22       0       000   053979540210    00      42
2503293 632116316 3734  0 3558  08911301501           0          16           168911301501      0 7 0414705TOLTESTENV;               8257 22       0       000   054059540600    00       1
2503556 632116316 3734  0 3558  08911301501           0          20           208911301501      0 7 0447737RSL-REGIONAL;             8257 22       0       000   054074540750    00       1
2504461 632114716 3734  0 3558  18911301502        1211       67957        691688911301530     28 3 0255155LANDAUER-III;             8257  6       0       000   054124557970    00    1673
2516070 654415216 3734  0 3558  08911301513           0          16           168911301513      0 7 0414705TOLTESTENV;               3319 11       0       000   054765547660    00       1
2516344 654415216 3734  0 3558  08911301513           0          20           208911301513      0 7 0447737RSL-REGIONAL;             3319 11       0       000   054779547800    00       1
2518793 573314312 3734  0 3558  28911301515         108       36063        361718911301531     16 3 0255155LANDAUER-III;            10351  0       0       000   054917558590    00     942
25189331030714312 3734  0 3558  38911301515          54        8875         89298911301519      4 3 0255155LANDAUER-III;             6438  0       0       000   054924551430    00     219
2520053 610615712 3734  0 3558  48911301516         481       36925        374068911301550     34 2 0255155LANDAUER-III;02UNBK02UNBK 2057  4       0       000   054987570150    00    2028
2537739 353016316 3734  0 3558  18911301532         133       11377        115108911301537      4 3 0255155LANDAUER-III;             8794 21       0       000   055942561970    00     255
2538940 7723 1012 3734  0 3558  28911301534        1512       36108        376208911301634     61 2 0255155LANDAUER-III;             2517  4       0       000   056010596550    00    3645
2539165 344316216 3734  0 3558  38911301534          17          98          1158911301534      0 3 0255155LANDAUER-III;             2948 10       0       000   056022560490    00      27
2539619 6675 4612 3734  0 3558  58911301534          91       51584        516758911301549     15 3 0255155LANDAUER-III;             3765  1       0       000   056049569570    00     908
2541643 344316516 3734  0 3558  38911301536         311       50672        509838911301554     18 3 0255155LANDAUER-III;             2948 13       0       000   056164572200    00    1056
2541833 654415216 3734  0 3558  08911301536           0          16           168911301536      0 7 0414705TOLTESTENV;               3319  7       0       000   056173561740    00       1
2542196 654415216 3734  0 3558 178911301537          93       10186        102798911301543      6 3 0447737RSL-REGIONAL;             3319  7       0       000   056192565510    00     359
2543574 353015016 3734  0 3558  18911301538         209       26386        265958911301550     12 3 0255155LANDAUER-III;             8794  6       0       000   056263569950    00     732
2557822 361514216 3734  0 3558  18911301550        1557       89040        905978911301654     64 3 0255155LANDAUER-III;             1551  0       0       000   056997608110    00    3814
2567829 6675  612 3734  0 3558  38911301559          32        8285         83178911301602      3 3 0255155LANDAUER-III;             3765  1       0       000   057529577090    00     180
2568191 654415348 3734  0 3558  08911301559           0          16           168911301559      0 7 0414705TOLTESTENV;               3319 13       0       000   057550575500    00       0
2568489 654415348 3734  0 3558 178911301559         252       17979        182318911301607      7 3 0447737RSL-REGIONAL;             3319 13       0       000   057566580000    00     434
25801671112314716 3734  0 3558  38911301609         188       11483        116718911301615      6 3 0255155LANDAUER-III;             9194  7       0       000   058155585110    00     356
  J C