720227 24589 56746 3035 
475207 25916 416705 3035 
12636 24336 128 11161 
720227 24370 1075 11151 
767012 24399 4636 6574 
12636 24437 117 4277 
417213 24459 140 11151 
767012 24558 22609 5553 
720227 24492 1036 4343 
720235 24520 108 3035 
720227 24591 360 11156 
475207 24619 185 5553 
720227 24622 122 13235 
475207 24640 1060 4176 
767012 24648 278 3035 
475207 24685 253 4343 
720227 24691 639 7043 
475207 24690 264 5650 
12636 737 108577 7655 
12636 24847 7349 7622 
475207 24904 517 13233 
475207 24935 1202 5415 
767012 24950 174 4176 
767010 24976 356 3035 
720227 24982 135 6645 
720227 24991 381 11671 
720235 25057 106 2704 
720227 25076 667 2570 
12636 25080 566 5650 
720227 25180 124 6003 
417213 25183 144 2704 
475207 25188 535 7223 
720227 25257 195 13132 
475207 25291 265 13235 
767012 25305 755 2704 
475207 25336 264 11161 
475207 25357 1841 6645 
12636 25372 141 11161 
475207 25393 371 2771 
767020 25443 327 11150 
12636 25445 261 2771 
12636 25459 119 10071 
767020 25508 204 11152 
12636 25511 138 4277 
720227 25613 1586 11161 
720235 25620 244 3035 
475207 25633 1293 7703 
475207 25772 22188 4343 
475207 25688 505 10730 
767012 25712 1379 11151 
475207 25727 3357 6522 
417213 25774 1611 11150 
475207 25807 647 11671 
475207 25845 1990 4620 
475207 25845 629 7302 
12636 25847 135 7100 
475207 26021 26086 5650 
475207 25943 770 13233 
475207 25988 187 7301 
417213 26029 145 11152 
720227 26090 125 4343 
12636 26123 110 5553 
720227 26177 197 13133 
720227 26192 223 13010 
475207 26246 276 3144 
12636 26337 125 7043 
720227 26610 31427 4277 
12636 26411 232 11161 
720227 26438 363 6003 
475207 26484 275 10044 
720227 26490 191 13226 
475207 26545 171 5553 
720227 26564 2038 2570 
720227 26566 496 11671 
720227 26653 10311 6645 
475207 26617 1059 7043 
475207 26619 1195 4440 
475207 26666 1260 4176 
475207 26670 565 11161 
475207 26720 431 10363 
12636 26735 687 10071 
475207 26744 680 7247 
767012 26854 41548 3035 
720227 26770 445 7043 
767010 26840 178 10363 
720227 26876 123 4747 
475207 26887 517 10730 
720227 26897 447 4353 
720227 26933 188 3673 
767012 26968 644 11151 
417213 27076 374 4277 
767020 27092 168 3035 
417213 27113 135 3035 
475207 27118 258 7301 
417213 27129 415 5415 
475207 27153 257 7622 
767020 27257 189 11151 
475207 27259 178 2771 
720227 27278 136 4343 
475207 27315 816 7223 
767010 27452 548 2704 
475207 27481 158 5646 
475207 27511 1454 5415 
475207 27517 183 7404 
475207 27585 2831 3673 
417213 27576 139 2704 
475207 27603 972 7703 
475207 27658 544 13226 
417213 27732 1976 11152 
720227 27744 1790 11156 
720227 27783 209 13010 
12636 27798 1230 7100 
767012 27802 55 2704 
475207 27881 263 13235 
720227 27911 262 10071 
767020 27933 393 11150 
12636 27962 1072 5650 
417213 27960 557 11151 
12636 27987 384 7043 
12636 28093 420 4277 
767012 28136 8986 11151 
720227 28159 436 7404 
475207 28185 863 11161 
767020 28252 183 2771 
417213 28287 462 3035 
12636 28305 120 11671 
720227 28348 197 4620 
767010 28382 180 10363 
475207 28399 178 3144 
767010 28411 183 3035 
767020 28431 198 2570 
475207 28491 11315 7043 
720227 28511 177 13226 
720227 28543 124 13233 
720227 28572 1914 7043 
720227 28581 123 7703 
720235 28586 103 2704 
720227 28680 6240 11671 
720227 28715 203 7247 
12636 28715 271 11161 
720227 28721 271 4353 
720227 28761 5055 4343 
12636 28739 121 13226 
475207 28747 261 5646 
720227 28764 172 4747 
475207 28796 2190 4176 
417213 28792 148 2704 
475207 28841 175 10363 
475207 28853 276 13235 
475207 28941 268 7622 
475207 28961 262 11156 
12636 28974 110 6645 
475207 28990 253 10730 
475207 29003 2383 7247 
475207 29017 179 11671 
475207 29023 1218 7301 
475207 29024 509 10071 
767020 29067 563 11152 
417213 29075 395 4277 
720227 29118 138 3144 
475207 29121 264 7404 
720227 29148 216 7404 
475207 29155 284 10250 
417213 29160 136 5415 
767020 29181 352 11150 
475207 29225 260 4671 
475207 29246 1084 7302 
475207 29265 256 10072 
720227 29345 304 4620 
12636 29344 135 11156 
475207 29434 3285 6645 
767010 29475 574 2704 
720227 29499 1984 13226 
12636 29515 564 10071 
767010 29565 175 7703 
720227 29640 6593 11161 
720235 29687 51 6574 
767010 29713 172 10363 
12636 29768 257 4277 
475207 29836 177 10363 
767020 29952 192 11151 
475207 29971 452 7703 
475207 30015 518 11671 
720227 30015 173 4747 
475207 30110 515 10730 
475207 30143 380 4440 
12636 30143 216 3673 
720227 30167 214 7404 
720227 30191 925 13132 
417213 30225 448 11151 
720227 30268 277 3144 
417213 30327 115 2704 
767010 30356 345 4360 
417213 30365 389 4277 
475207 30422 1424 5646 
475207 30467 182 5553 
417213 30501 154 11150 
12636 30529 0 6645 
720227 30571 352 4620 
720227 30570 361 3673 
417213 30599 459 3035 
475207 30618 307 13233 
475207 30624 553 7223 
720227 30641 422 4440 
12636 30650 332 6645 
475207 30651 124 3144 
720227 30681 207 10363 
720227 30703 136 10071 
475207 30705 259 13235 
417213 30734 159 11150 
720227 30799 229 4353 
767010 30838 380 3035 
720235 30915 116 2704 
767020 30927 210 2704 
767012 30935 3016 6574 
475207 30999 1226 3673 
475207 31067 401 5415 
12636 31113 496 11161 
720227 31121 245 13233 
475207 31126 526 7302 
475207 31175 263 10250 
12636 31229 574 5650 
475207 31235 778 10071 
475207 31263 423 10730 
417213 31320 133 5415 
475207 31337 1134 4440 
475207 31405 889 7703 
767020 31551 169 11152 
475207 31720 1400 11671 
475207 31718 182 5553 
475207 31742 999 4176 
475207 31760 258 4620 
767010 31765 1539 4360 
417213 31795 401 2704 
417213 31818 739 11150 
12636 31832 220 10071 
475207 31907 1260 2771 
475207 31921 272 11161 
720227 31953 481 7043 
12636 32018 122 4176 
767020 32022 425 11150 
475207 32024 264 7622 
475207 32106 862 6522 
475207 32122 196 10250 
12636 32222 139 7100 
767020 32229 187 2771 
475207 32232 366 7301 
720227 32266 3577 4620 
767010 32273 195 3035 
720227 32314 222 7247 
720227 32354 464 3235 
767020 32361 562 3035 
767010 32428 188 2704 
475207 32452 544 13274 
12636 32500 125 7301 
767020 32552 184 2704 
475207 32557 188 7223 
417213 32592 135 4277 
12636 32640 325 10072 
720235 32713 127 3035 
720227 32766 357 13274 
12636 32998 22673 6574 
417213 32839 121 5415 
417213 32867 153 11151 
475207 32896 263 10730 
720227 32921 746 7404 
767010 32938 514 10363 
12636 32945 556 7043 
475207 32955 123 10072 
12636 32964 121 11671 
417213 32967 141 7301 
720227 32964 188 3673 
720227 33015 1080 4353 
12636 33067 352 6645 
475207 33089 778 7302 
417213 33115 733 3035 
12636 33121 539 4277 
475207 33241 1066 5553 
767010 33382 17005 3035 
417213 33316 285 11152 
475207 33326 2598 3673 
767020 33419 577 11150 
475207 33460 443 7301 
767020 33487 756 11152 
767010 33615 17234 2704 
475207 33589 1694 4176 
417213 33614 165 2704 
475207 33622 1226 10071 
720227 33632 1624 13226 
720227 33727 901 13132 
417213 33769 432 4277 
475207 33777 451 11161 
720227 33785 728 3235 
417213 33860 1031 11150 
720227 33977 238 10072 
475207 33991 489 5646 
475207 34057 719 2235 
475207 34085 258 7622 
475207 34110 263 7100 
12636 34117 602 5650 
12636 34159 384 7043 
720227 34235 7449 4222 
417213 34181 609 11151 
767010 34186 175 7703 
720227 34239 195 11156 
475207 34248 308 7223 
767020 34269 182 5415 
720227 34341 8942 7404 
12636 34324 2372 10071 
767010 34337 537 4360 
475207 34358 524 10250 
720227 34396 2256 13233 
475207 34421 2099 6522 
767010 34442 174 10250 
720227 34541 10496 7043 
767012 34486 274 4176 
720235 34494 115 4360 
767010 34547 193 11150 
475207 34579 256 7301 
12636 34686 136 5646 
475207 34724 1670 11671 
475207 34760 1412 7247 
417213 34891 131 5415 
720227 34944 188 3673 
720227 34989 805 7703 
12636 35148 139 4440 
720227 35168 123 6003 
720227 35219 208 10363 
475207 35222 155 4353 
475207 35276 192 4440 
475207 35301 3383 7302 
417213 35314 321 11152 
475207 35381 1571 7100 
475207 35395 1773 4620 
475207 35390 512 10730 
767010 35432 1244 4360 
12636 35457 117 5553 
720227 35496 136 10071 
417213 35520 304 3035 
475207 35545 3452 5646 
417213 35586 1680 4277 
475207 35598 189 7301 
720227 35609 1559 13274 
12636 35612 249 7043 
767012 35686 4735 6574 
475207 35724 185 13226 
12636 35757 230 6645 
12636 35864 883 5650 
720227 35874 127 4353 
720235 35914 117 2704 
475207 35950 259 13233 
720227 35980 446 3235 
767012 35995 267 4176 
767010 36081 348 10363 
475207 36101 350 3235 
   