19046331116014116 2021  0  267  09101041755          87       91652        917399101041802      784 0750732ANTARES;                 11957 16       0       000   064528649473    00     419
24337491116014157 5271  0 7093  0910105 249         237          57          294910105 249      0 3 0717040EPSX11;                  11957  3       0       000   010125101410    00      16
2435399111601411612245  010331  0910105 252        3951       12372        16323910105 259      814 0731247PRODIGY;                 11957  4 6010331       011   010298107540    00     456
2438344111601421210362  0 3209  0910105 257         477         400          877910105 258      1 2 0641444SPEEDS;                  11957  5143106003209000011   010622107000    00      78
2438778111601431612012  011923  0910105 258        1761        8615        10376910105 301      414 0731247PRODIGY;                 11957  7 6011923       011   010668108830    00     215
24389921116014457 2454  0 7382  0910105 258        1308         297         1605910105 259      1 3 0423422EPSX12;                  11957 10       0       000   010690107690    00      79
24391681116014557 2454  0 7382  0910105 258         145          62          207910105 259      0 3 0677517EPSX15;                  11957 11       0       000   010707107230    00      16
2439356111601421612012  011923  0910105 259        9381       56347        65728910105 316     1814 0731247PRODIGY;                 11957 12 6011923       011   010725117880    00    1063
2439645111601451210362  0 3209  0910105 259         968        1739         2707910105 302      3 2 0641444SPEEDS;                  11957 13143106003209000011   010751109070    00     156
24396701116014657 5271  0 7093  0910105 259         145          62          207910105 260      0 3 0677517EPSX15;                  11957 14       0       000   010754107710    00      17
24400981116014116 4366  010331  0910105 260        5898       15652        21550910105 329     2914 0731247PRODIGY;                 11957 15 6010331       011   010799125340    00    1735
24401451116014457 2454  0 7382  0910105 300         145          62          207910105 300      0 3 0677517EPSX15;                  11957 16       0       000   010803108190    00      16
2442999111601431612245  010331  0910105 305       25709      155559       181268910105 353     4814 0731247PRODIGY;                 11957 17 6010331       011   011101139620    00    2861
24439331116014457 5271  0 7093  0910105 307         239          57          296910105 307      0 3 0717040EPSX11;                  11957 20       0       000   011203112200    00      17
2444726111601441212012  011923  0910105 308        7301       46888        54189910105 324     1614 0731247PRODIGY;                 11957 21 6011923       011   011289122380    00     949
24454221116014516 4033  0 8772  0910105 309         854       27888        28742910105 328     18 3 0504160VIDEO;                   11957 22123110617000260001   011367124620    00    1095
2445794111601461612012  011923  0910105 310        9325       57695        67020910105 326     1614 0731247PRODIGY;                 11957 23 6011923       011   011407123710    00     964
2456965111601411612404  011856  0910105 332       36675      305055       341730910105 438     6614 0731247PRODIGY;                 11957 24 6011856       011   012719167070    00    3988
24574851116014257 5271  0 7093  0910105 333         234          62          296910105 333      0 3 0 43707EPSX18;                  11957 25       0       000   012782128010    00      19
2457737111601421612404  011856  0910105 334        6136       38768        44904910105 343      914 0731247PRODIGY;                 11957 26 6011856       011   012812133640    00     552
24580581116014457 5271  0 7093  0910105 334         197          68          265910105 334      0 2 0527625EPSX14;                  11957  0       0       000   012850128680    00      18
2458066111601451612404  011856  0910105 334         869        5071         5940910105 335      114 0731247PRODIGY;                 11957 27 6011856       011   012852128900    00      38
2458549111601441612012  011923  0910105 335       45135      314566       359701910105 449     7314 0731247PRODIGY;                 11957  1 6011923       011   012908173130    00    4405
24638931116014257 5271  0 7093  0910105 346         245          62          307910105 346      0 3 0 43707EPSX18;                  11957  2       0       000   013565135840    00      19
24749711116014216 4366  010331  0910105 409        3315       17685        21000910105 412      314 0731247PRODIGY;                 11957  3 6010331       011   014955151300    00     175
24762101116014357 2454  0 7382  0910105 412         228          62          290910105 412      0 3 0 43707EPSX18;                  11957  4       0       000   015116151340    00      18
24769631116014257 5271  0 7093  0910105 414         210          62          272910105 414      0 3 0 43707EPSX18;                  11957  5       0       000   015216152340    00      18
24771131116014257 5271  0 7093  0910105 414         174          62          236910105 414      0 3 0 43707EPSX18;                  11957  6       0       000   015239152560    00      17
24775761116014357 2454  0 7382  0910105 415         221          62          283910105 415      0 3 0 43707EPSX18;                  11957 10       0       000   015300153180    00      18
24776291116014212 3160  0 3914  0910105 415         311        9018         9329910105 430     15 2 0233174HOMEBANKSF;              11957  7123106003914000011   015307161820    00     875
24779981116014316 4366  010331  0910105 416        8335       58776        67111910105 431     1514 0731247PRODIGY;                 11957 11 6010331       011   015360162460    00     886
24899681116014157 5271  0 7093  0910105 443         175          62          237910105 444      0 3 0 43707EPSX18;                  11957 12       0       000   017007170250    00      18
2490772111601411611073  011858  0910105 446        5792       16295        22087910105 502     1714 0731247PRODIGY;                 11957 13 6011858       011   017133181310    00     998
24941681116014257 5271  0 7093  0910105 454         224          62          286910105 455      0 3 0 43707EPSX18;                  11957 14       0       000   017665176860    00      21
24947571116014257 5271  0 7093  0910105 456         225          62          287910105 456      0 3 0 43707EPSX18;                  11957 15       0       000   017754177740    00      20
24952961116014257 5271  0 7093  0910105 457         214          62          276910105 458      0 3 0 43706EPSX17;                  11957 16       0       000   017843178600    00      17
24957701116014257 5271  0 7093  0910105 459         228          62          290910105 459      0 3 0 43706EPSX17;                  11957 17       0       000   017918179390    00      21
24977321116014157 2454  0 7382  0910105 504         212          62          274910105 504      0 3 0 43706EPSX17;                  11957 20       0       000   018210182310    00      21
24977371116014257 2454  0 7382  0910105 504         157          62          219910105 504      0 3 0 43707EPSX18;                  11957 21       0       000   018211182260    00      15
26583041116014116 4366  010331  09101051707        7676       52232        599089101051720     1314 0731247PRODIGY;                 11957 24 6010331       011   061640623930    00     753
2659152111601425310163  0 8065  09101051709         111          30          1419101051724     15 3 0720227MPVCUECR;                11957 25       0       000   061733626540595560     921
26595371116014357 5271  0 7093  09101051710         143          62          2059101051710      0 3 0717040EPSX11;                  11957 26       0       000   061778617960    00      18
2791808111601411612245  010331  09101052103        9616       53894        635109101052116     1314 0731247PRODIGY;                 11957  2 6010331       011   075764765400    00     776
10678401116014157 5271  0 7093  0910106 407         227          62          289910106 407      0 3 0 43707EPSX18;                  11957  4       0       000   014792148110    00      19
10698701116014157 2454  0 7382  0910106 408         168          62          230910106 408      0 3 0 43707EPSX18;                  11957  5       0       000   014875148900    00      15
1070002111601411612012  011923  0910106 408        8218       38982        47200910106 430     2214 0731247PRODIGY;                 11957  6 6011923       011   014891161990    00    1308
1070198111601421612012  011923  0910106 409        6286       30575        36861910106 425     1714 0731247PRODIGY;                 11957  7 6011923       011   014911159080    00     997
1084220111601411611073  011858  0910106 431        4839       26452        31291910106 438      714 0731247PRODIGY;                 11957 10 6011858       011   016255167040    00     449
10845521116014257 2454  0 7382  0910106 432         232          62          294910106 432      0 3 0 43707EPSX18;                  11957 11       0       000   016291163100    00      19
10895341116014157 5271  0 7093  0910106 439         175          62          237910106 440      0 3 0 43707EPSX18;                  11957 13       0       000   016757167740    00      17
10910651116014157 5271  0 7093  0910106 442         176          62          238910106 442      0 3 0 43707EPSX18;                  11957 14       0       000   016894169120    00      18
10911931116014157 5271  0 7093  0910106 442         176          62          238910106 442      0 3 0 43707EPSX18;                  11957 15       0       000   016915169330    00      18
10929381116014157 2454  0 7382  0910106 445         214          62          276910106 445      0 3 0 43706EPSX17;                  11957 16       0       000   017085171030    00      18
10932031116014157 5271  0 7093  0910106 445         167          62          229910106 446      0 3 0 43707EPSX18;                  11957 17       0       000   017124171430    00      19
10932141116014257 5271  0 7093  0910106 445         213          62          275910106 446      0 3 0 43707EPSX18;                  11957 20       0       000   017126171460    00      20
10936361116014157 2454  0 7382  0910106 446         222          62          284910106 447      0 3 0 43707EPSX18;                  11957 21       0       000   017186172090    00      23
10936711116014257 2454  0 7382  0910106 446         227          62          289910106 447      0 3 0 43707EPSX18;                  11957 22       0       000   017188172080    00      20
10984571116014157 5271  0 7093  0910106 454         175          62          237910106 454      0 3 0 43707EPSX18;                  11957 23       0       000   017647176640    00      17
10998491116014157 2454  0 7382  0910106 456         222          62          284910106 457      0 3 0 43707EPSX18;                  11957 24       0       000   017779177970    00      18
11002481116014157 5271  0 7093  0910106 457         166          62          228910106 457      0 3 0 43706EPSX17;                  11957 25       0       000   017831178490    00      18
11004911116014157 5271  0 7093  0910106 458         228          62          290910106 458      0 3 0 43706EPSX17;                  11957 26       0       000   017869178910    00      22
11018901116014157 2454  0 7382  0910106 460         230          62          292910106 500      0 3 0 43707EPSX18;                  11957  0       0       000   017997180150    00      18
11022771116014157 5271  0 7093  0910106 501         218          62          280910106 501      0 3 0 43707EPSX18;                  11957  1       0       000   018053180710    00      18
11036601116014157 5271  0 7093  0910106 503         172          62          234910106 503      0 3 0 43707EPSX18;                  11957  2       0       000   018174181910    00      17
11085851116014157 2454  0 7382  0910106 511         179          62          241910106 511      0 3 0 43707EPSX18;                  11957  3       0       000   018660186810    00      21
11093031116014157 5271  0 7093  0910106 513         241          62          303910106 513      0 3 0 43707EPSX18;                  11957  4       0       000   018763187830    00      20
11102951116014116 7523  011858  0910106 514        6788       52075        58863910106 527     13 2 0731247PRODIGY;                 11957  5 6011858       011   018831196000    00     769
11108391116014212 6017  0 3916  0910106 515         119         187          306910106 516      1 3 0 57337EXPRESSCHECK;            11957  6123106003916000011   018915189540    00      39
11121121116014257 2454  0 7382  0910106 517         222          62          284910106 517      0 3 0 43707EPSX18;                  11957  7       0       000   019029190470    00      18
11124081116014257 2454  0 7382  0910106 518         225          62          287910106 518      0 3 0 43706EPSX17;                  11957 10       0       000   019068190860    00      18
11126281116014212 6017  0 3916  0910106 518         122         137          259910106 519      1 3 0 57337EXPRESSCHECK;            11957 11123106003916000011   019104191420    00      38
11129641116014257 5271  0 7093  0910106 519         232          62          294910106 520      0 3 0 43707EPSX18;                  11957 12       0       000   019159191770    00      18
11137421116014257 5271  0 7093  0910106 520         168          62          230910106 520      0 3 0 43707EPSX18;                  11957 13       0       000   019193192110    00      18
11139551116014253 7136  0  357  0910106 520          91          26          117910106 536     15 3 0 12636MPVCUFONE;               11957 14       0       000   019225201390379120     914
11145531116014357 5271  0 7093  0910106 522         245          62          307910106 522      0 3 0 43707EPSX18;                  11957 15       0       000   019320193410    00      21
11159201116014357 5271  0 7093  0910106 524         219          62          281910106 525      0 3 0 43707EPSX18;                  11957 16       0       000   019453194730    00      20
11172021116014357 2454  0 7382  0910106 526         218          62          280910106 527      0 3 0 43706EPSX17;                  11957 17       0       000   019571195900    00      19
11190491116014112 6017  0 3916  0910106 530         115         187          302910106 530      1 3 0 57337EXPRESSCHECK;            11957 20123106003916000011   019775198130    00      38
11204701116014157 2454  0 7382  0910106 532         197          62          259910106 532      0 3 0 43706EPSX17;                  11957 21       0       000   019920199390    00      19
11211101116014157 2454  0 7382  0910106 534         214          62          276910106 534      0 3 0 43707EPSX18;                  11957 22       0       000   020025200450    00      20
11226011116014157 5271  0 7093  0910106 536         213          62          275910106 537      0 3 0 43707EPSX18;                  11957 23       0       000   020179201980    00      19
11389841116014144 6315  0 5083  0910106 607        6334         121         6455910106 608      1 2 0660765BGIWOHLSDA; 5352102      11957 24123106002693000011   022001220830    00      82
1139055111601421612007  011858  0910106 607        4775       31656        36431910106 612      514 0731247PRODIGY;                 11957 25 6011858       011   022015223260    00     311
11527691116014157 5271  0 7093  0910106 632         244          62          306910106 632      0 3 0 43707EPSX18;                  11957 26       0       000   023518235380    00      20
11693031116014157 5271  0 7093  0910106 705        1918         507         2425910106 707      2 3 0 43707EPSX18;                  11957 27       0       000   025504256260    00     122
1569582111601411612245  010331  09101061924         382          90          4729101061925      114 0731247PRODIGY;                 11957  1 6010331       011   069831698950    00      64
1570277111601415310164  0 8067  09101061925          96          30          1269101061941     15 3 0720227MPVCUECR;                11957  2       0       000   069908708310230580     923
15702941116014257 5271  0 7093  09101061925         145          62          2079101061925      0 3 0677517EPSX15;                  11957  3       0       000   069910699250    00      15
15975851116014153 7345  0 5779  09101062019         102         156          2589101062022      3 3 0475207MPVCUEDC;                11957  6       0       000   073163733490    00     186
16514881116014157 2454  0 7382  09101062202         198          62          2609101062202      0 3 0527625EPSX14;                  11957  7       0       000   079311793270    00      16
16516181116014157 5271  0 7093  09101062202         217          62          2799101062202      0 3 0 43707EPSX18;                  11957 10       0       000   079329793480    00      19
1651855111601411612427  011856  09101062203        3696       16824        205209101062213     1014 0731247PRODIGY;                 11957 11 6011856       011   079357799570    00     600
16527351116014257 5271  0 7093  09101062204         175          62          2379101062205      0 3 0 43707EPSX18;                  11957 12       0       000   079458794750    00      17
16534521116014257 5271  0 7093  09101062206         173          89          2629101062206      0 3 0 43706EPSX17;                  11957 13       0       000   079540795690    00      29
1653848111601425310163  0 8065  09101062206          98          30          1289101062222     15 3 0720227MPVCUECR;                11957 14       0       000   079586805080327350     922
16612841116014153 7345  0 5779  09101062221         104         155          2599101062237     15 3 0475207MPVCUEDC;                11957 15       0       000   080483814010336330     918
16613931116014316 6727  011856  09101062222       14679       47376        620559101062306     4414 0731247PRODIGY;                 11957 16 6011856       011   080497831440    00    2647
 388931111601415310164  0 8067  091013          94          30          124910106 109     15 3 0720227MPVCUECR;                11957  5       0       000   0 3206 41260218930     920
 392478111601421612245  010331  0910106  59       11144       38745        49889910106 142     4414 0731247PRODIGY;                 11957  6 6010331       011   0 3524 61410    00    2617
 3939271116014357 5271  0 7093  0910106 101         198          64          262910106 101      0 3 0717040EPSX11;                  11957  7       0       000   0 3646 36680    00      22
 397139111601431212245  010331  0910106 106       13063       77836        90899910106 143     3714 0731247PRODIGY;                 11957 11 6010331       011   0 3936 61640    00    2228
 3971971116014457 5271  0 7093  0910106 106         142          62          204910106 106      0 3 0717040EPSX11;                  11957 12       0       000   0 3941 39610    00      20
 3985501116014457 5271  0 7093  0910106 108         145          62          207910106 108      0 3 0677517EPSX15;                  11957 14       0       000   0 4058 40770    00      19
 4001181116014112 4366  010331  0910106 110        1489        9114        10603910106 115      514 0731247PRODIGY;                 11957 15 6010331       011   0 4200 44750    00     275
 417876111601411612245  010331  0910106 137        2734       17512        20246910106 141      414 0731247PRODIGY;                 11957 16 6010331       011   0 5821 60890    00     268
 4210791116014112 4366  010331  0910106 142        4732       22046        26778910106 148      514 0731247PRODIGY;                 11957 17 6010331       011   0 6125 64510    00     326
 440892111601411212012  011923  0910106 214       31991      118992       150983910106 306     5314 0731247PRODIGY;                 11957 20 6011923       011   0 8013111820    00    3169
 444649111601421611076  011856  0910106 220        2605        7642        10247910106 230     1014 0731247PRODIGY;                 11957 21 6011856       011   0 8388 89750    00     587
 4464651116014357 5271  0 7093  0910106 223         145          62          207910106 223      0 3 0677517EPSX15;                  11957 22       0       000   0 8563 85800    00      17
 447968111601435310413  0 8128  0910106 225          79          29          108910106 240     15 3 0475207MPVCUEDC;                11957 23       0       000   0 8712 96230273990     911
 450353111601441611076  011856  0910106 229       10016       90284       100300910106 251     2214 0731247PRODIGY;                 11957 24 6011856       011   0 8958102780    00    1320
 452170111601421611076  011856  0910106 232       20057      126158       146215910106 324     5214 0731247PRODIGY;                 11957 25 6011856       011   0 9133122410    00    3108
 4760781116014157 5271  0 7093  0910106 313         175          62          237910106 313      0 3 0 43707EPSX18;                  11957 26       0       000   011572115890    00      17
 4761571116014357 5271  0 7093  0910106 313         220          62          282910106 313      0 3 0 43706EPSX17;                  11957 27       0       000   011581115990    00      18
 4772571116014153 7716  0  363  0910106 315         280          66          346910106 332     17 3 0 12636MPVCUFONE;               11957  0       0       000   011694127280303830    1034
 479120111601431612245  010331  0910106 318         459        2390         2849910106 319      114 0731247PRODIGY;                 11957  3 6010331       011   011891119240    00      33
17283111116014157 5271  0 7093  0910107  39         194          62          256910107  40      0 3 0527625EPSX14;                  11957 17       0       000   0 2359 23770    00      18
17343911116014153 7512  0 8461  0910107  52         187          69          256910107 108     16 3 0720235MPVCUVAL;                11957 20       0       000   0 3119 40850426700     966
1734700111601421611076  011856  0910107  53        3773       28916        32689910107 100      814 0731247PRODIGY;                 11957 21 6011856       011   0 3156 36110    00     455
17360571116014316 4033  0 8772  0910107  55         374          90          464910107  59      4 3 0504160VIDEO;                   11957 23123110617000260001   0 3322 35350    00     213
1736726111601441611076  011856  0910107  57       38172      228788       266960910107 209     7214 0731247PRODIGY;                 11957 24 6011856       011   0 3408 77140    00    4306
1738983111601421611076  011856  0910107 101        5443       25626        31069910107 110      914 0731247PRODIGY;                 11957 25 6011856       011   0 3673 42260    00     553
1755556111601411611076  011856  0910107 135        3952       19429        23381910107 143      814 0731247PRODIGY;                 11957 26 6011856       011   0 5677 61630    00     486
17563561116014216 6423  011856  0910107 136        3417       17114        20531910107 140      414 0731247PRODIGY;                 11957 27 6011856       011   0 5776 59870    00     211
17565421116014316 6727  011856  0910107 137         544         175          719910107 137      014 0731247PRODIGY;                 11957  0 6011856       011   0 5799 58070    00       8
1758705111601421612000  011856  0910107 141       11349       33965        45314910107 235     5414 0731247PRODIGY;                 11957  1 6011856       011   0 6073 92910    00    3218
1759337111601431612012  011923  0910107 143        9551       30463        40014910107 157     1414 0731247PRODIGY;                 11957  2 6011923       011   0 6157 70190    00     862
17599721116014157 5271  0 7093  0910107 144         194          62          256910107 144      0 3 0527625EPSX14;                  11957  4       0       000   0 6240 62570    00      17
1759986111601451612012  011923  0910107 144       10878       77890        88768910107 248     6414 0731247PRODIGY;                 11957  3 6011923       011   0 6242100650    00    3823
17601161116014616 7613  0 3035  0910107 144        1222       48613        49835910107 210     26 2 0 43027D-SKYLINE;               11957  5123106003035000011   0 6258 78170    00    1559
17628441116014116 4366  010331  0910107 150        3096        9169        12265910107 155      514 0731247PRODIGY;                 11957  6 6010331       011   0 6601 69030    00     302
17655481116014157 2454  0 7382  0910107 156         157          62          219910107 156      0 3 0527625EPSX14;                  11957  7       0       000   0 6947 69610    00      14
17661151116014112 6727  011856  0910107 157        1964        7148         9112910107 201      414 0731247PRODIGY;                 11957 10 6011856       011   0 7016 72410    00     225
1770172111601411611076  011856  0910107 205        2076       10607        12683910107 210      514 0731247PRODIGY;                 11957 11 6011856       011   0 7506 77990    00     293
1773385111601411612406  0  469  0910107 212         341          58          399910107 212      114 0731247PRODIGY;                 11957 14 6000469       011   0 7910 79470    00      37
17739941116014157 5271  0 7093  0910107 213         199          62          261910107 214      0 3 0 43706EPSX17;                  11957 15       0       000   0 7992 80150    00      23
1774661111601411611042  0  469  0910107 215         984        4871         5855910107 242     2714 0731247PRODIGY;                 11957 16 6000469       011   0 8084 97090    00    1625
1847016111601411212452  011858  0910107 531       13164       70718        83882910107 613     4314 0731247PRODIGY;                 11957 20 6011858       011   019843223940    00    2551
18493421116014212 3160  0 3914  0910107 540         140        1159         1299910107 541      1 3 0233174HOMEBANKSF;              11957 21123106003914000011   020384204320    00      48
22785841116014153 7274  0 9127  09101072338         111         155          2669101072354     15 3 0475207MPVCUEDC;                11957 22       0       000   085105860220591200     917
14186881116014144 4627  0 6121  09101071859         329       19498        198279101071910     11 3 0136364ENFE;                    11957  3143106006121000011   068367690090    00     642
14424751116014116 5030  011923  09101071922        4810       23496        283069101071926      514 0731247PRODIGY;                 11957 13 6011923       011   069713699840    00     271
  Y@Å