


DATE    MINUTES    CHARACTERS   SESS     AD   INV.MIN INV.CHARS INV.SESS INV.AD
900801  12046935  10158026826  965569  502613       1     10082      745      0
900802  12781446  10325041576  979426  513328       1     36009     3158      0
900803  13099887  10212574057  962540  511702       2     21767     1506      0
900804   6230479   4279098391  481709  312067       0     23664     1625      0
900805   4841635   3664327892  391746  262591       0     19940     1414      0
900806  15313124   9773216376  968510  514200       1     45306     2676      0
900807  15203603  11250767621 1026790  530622       0     27746     1346      0
900808  13276114  10775932117 1011959  530592       1     40119     3677      0
900809  14241438  10094321098  999456  526922       0     27205     2420      0
900810  13009379  10211374267  939173  505775       0     19383     1367      0
900811   9958189   4406467491  506806  322900       0     12248      937      0
900812   5448887   3615579294  390532  259897       0     10000      763      0
900813  12218287   9584796391  957616  518844       0     69994     9620      0
900814  15828142  11018798913 1010851  539073       1    178933    28493      0
900815  14000349  10040757786 1000688  536233      10     37793     2725      0
900816  12521552  10059991250  991154  540006       1     60750     9368      0
900817  13163718   9926353443  934789  501066       0    167019    27405      0
900818   6947870   4089682221  542116  336315       0     18339     1370      0
900819   3991307   4096271351  424664  286959       0     17960    12120      0
900820  15534580  10229912557 1027668  563831      38     22521     3325      0
900821  13956809  10957947481 1072282  581815       1     47128     4656      0
900822  14779410  10173623084 1021310  563610       1     41491     4309      0
900823  12971006  10183198332 1018924  547687       0     49782     4790      0
900824  14071565  10287503548  967611  530429       0     34259     3740      0
900825   6415326   4810888316  529451  358795       0     35856     4067      0
900826   4483571   3708160994  432799  295442       0     43941     4452      0
900827  14441591  10099079923  974349  530661       0     46734     5052      0
900828  13801749  10733368702 1019445  536604       3     70949     7733      0
900829  18635985  11616749157 1047115  559568       0     40372     2967      0
900830  17515931  11533037980 1025084  552135       1     27484     2179      0
900831  14461643  10085204514  959611  507227       0     56768     7175      0


                 TOTALS
                 SESSIONS             26581743                           167180
                 MINUTES             375191507                               62
                 CHARACTERS       271002052949.                         1361542.
                 DISCONNECTS          14679509                                0

