


DATE    MINUTES    CHARACTERS   SESS     AD   INV.MIN INV.CHARS INV.SESS INV.AD
901001  15494023  12835993880 1026236  521488       2     84954    13416      0
901002  17512536  13769583641 1048098  521211       0     32831     4325      0
901003  14694692  13579626718 1030503  486156       0      8306      583      0
901004  14736088  13745177619 1060265  512785       1     19387     1953      0
901005  12317533  13335607899 1064980  518839       0      8021      726      0
901006   7979701   7791409949  603298  331804       0     16659     1218      0
901007   8922861   6800663563  530919  272193       0     14409     1064      0
901008  13598359  12236170533  937632  446898       0     21191     4315      0
901009  16921615  14199453594 1040306  508936       0     28303     1915      0
901010  14824243  14916092383 1084681  529991       0     44998     6322      0
901011  17495910  14427026763 1084187  531076       2     48356     6447      0
901012  16514886  14110303368 1025587  532090      11     57852     7012      0
901013   7752870   8556876547  557099  331759       0     68793     7008      0
901014   6198427   7245361517  519525  305907       1     72616     7379      0
901015  18811718  13441278631 1046257  528197       0     66376     9707      0
901016  14502593  14230529164 1120191  552655       2     67268    10620      0
901017  14993833  14802463873 1053961  524198       8     75232     7512      0
901018  15828325  14498208596 1076671  543273       2     63587     7180      0
901019  12748038  13683664871 1051439  520667       3     81844     9119      0
901020   8585049   8866476676  597793  322036       0     54419     7138      0
901021   7694442   7431062131  531254  276593       0     54862     6794      0
901022  13806740  13174083762 1065776  513024       3     78734     9218      0
901023  18911567  15257008524 1061082  532776      19     33233     2745      0
901024  15543858  14061804222 1034290  501913       0     50082     5432      0
901025  17083847  14551821742 1067432  520252       0    105045    11811      0
901026  16069760  13389364131 1013253  505980       4     51786     5346      0
901027   7528902   8391367641  540605  313852       1     47675     3555      0
901028   8610244   8220517519  526126  301383       8     39357     3815      0
901029  18135213  13624729826  991110  498426       1     45535     4907      0
901030  17124430  14359044805 1037653  505322       1     83986     7706      0
901031  13439095  13498379236 1039093  500319       2     58228     3922      0


                 TOTALS
                 SESSIONS             28467302                           180210
                 MINUTES             424381398                               71
                 CHARACTERS       383031153324.                         1583925.
                 DISCONNECTS          14311999                                0

