        3544487 646415216 5627  011084  0920601  10         553       47093        47646920601  34     24 3 0274317XFINTR;                   6019 10       0       000   0  602 20610    00    1459      0              000000000000000000000000000000000     0     0 0     
        3582233 646415116 5627  011084  0920601 116          93        1672         1765920601 119      2 3 0274317XFINTR;                   6019  4       0       000   0 4568 47150    00     147      0              000000000000000000000000000000000     0     0 0     
        3584083 646415116 5627  011084  0920601 119          74        1383         1457920601 123      3 3 0274317XFINTR;                   6019  4       0       000   0 4761 49670    00     206      0              000000000000000000000000000000000     0     0 0     
        3586582 646414716 5627  011084  0920601 124         363       21295        21658920601 143     19 3 0274317XFINTR;                   6019  4       0       000   0 5022 61700    00    1148      0              000000000000000000000000000000000     0     0 0     
        3604117 646415516 5627  011084  0920601 153         201       24714        24915920601 221     28 3 0274317XFINTR;                   6019 13       0       000   0 6791 84690    00    1678      0              000000000000000000000000000000000     0     0 0     
        4341768 646414416 5627  011084  09206011101         110        6760         68709206011107      6 3 0274317XFINTR;                   6019  2       0       000   039655400040    00     349      0              000000000000000000000000000000000     0     0 0     
        4372721 646414716 5627  011084  09206011150         514       20773        212879206011204     14 3 0274317XFINTR;                   6019  5       0       000   042605434340    00     829      0              000000000000000000000000000000000     0     0 0     
        4425478 646415416 5627  011084  09206011243         115       11645        117609206011256     13 3 0274317XFINTR;                   6019 20       0       000   045796465600    00     764      0              000000000000000000000000000000000     0     0 0     
        4444757 646415716 5627  011084  09206011260          68        1694         17629206011302      2 3 0274317XFINTR;                   6019 15       0       000   046798469190    00     121      0              000000000000000000000000000000000     0     0 0     
        4448369 646415416 5627  011084  09206011303         126        7549         76759206011307      5 3 0274317XFINTR;                   6019 13       0       000   046965472410    00     276      0              000000000000000000000000000000000     0     0 0     
        4468893 646415616 5627  011084  09206011318         425       24990        254159206011331     12 3 0274317XFINTR;                   6019 13       0       000   047895486390    00     744      0              000000000000000000000000000000000     0     0 0     
        4499502 646416216 5627  011084  09206011342           2         281          2839206011342      0 2 0274317XFINTR;                   6019 20       0       000   049296493010    00       5      0              000000000000000000000000000000000     0     0 0     
        4501538 646416216 5627  011084  09206011343         341       36004        363459206011358     15 3 0274317XFINTR;                   6019 13       0       000   049386502950    00     909      0              000000000000000000000000000000000     0     0 0     
        4503481 646416616 5627  011084  09206011345         691       44286        449779206011417     32 3 0274317XFINTR;                   6019 25       0       000   049473514000    00    1927      0              000000000000000000000000000000000     0     0 0     
        4524304 646415716 5627  011084  09206011360         372       53087        534599206011422     22 3 0274317XFINTR;                   6019 16       0       000   050389517330    00    1344      0              000000000000000000000000000000000     0     0 0     
        4529617 646415416 5627  011084  09206011403         123       10655        107789206011411      7 3 0274317XFINTR;                   6019  5       0       000   050605510340    00     429      0              000000000000000000000000000000000     0     0 0     
        4545130 646416116 5627  011084  09206011414          63        1569         16329206011415      1 3 0274317XFINTR;                   6019 27       0       000   051238513140    00      76      0              000000000000000000000000000000000     0     0 0     
        4549188 646417116 5627  011084  09206011417          95        1762         18579206011418      2 3 0274317XFINTR;                   6019 27       0       000   051397515040    00     107      0              000000000000000000000000000000000     0     0 0     
        4558783 646415716 5627  011084  09206011423         105        3769         38749206011425      2 3 0274317XFINTR;                   6019  1       0       000   051786519170    00     131      0              000000000000000000000000000000000     0     0 0     
        4567664 646415416 5627  011084  09206011429         463       43760        442239206011451     22 3 0274317XFINTR;                   6019 12       0       000   052137534440    00    1307      0              000000000000000000000000000000000     0     0 0     
        4581067 646414616 5627  011084  09206011438         266       17614        178809206011452     14 3 0274317XFINTR;                   6019  6       0       000   052673534990    00     826      0              000000000000000000000000000000000     0     0 0     
        4606508 646414716 5627  011084  09206011455         107        5959         60669206011502      7 3 0274317XFINTR;                   6019  5       0       000   053709541180    00     409      0              000000000000000000000000000000000     0     0 0     
        4624435 646415616 5627  011084  09206011507         273       11385        116589206011518     11 3 0274317XFINTR;                   6019 15       0       000   054417550640    00     647      0              000000000000000000000000000000000     0     0 0     
        4642725 646415516 5627  011084  09206011519          74        1409         14839206011520      1 3 0274317XFINTR;                   6019 13       0       000   055130552090    00      79      0              000000000000000000000000000000000     0     0 0     
        4646491 646415316 5627  011084  09206011521         227       15913        161409206011531     10 3 0274317XFINTR;                   6019 13       0       000   055274558560    00     582      0              000000000000000000000000000000000     0     0 0     
        4687118 646414516 5627  011084  09206011548         233       15477        157109206011556      9 3 0274317XFINTR;                   6019  3       0       000   056851573720    00     521      0              000000000000000000000000000000000     0     0 0     
        4696661 646415316 5627  011084  09206011554         243       38690        389339206011602      7 3 0274317XFINTR;                   6019  4       0       000   057254576960    00     442      0              000000000000000000000000000000000     0     0 0     
        4789185 646416116 5627  011084  09206011705         297       36098        363959206011724     20 3 0274317XFINTR;                   6019 22       0       000   061477626570    00    1180      0              000000000000000000000000000000000     0     0 0     
        4828852 646416616 5627  011084  09206011736         201       18093        182949206011745      9 3 0274317XFINTR;                   6019  6       0       000   063331638980    00     567      0              000000000000000000000000000000000     0     0 0     
        4842914 646414716 5627  011084  09206011746         131        3989         41209206011750      4 2 0274317XFINTR;                   6019 12       0       000   063962642020    00     240      0              000000000000000000000000000000000     0     0 0     
        4889362 646415116 5627  011084  09206011821         475       63873        643489206011845     25 3 0274317XFINTR;                   6019  0       0       000   066040675150    00    1475      0              000000000000000000000000000000000     0     0 0     
        4920309 646417216 5627  011084  09206011844         304       29027        293319206011904     20 3 0274317XFINTR;                   6019 35       0       000   067438686430    00    1205      0              000000000000000000000000000000000     0     0 0     
        4929490 646415116 5627  011084  09206011851         377       26622        269999206011910     19 3 0274317XFINTR;                   6019 14       0       000   067870689870    00    1117      0              000000000000000000000000000000000     0     0 0     
        4942231 646414416 5627  011084  09206011901         664       62252        629169206011921     20 3 0274317XFINTR;                   6019  1       0       000   068444696600    00    1216      0              000000000000000000000000000000000     0     0 0     
        4955154 646414316 5627  011084  09206011910         132        6408         65409206011913      3 3 0274317XFINTR;                   6019 14       0       000   069028691980    00     170      0              000000000000000000000000000000000     0     0 0     
        4956297 646417316 5627  011084  09206011911         186       20843        210299206011939     28 3 0274317XFINTR;                   6019 27       0       000   069083707590    00    1676      0              000000000000000000000000000000000     0     0 0     
        4960425 646415616 5627  011084  09206011915         254       13009        132639206011926     12 3 0274317XFINTR;                   6019 14       0       000   069286699850    00     699      0              000000000000000000000000000000000     0     0 0     
        4970461 646416716 5627  011084  09206011923         699       43824        445239206011942     20 3 0274317XFINTR;                   6019 24       0       000   069750709340    00    1184      0              000000000000000000000000000000000     0     0 0     
        4970520 646416516 5627  011084  09206011923         230       20300        205309206011936     13 3 0274317XFINTR;                   6019 10       0       000   069753705440    00     791      0              000000000000000000000000000000000     0     0 0     
        5135130 646414216 5627  011084  09206012129         188       15393        155819206012148     19 2 0274317XFINTR;                   6019  1       0       000   077327784690    00    1142      0              000000000000000000000000000000000     0     0 0     
        5166453 646414216 5627  011084  09206012159         325       32631        329569206012248     49 3 0274317XFINTR;                   6019  1       0       000   079117820560    00    2939      0              000000000000000000000000000000000     0     0 0     
        5175595 646414316 5627  011084  09206012208          90        1742         18329206012209      2 3 0274317XFINTR;                   6019  2       0       000   079656797660    00     110      0              000000000000000000000000000000000     0     0 0     
        5178661 646414116 5627  011084  09206012211         771       62313        630849206012247     37 3 0274317XFINTR;                   6019  0       0       000   079836820450    00    2209      0              000000000000000000000000000000000     0     0 0     
        5223804 646414316 5627  011084  09206012259         461       56518        569799206012335     37 3 0274317XFINTR;                   6019  3       0       000   082712849290    00    2217      0              000000000000000000000000000000000     0     0 0     
        5259301 646414416 5627  011084  09206022038         164       16991        171559206022048     10 3 0274317XFINTR;                   6019  3       0       000   074307748870    00     580      0              000000000000000000000000000000000     0     0 0     
        5324939 646414716 5627  011084  09206022129         627       86383        870109206022209     41 3 0274317XFINTR;                   6019  1       0       000   077324797620    00    2438      0              000000000000000000000000000000000     0     0 0     
        5449831 646414316 5627  011084  09206022334         455       23878        243339206022351     16 3 0274317XFINTR;                   6019  0       0       000   084868858400    00     972      0              000000000000000000000000000000000     0     0 0     
       12652122 646415116 5627  011084  0920602  48         187        7904         8091920602  58     10 3 0274317XFINTR;                   6019  7       0       000   0 2868 34580    00     590      0              000000000000000000000000000000000     0     0 0     
       12689753 646414216 5627  011084  0920602 138         117        1929         2046920602 142      3 3 0274317XFINTR;                   6019 10       0       000   0 5887 60910    00     204      0              000000000000000000000000000000000     0     0 0     
       12692873 646414416 5627  011084  0920602 142         288       42674        42962920602 159     16 3 0274317XFINTR;                   6019  6       0       000   0 6139 71230    00     984      0              000000000000000000000000000000000     0     0 0     
       12714766 646414516 5627  011084  0920602 211         466       39724        40190920602 239     29 3 0274317XFINTR;                   6019  6       0       000   0 7840 95510    00    1711      0              000000000000000000000000000000000     0     0 0     
       12725373 646415116 5627  011084  0920602 226         311       19732        20043920602 242     16 2 0274317XFINTR;                   6019 10       0       000   0 8747 97020    00     955      0              000000000000000000000000000000000     0     0 0     
       12737032 646415116 5627  011084  0920602 243         232       13996        14228920602 250      7 3 0274317XFINTR;                   6019 10       0       000   0 9762101870    00     425      0              000000000000000000000000000000000     0     0 0     
       13975280 646414516 5627  011084  09206021137         220       22371        225919206021153     16 3 0274317XFINTR;                   6019  4       0       000   041824427610    00     937      0              000000000000000000000000000000000     0     0 0     
       14009549 646415516 5627  011084  09206021215         171       18947        191189206021223      8 3 0274317XFINTR;                   6019 11       0       000   044095445670    00     472      0              000000000000000000000000000000000     0     0 0     
       14021057 646414216 5627  011084  09206021226         225       16031        162569206021233      7 3 0274317XFINTR;                   6019  5       0       000   044741451660    00     425      0              000000000000000000000000000000000     0     0 0     
       14048327 646415716 5627  011084  09206021250         175       14634        148099206021302     12 3 0274317XFINTR;                   6019 12       0       000   046175469060    00     731      0              000000000000000000000000000000000     0     0 0     
       14052868 646414116 5627  011084  09206021253         223       24452        246759206021305     12 3 0274317XFINTR;                   6019 10       0       000   046407471090    00     702      0              000000000000000000000000000000000     0     0 0     
       14078093 646414216 5627  011084  09206021313         131        3957         40889206021315      3 3 0274317XFINTR;                   6019  3       0       000   047560477110    00     151      0              000000000000000000000000000000000     0     0 0     
       14081705 646414216 5627  011084  09206021315         172       11446        116189206021321      5 3 0274317XFINTR;                   6019 12       0       000   047720480320    00     312      0              000000000000000000000000000000000     0     0 0     
       14104991 646415516 5627  011084  09206021333         481       47460        479419206021351     18 3 0274317XFINTR;                   6019 21       0       000   048807498730    00    1066      0              000000000000000000000000000000000     0     0 0     
       14111565 646415216 5627  011084  09206021339         225        4276         45019206021341      2 3 0274317XFINTR;                   6019 12       0       000   049118492630    00     145      0              000000000000000000000000000000000     0     0 0     
       14111912 646415716 5627  011084  09206021339         108        5085         51939206021343      4 3 0274317XFINTR;                   6019  4       0       000   049135493630    00     228      0              000000000000000000000000000000000     0     0 0     
       14118454 646415716 5627  011084  09206021344         390       16785        171759206021355     12 3 0274317XFINTR;                   6019 17       0       000   049432501260    00     694      0              000000000000000000000000000000000     0     0 0     
       14129981 646416716 5627  011084  09206021352         748       80682        814309206021447     54 3 0274317XFINTR;                   6019 21       0       000   049945532070    00    3262      0              000000000000000000000000000000000     0     0 0     
       14139366 646416416 5627  011084  09206021359         312       13349        136619206021409     10 3 0274317XFINTR;                   6019 23       0       000   050343509200    00     577      0              000000000000000000000000000000000     0     0 0     
       14177190 646416316 5627  011084  09206021427         397       29133        295309206021445     18 3 0274317XFINTR;                   6019  4       0       000   052013530930    00    1080      0              000000000000000000000000000000000     0     0 0     
       14204614 646416716 5627  011084  09206021447         139       14307        144469206021454      7 3 0274317XFINTR;                   6019 30       0       000   053246536360    00     390      0              000000000000000000000000000000000     0     0 0     
       142 646416716 5627  011084  09206021458         178       14275        144539206021504      7 3 0274317XFINTR;                   6019 26       0       000   053861542690    00     408      0              000000000000000000000000000000000     0     0 0     
       14233602 646415216 5627  011084  09206021508         131       11895        120269206021514      6 3 0274317XFINTR;                   6019  5       0       000   054470548590    00     389      0              000000000000000000000000000000000     0     0 0     
       14360407 646414216 5627  011084  09206021630         374       54994        553689206021651     21 3 0274317XFINTR;                   6019 12       0       000   059401606460    00    1245      0              000000000000000000000000000000000     0     0 0     
       14362981 646414316 5627  011084  09206021632         458       31992        324509206021658     26 3 0274317XFINTR;                   6019 20       0       000   059513610700    00    1557      0              000000000000000000000000000000000     0     0 0     
       14368759 646416416 5627  011084  09206021636          88        2280         23689206021640      4 3 0274317XFINTR;                   6019 21       0       000   059767599880    00     221      0              000000000000000000000000000000000     0     0 0     
       14374892 646416416 5627  011084  09206021641         697       93158        938559206021724     43 3 0274317XFINTR;                   6019 21       0       000   060042626480    00    2606      0              000000000000000000000000000000000     0     0 0     
       14401251 646414716 5627  011084  09206021700         907       41922        428299206021723     23 3 0274317XFINTR;                   6019  3       0       000   061220625700    00    1350      0              000000000000000000000000000000000     0     0 0     
       14432526 646414116 5627  011084  09206021724         160       16692        168529206021734     10 3 0274317XFINTR;                   6019 36       0       000   062652632460    00     594      0              000000000000000000000000000000000     0     0 0     
       14450607 646414116 5627  011084  09206021738         274       25518        257929206021752     14 2 0274317XFINTR;                   6019  3       0       000   063460643000    00     840      0              000000000000000000000000000000000     0     0 0     
       14562300 646417616 5627  011084  09206021901         606       41665        422719206021925     24 3 0274317XFINTR;                   6019 34       0       000   068445698990    00    1454      0              000000000000000000000000000000000     0     0 0     
       14582882 646415516 5627  011084  09206021916         179        7503         76829206021921      5 3 0274317XFINTR;                   6019 12       0       000   069380696690    00     289      0              000000000000000000000000000000000     0     0 0     
       14602791 646414216 5627  011084  09206021931         467       35707        361749206021949     18 3 0274317XFINTR;                   6019  0       0       000   070271713240    00    1053      0              000000000000000000000000000000000     0     0 0     
       14621126 646416316 5627  011084  09206021945         402       21603        220059206022000     16 3 0274317XFINTR;                   6019  5       0       000   071077720140    00     937      0              000000000000000000000000000000000     0     0 0     
       14628242 646417516 5627  011084  09206021950         319       50674        509939206022018     28 3 0274317XFINTR;                   6019 34       0       000   071387730890    00    1702      0              000000000000000000000000000000000     0     0 0     
       14660043 646414116 5627  011084  09206022012          90        5231         53219206022017      4 2 0274317XFINTR;                   6019 25       0       000   072737730010    00     264      0              000000000000000000000000000000000     0     0 0     
       14670089 646417116 5627  011084  09206022020         198       14662        148609206022029     10 2 0274317XFINTR;                   6019  0       0       000   073172737670    00     595      0              000000000000000000000000000000000     0     0 0     
        4211359 646414416 5627  011084  09206032053         626       27917        285439206032111     18 3 0274317XFINTR;                   6019  1       0       000   075183762520    00    1069      0              000000000000000000000000000000000     0     0 0     
        4244189 646414116 5627  011084  09206032122         684       44841        455259206032160     38 3 0274317XFINTR;                   6019  0       0       000   076894791950    00    2301      0              000000000000000000000000000000000     0     0 0     
        4365554 437214416 5627  011084  09206032334         289       30017        303069206032345     11 3 0274317XFINTR;                   9621 23       0       000   084866855140    00     648      0              000000000000000000000000000000000     0     0 0     
        5510774 646414616 5627  011084  0920603  48         849      112406       113255920603 205     77 3 0274317XFINTR;                   6019  4       0       000   0 2888 75000    00    4612      0              000000000000000000000000000000000     0     0 0     
        5512698 646414516 5627  011084  0920603  51         482       58203        58685920603 123     32 3 0274317XFINTR;                   6019  5       0       000   0 3034 49630    00    1929      0              000000000000000000000000000000000     0     0 0     
        5548153 646415316 5627  011084  0920603 132         139        1675         1814920603 136      4 3 0274317XFINTR;                   6019  7       0       000   0 5497 57320    00     235      0              000000000000000000000000000000000     0     0 0     
        5550977 765515316 5627  011084  0920603 135         187       26162        26349920603 148     13 3 0274317XFINTR;                   9623 40       0       000   0 5683 64510    00     768      0              000000000000000000000000000000000     0     0 0     
        5553350 646415516 5627  011084  0920603 137          91        1469         1560920603 140      3 3 0274317XFINTR;                   6019 13       0       000   0 5838 59960    00     158      0              000000000000000000000000000000000     0     0 0     
        5556446 646415516 5627  011084  0920603 141         376       52953        53329920603 156     15 3 0274317XFINTR;                   6019 13       0       000   0 6055 69610    00     906      0              000000000000000000000000000000000     0     0 0     
        5591859 646415216 5627  011084  0920603 220         115        6486         6601920603 223      4 3 0274317XFINTR;                   6019  3       0       000   0 8383 86020    00     219      0              000000000000000000000000000000000     0     0 0     
       12964812 646415016 5627  011084  09206031147         245       27395        276409206031203     16 3 0274317XFINTR;                   6019  6       0       000   042406433550    00     949      0              000000000000000000000000000000000     0     0 0     
       12965189 646414516 5627  011084  09206031147         148        4046         41949206031150      2 3 0274317XFINTR;                   6019 11       0       000   042434425710    00     137      0              000000000000000000000000000000000     0     0 0     
       12991530 646415016 5627  011084  09206031216         241       21208        214499206031227     11 3 0274317XFINTR;                   6019  4       0       000   044138448040    00     666      0              000000000000000000000000000000000     0     0 0     
       13004281 646414616 5627  011084  09206031229         122       10173        102959206031233      5 3 0274317XFINTR;                   6019 17       0       000   044910451980    00     288      0              000000000000000000000000000000000     0     0 0     
       13020134 646416016 5627  011084  09206031243         460       51469        519299206031303     20 3 0274317XFINTR;                   6019 16       0       000   045769469690    00    1200      0              000000000000000000000000000000000     0     0 0     
       13038104 646415716 5627  011084  09206031259         230       33399        336299206031315     16 3 0274317XFINTR;                   6019 14       0       000   046736477160    00     980      0              000000000000000000000000000000000     0     0 0     
       13058136 646416416 5627  011084  09206031315         523       43175        436989206031332     17 3 0274317XFINTR;                   6019 24       0       000   047706487250    00    1019      0              000000000000000000000000000000000     0     0 0     
       13097783 646417316 5627  011084  09206031347         179       12977        131569206031415     28 3 0274317XFINTR;                   6019  7       0       000   049602512800    00    1678      0              000000000000000000000000000000000     0     0 0     
       13123875 646414116 5627  011084  09206031406         202       10731        109339206031411      5 3 0274317XFINTR;                   6019  2       0       000   050780510570    00     277      0              000000000000000000000000000000000     0     0 0     
       13134823 646416616 5627  011084  09206031414         143       16495        166389206031422      8 3 0274317XFINTR;                   6019 24       0       000   051253517270    00     474      0              000000000000000000000000000000000     0     0 0     
       13142768 646417416 5627  011084  09206031420         120        7492         76129206031425      6 2 0274317XFINTR;                   6019 31       0       000   051575519180    00     343      0              000000000000000000000000000000000     0     0 0     
       13153449 646417116 5627  011084  09206031427         340       20898        212389206031437     10 3 0274317XFINTR;                   6019 21       0       000   052030526180    00     588      0              000000000000000000000000000000000     0     0 0     
       13162129 646415316 5627  011084  09206031433          69       12396        124659206031521     48 2 0274317XFINTR;                   6019 31       0       000   052396552730    00    2877      0              000000000000000000000000000000000     0     0 0     
       13198959 646416416 5627  011084  09206031459         445       51288        517339206031524     25 3 0274317XFINTR;                   6019 21       0       000   053954554590    00    1505      0              000000000000000000000000000000000     0     0 0     
       13203009 646414616 5627  011084  09206031502         350       25785        261359206031523     22 3 0274317XFINTR;                   6019 20       0       000   054112554030    00    1291      0              000000000000000000000000000000000     0     0 0     
       13254151 646416316 5627  011084  09206031537         377       42823        432009206031609     32 3 0274317XFINTR;                   6019 20       0       000   056220581440    00    1924      0              000000000000000000000000000000000     0     0 0     
       13282393 646417216 5627  011084  09206031557         246       14409        146559206031612     15 3 0274317XFINTR;                   6019 15       0       000   057421583220    00     901      0              000000000000000000000000000000000     0     0 0     
       13303946 646415016 5627  011084  09206031614         550       26356        269069206031641     28 3 0274317XFINTR;                   6019 15       0       000   058412600670    00    1655      0              000000000000000000000000000000000     0     0 0     
       13305770 646415316 5627  011084  09206031615         115        1856         19719206031618      3 3 0274317XFINTR;                   6019  7       0       000   058503587070    00     204      0              000000000000000000000000000000000     0     0 0     
       13306538 646414416 5627  011084  09206031616          78        1772         18509206031617      2 3 0274317XFINTR;                   6019 12       0       000   058539586380    00      99      0              000000000000000000000000000000000     0     0 0     
       13309370 646414416 5627  011084  09206031618         586       30815        314019206031637     19 3 0274317XFINTR;                   6019 10       0       000   058678598470    00    1169      0              000000000000000000000000000000000     0     0 0     
       13311006 646415316 5627  011084  09206031619         148        6442         65909206031623      3 3 0274317XFINTR;                   6019 16       0       000   058758589510    00     193      0              000000000000000000000000000000000     0     0 0     
       13326204 646417316 5627  011084  09206031632         312       26061        263739206031645     13 3 0274317XFINTR;                   6019 32       0       000   059521602730    00     752      0              000000000000000000000000000000000     0     0 0     
       13330589 646416616 5627  011084  09206031636         305       33758        340639206031705     30 3 0274317XFINTR;                   6019 21       0       000   059734615040    00    1770      0              000000000000000000000000000000000     0     0 0     
       13357483 646415616 5627  011084  09206031659          73        1531         16049206031700      2 3 0274317XFINTR;                   6019 15       0       000   061112612210    00     109      0              000000000000000000000000000000000     0     0 0     
       13360786 646416416 5627  011084  09206031701         269       28407        286769206031714     13 3 0274317XFINTR;                   6019  7       0       000   061278620390    00     761      0              000000000000000000000000000000000     0     0 0     
       13415067 646416516 5627  011084  09206031747          83        1604         16879206031756      9 2 0274317XFINTR;                   6019 22       0       000   064029645610    00     532      0              000000000000000000000000000000000     0     0 0     
       13423988 646416216 5627  011084  09206031755         191        2509         27009206031801      7 3 0274317XFINTR;                   6019 27       0       000   064473648660    00     393      0              000000000000000000000000000000000     0     0 0     
       13427100 646414116 5627  011084  09206031757         455       48171        486269206031856     58 3 0274317XFINTR;                   6019  1       0       000   064630681380    00    3508      0              000000000000000000000000000000000     0     0 0     
       13429893 646416516 5627  011084  09206031759         397       45271        456689206031817     17 3 0274317XFINTR;                   6019 16       0       000   064765657970    00    1032      0              000000000000000000000000000000000     0     0 0     
       13430680 646417316 5627  011084  09206031760          76        1554         16309206031804      5 3 0274317XFINTR;                   6019 22       0       000   064799650690    00     270      0              000000000000000000000000000000000     0     0 0     
       13433647 646416216 5627  011084  09206031802         494       51225        517199206031823     20 3 0274317XFINTR;                   6019 33       0       000   064932661540    00    1222      0              000000000000000000000000000000000     0     0 0     
       13437988 646415216 5627  011084  09206031806         107        1499         16069206031819     13 3 0274317XFINTR;                   6019 15       0       000   065138659430    00     805      0              000000000000000000000000000000000     0     0 0     
       13448321 646414616 5627  011084  09206031814          88        7294         73829206031820      6 3 0274317XFINTR;                   6019  4       0       000   065623659700    00     347      0              000000000000000000000000000000000     0     0 0     
       13456226 646417416 5627  011084  09206031820          45        1187         12329206031825      5 3 0274317XFINTR;                   6019 30       0       000   066003663150    00     312      0              000000000000000000000000000000000     0     0 0     
       13474697 646415016 5627  011084  09206031834          43        1186         12299206031835      1 3 0274317XFINTR;                   6019 20       0       000   066866669060    00      40      0              000000000000000000000000000000000     0     0 0     
       13476046 646414416 5627  011084  09206031836         144        9819         99639206031843      7 3 0274317XFINTR;                   6019  0       0       000   066934673500    00     416      0              000000000000000000000000000000000     0     0 0     
       13477038 646416316 5627  011084  09206031836         713       75206        759199206031907     31 3 0274317XFINTR;                   6019 20       0       000   066982688170    00    1835      0              000000000000000000000000000000000     0     0 0     
       13493153 646416716 5627  011084  09206031849         515       66395        669109206031927     38 2 0274317XFINTR;                   6019 26       0       000   067752700360    00    2284      0              000000000000000000000000000000000     0     0 0     
       13508743 646416516 5627  011084  09206031902          25        1031         10569206031903      1 3 0274317XFINTR;                   6019  5       0       000   068500685630    00      63      0              000000000000000000000000000000000     0     0 0     
       13510998 646416516 5627  011084  09206031904         206       25045        252519206031915     12 3 0274317XFINTR;                   6019  5       0       000   068613693060    00     693      0              000000000000000000000000000000000     0     0 0     
       13531015 646414116 5627  011084  09206031920         535       26535        270709206031945     26 3 0274317XFINTR;                   6019  0       0       000   069578711180    00    1540      0              000000000000000000000000000000000     0     0 0     
       13544241 646416216 5627  011084  09206031930         153       11541        116949206031938      7 3 0274317XFINTR;                   6019 20       0       000   070223706600    00     437      0              000000000000000000000000000000000     0     0 0     
       13547172 646416016 5627  011084  09206031933         131        9220         93519206031936      4 3 0274317XFINTR;                   6019  2       0       000   070364705750    00     211      0              000000000000000000000000000000000     0     0 0     
       13552736 646414516 5627  011084  09206031937         132        5392         55249206031941      4 3 0274317XFINTR;                   6019  1       0       000   070637708520    00     215      0              000000000000000000000000000000000     0     0 0     
       13553902 646416016 5627  011084  09206031938         178       24728        249069206031956     18 3 0274317XFINTR;                   6019 11       0       000   070694717720    00    1078      0              000000000000000000000000000000000     0     0 0     
       13562507 646414616 5627  011084  09206031945         115       14480        145959206031953      8 3 0274317XFINTR;                   6019  5       0       000   071103715730    00     470      0              000000000000000000000000000000000     0     0 0     
       13579519 646415016 5627  011084  09206031959         433       20233        206669206032009     10 3 0274317XFINTR;                   6019  4       0       000   071925725260    00     601      0              000000000000000000000000000000000     0     0 0     
       13579726 646414616 5627  011084  09206031959          79        3245         33249206032001      2 3 0274317XFINTR;                   6019  3       0       000   071936720490    00     113      0              000000000000000000000000000000000     0     0 0     
       13583411 646414416 5627  011084  09206032002         102        1673         17759206032004      2 3 0274317XFINTR;                   6019  3       0       000   072107722420    00     135      0              000000000000000000000000000000000     0     0 0     
       13587706 646415516 5627  011084  09206032005         148       11384        115329206032014      8 3 0274317XFINTR;                   6019 15       0       000   072312728110    00     499      0              000000000000000000000000000000000     0     0 0     
       13599604 646414116 5627  011084  09206032015         198       17708        179069206032022      8 3 0274317XFINTR;                   6019  1       0       000   072877733360    00     459      0              000000000000000000000000000000000     0     0 0     
       13606748 646415316 5627  011084  09206032020         110       15383        154939206032028      7 3 0274317XFINTR;                   6019 11       0       000   073215736590    00     444      0              000000000000000000000000000000000     0     0 0     
       13618719 646415316 5627  011084  09206032030          59        1383         14429206032031      2 3 0274317XFINTR;                   6019  6       0       000   073780738880    00     108      0              000000000000000000000000000000000     0     0 0     
       13622302 646415316 5627  011084  09206032032         939       40560        414999206032108     36 2 0274317XFINTR;                   6019  6       0       000   073940760860    00    2146      0              000000000000000000000000000000000     0     0 0     
        4430629 646415416 5627  011084  0920604 101          47        1188         1235920604 103      1 3 0274317XFINTR;                   6019 12       0       000   0 3665 37530    00      88      0              000000000000000000000000000000000     0     0 0     
        4432415 646414416 5627  011084  0920604 103        1181      105599       106780920604 218     75 3 0274317XFINTR;                   6019  4       0       000   0 3801 82770    00    4476      0              000000000000000000000000000000000     0     0 0     
        4517687 646414316 5627  011084  0920604 318         101        1778         1879920604 323      4 3 0274317XFINTR;                   6019  2       0       000   011909121550    00     246      0              000000000000000000000000000000000     0     0 0     
        4520203 646414116 5627  011084  0920604 323         243       16839        17082920604 334     11 3 0274317XFINTR;                   6019  0       0       000   012202128510    00     649      0              000000000000000000000000000000000     0     0 0     
        5815508 646414416 5627  011084  09206041118         360       15875        162359206041132     13 3 0274317XFINTR;                   6019  3       0       000   040704415030    00     799      0              000000000000000000000000000000000     0     0 0     
        5829638 646415016 5627  011084  09206041140         217       23310        235279206041154     14 3 0274317XFINTR;                   6019  6       0       000   042016428490    00     833      0              000000000000000000000000000000000     0     0 0     
        5838437 646415116 5627  011084  09206041152         456        3064         35209206041243     50 3 0274317XFINTR;                   6019  4       0       000   042744457520    00    3008      0              000000000000000000000000000000000     0     0 0     
        5839749 646415516 5627  011084  09206041154         115        7524         76399206041158      4 3 0274317XFINTR;                   6019 13       0       000   042844431010    00     257      0              000000000000000000000000000000000     0     0 0     
        5860643 646416016 5627  011084  09206041216         233       33732        339659206041235     20 3 0274317XFINTR;                   6019 14       0       000   044136453220    00    1186      0              000000000000000000000000000000000     0     0 0     
        5865683 646414316 5627  011084  09206041220         432       37721        381539206041240     20 3 0274317XFINTR;                   6019  3       0       000   044428456180    00    1190      0              000000000000000000000000000000000     0     0 0     
        5871149 646415416 5627  011084  09206041226         219       13169        133889206041233      7 2 0274317XFINTR;                   6019 10       0       000   044742451850    00     443      0              000000000000000000000000000000000     0     0 0     
        5871760 646416316 5627  011084  09206041226         123        4816         49399206041230      3 3 0274317XFINTR;                   6019 17       0       000   044778449740    00     196      0              000000000000000000000000000000000     0     0 0     
        5879694 646415416 5627  011084  09206041234         434       28140        285749206041246     13 3 0274317XFINTR;                   6019 22       0       000   045210459750    00     765      0              000000000000000000000000000000000     0     0 0     
        5891036 646415316 5627  011084  09206041243          81        1437         15189206041246      2 3 0274317XFINTR;                   6019  4       0       000   045807459500    00     143      0              000000000000000000000000000000000     0     0 0     
        5908944 646414316 5627  011084  09206041259         525       41741        422669206041329     30 3 0274317XFINTR;                   6019  4       0       000   046727485330    00    1806      0              000000000000000000000000000000000     0     0 0     
        5908963 646415116 5627  011084  09206041259          91        2606         26979206041304      5 3 0274317XFINTR;                   6019 15       0       000   046728470160    00     288      0              000000000000000000000000000000000     0     0 0     
        5917348 646415116 5627  011084  09206041305         329       19706        200359206041328     23 3 0274317XFINTR;                   6019 15       0       000   047124484980    00    1374      0              000000000000000000000000000000000     0     0 0     
        5928193 646415216 5627  011084  09206041314          84        7928         80129206041323      9 3 0274317XFINTR;                   6019  7       0       000   047621481570    00     536      0              000000000000000000000000000000000     0     0 0     
        5939235 646417016 5627  011084  09206041323          65        1658         17239206041325      2 3 0274317XFINTR;                   6019 34       0       000   048154482700    00     116      0              000000000000000000000000000000000     0     0 0     
        5941973 646416716 5627  011084  09206041325         322       27265        275879206041349     24 3 0274317XFINTR;                   6019  7       0       000   048286497430    00    1457      0              000000000000000000000000000000000     0     0 0     
        5943497 646414616 5627  011084  09206041326         116        1680         17969206041329      3 3 0274317XFINTR;                   6019  5       0       000   048359485290    00     170      0              000000000000000000000000000000000     0     0 0     
        5946522 646417116 5627  011084  09206041328          77        3508         35859206041330      2 3 0274317XFINTR;                   6019 26       0       000   048507486200    00     113      0              000000000000000000000000000000000     0     0 0     
        5946744 646415116 5627  011084  09206041329          22        1032         10549206041340     12 3 0274317XFINTR;                   6019 35       0       000   048518492220    00     704      0              000000000000000000000000000000000     0     0 0     
        5947918 646416616 5627  011084  09206041330          64        1624         16889206041331      1 2 0274317XFINTR;                   6019  5       0       000   048577486610    00      84      0              000000000000000000000000000000000     0     0 0     
        5960784 646417416 5627  011084  09206041340          67        1298         13659206041344      5 3 0274317XFINTR;                   6019 11       0       000   049189494650    00     276      0              000000000000000000000000000000000     0     0 0     
        5963176 646415116 5627  011084  09206041342          26        1188         12149206041456     74 2 0274317XFINTR;                   6019 23       0       000   049301537590    00    4458      0              000000000000000000000000000000000     0     0 0     
        5963516 646415516 5627  011084  09206041342         504       30702        312069206041409     27 3 0274317XFINTR;                   6019 27       0       000   049317509550    00    1638      0              000000000000000000000000000000000     0     0 0     
        5964653 646417016 5627  011084  09206041343         290       34531        348219206041412     29 3 0274317XFINTR;                   6019 14       0       000   049370510920    00    1722      0              000000000000000000000000000000000     0     0 0     
        5966133 646420316 5627  011084  09206041344         256       19217        194739206041355     11 3 0274317XFINTR;                   6019 41       0       000   049437500700    00     633      0              000000000000000000000000000000000     0     0 0     
        5970341 646415216 5627  011084  09206041347          86        2759         28459206041350      3 3 0274317XFINTR;                   6019 25       0       000   049626497860    00     160      0              000000000000000000000000000000000     0     0 0     
        5974994 646414216 5627  011084  09206041351          99        6329         64289206041353      3 3 0274317XFINTR;                   6019  2       0       000   049834500000    00     166      0              000000000000000000000000000000000     0     0 0     
        5979499 646416316 5627  011084  09206041354          46        1246         12929206041356      2 3 0274317XFINTR;                   6019 24       0       000   050046501510    00     105      0              000000000000000000000000000000000     0     0 0     
        5982794 646416316 5627  011084  09206041357         118        7756         78749206041400      4 2 0274317XFINTR;                   6019 24       0       000   050198504200    00     222      0              000000000000000000000000000000000     0     0 0     
        5990307 646414216 5627  011084  09206041402         206       17013        172199206041411      9 3 0274317XFINTR;                   6019 11       0       000   050524510810    00     557      0              000000000000000000000000000000000     0     0 0     
        6027004 646415616 5627  011084  09206041428         394       20020        204149206041445     17 3 0274317XFINTR;                   6019 10       0       000   052093531160    00    1023      0              000000000000000000000000000000000     0     0 0     
        6039075 646417716 5627  011084  09206041437         138        1644         17829206041442      6 3 0274317XFINTR;                   6019 33       0       000   052608529380    00     330      0              000000000000000000000000000000000     0     0 0     
        6048130 646415216 5627  011084  09206041443         662       50410        510729206041513     30 3 0274317XFINTR;                   6019  2       0       000   053000548010    00    1801      0              000000000000000000000000000000000     0     0 0     
        6051783 646415612 5627  011084  09206041446         455        3272         37279206041449      4 3 0274317XFINTR;                   6019 10       0       000   053157533690    00     212      0              000000000000000000000000000000000     0     0 0     
        6063703 646417016 5627  011084  09206041455         123        8804         89279206041501      6 3 0274317XFINTR;                   6019 27       0       000   053683540380    00     355      0              000000000000000000000000000000000     0     0 0     
        6065880 646417116 5627  011084  09206041456         435       51436        518719206041529     33 3 0274317XFINTR;                   6019 31       0       000   053777557650    00    1988      0              000000000000000000000000000000000     0     0 0     
        6075953 646415116 5627  011084  09206041503         470       72944        734149206041532     29 3 0274317XFINTR;                   6019 23       0       000   054188559490    00    1761      0              000000000000000000000000000000000     0     0 0     
        6087728 646414216 5627  011084  09206041511         514       25460        259749206041522     11 3 0274317XFINTR;                   6019  7       0       000   054678553380    00     660      0              000000000000000000000000000000000     0     0 0     
        6101608 646416016 5627  011084  09206041521         100        2121         22219206041525      4 2 0274317XFINTR;                   6019 16       0       000   055256555130    00     257      0              000000000000000000000000000000000     0     0 0     
        6104504 646416116 5627  011084  09206041523         469       39401        398709206041555     32 3 0274317XFINTR;                   6019  7       0       000   055380572800    00    1900      0              000000000000000000000000000000000     0     0 0     
        6106968 646417316 5627  011084  09206041525         178       21607        217859206041536     12 3 0274317XFINTR;                   6019 27       0       000   055484561870    00     703      0              000000000000000000000000000000000     0     0 0     
        6108706 646415216 5627  011084  09206041526         190       12620        128109206041531      5 3 0274317XFINTR;                   6019 16       0       000   055562558880    00     326      0              000000000000000000000000000000000     0     0 0     
        6124754 646416516 5627  011084  09206041537         404       28971        293759206041557     20 3 0274317XFINTR;                   6019 23       0       000   056234574100    00    1176      0              000000000000000000000000000000000     0     0 0     
        6138925 646415016 5627  011084  09206041548         598       39634        402329206041607     19 3 0274317XFINTR;                   6019 17       0       000   056861579970    00    1136      0              000000000000000000000000000000000     0     0 0     
        6143945 646416716 5627  011084  09206041552          94        6687         67819206041605     14 3 0274317XFINTR;                   6019 27       0       000   057095579140    00     819      0              000000000000000000000000000000000     0     0 0     
        6214573 646414216 5627  011084  09206041649         281       25659        259409206041704     14 3 0274317XFINTR;                   6019  2       0       000   060564614160    00     852      0              000000000000000000000000000000000     0     0 0     
        6222353 646416016 5627  011084  09206041656         606       44970        455769206041725     29 3 0274317XFINTR;                   6019 20       0       000   060969626990    00    1730      0              000000000000000000000000000000000     0     0 0     
        6229387 646416316 5627  011084  09206041702         201       18750        189519206041710      7 3 0274317XFINTR;                   6019  5       0       000   061341617780    00     437      0              000000000000000000000000000000000     0     0 0     
        6230384 646415016 5627  011084  09206041703         269       16777        170469206041711      8 3 0274317XFINTR;                   6019 27       0       000   061392618540    00     462      0              000000000000000000000000000000000     0     0 0     
        6232122 646416716 5627  011084  09206041705         158       21471        216299206041721     16 3 0274317XFINTR;                   6019 23       0       000   061485624590    00     974      0              000000000000000000000000000000000     0     0 0     
        6238125 646414516 5627  011084  09206041710         191       26360        265519206041720     10 2 0274317XFINTR;                   6019 30       0       000   061790623880    00     598      0              000000000000000000000000000000000     0     0 0     
        6249260 646417016 5627  011084  09206041719         327       37101        374289206041737     18 3 0274317XFINTR;                   6019 11       0       000   062356634370    00    1081      0              000000000000000000000000000000000     0     0 0     
        6289004 646417116 5627  011084  09206041753         889       59961        608509206041841     48 3 0274317XFINTR;                   6019 27       0       000   064365672380    00    2873      0              000000000000000000000000000000000     0     0 0     
       13649678 646417016 5627  011084  09206041809         349       25513        258629206041830     21 3 0274317XFINTR;                   6019 23       0       000   065352666290    00    1277      0              000000000000000000000000000000000     0     0 0     
       13659472 646416416 5627  011084  09206041817         388       44721        451099206041833     16 3 0274317XFINTR;                   6019 35       0       000   065814667920    00     978      0              000000000000000000000000000000000     0     0 0     
       13664362 646416016 5627  011084  09206041821         292       19844        201369206041835     14 3 0274317XFINTR;                   6019 32       0       000   066046668920    00     846      0              000000000000000000000000000000000     0     0 0     
       13672285 646415216 5627  011084  09206041827         696       49244        499409206041851     24 3 0274317XFINTR;                   6019 33       0       000   066423678740    00    1451      0              000000000000000000000000000000000     0     0 0     
       13685821 646416316 5627  011084  09206041838         151       10634        107859206041846      8 3 0274317XFINTR;                   6019 17       0       000   067093675560    00     463      0              000000000000000000000000000000000     0     0 0     
       13690303 646416416 5627  011084  09206041842         122        6447         65699206041847      5 3 0274317XFINTR;                   6019  6       0       000   067313676410    00     328      0              000000000000000000000000000000000     0     0 0     
       13694133 646415316 5627  011084  09206041845         433       24564        249979206041858     13 3 0274317XFINTR;                   6019 32       0       000   067501682530    00     752      0              000000000000000000000000000000000     0     0 0     
       13729837 646416316 5627  011084  09206041914         454       41354        418089206041943     29 3 0274317XFINTR;                   6019 23       0       000   069222709840    00    1762      0              000000000000000000000000000000000     0     0 0     
       13756930 646415116 5627  011084  09206041935          94        1699         17939206041937      2 3 0274317XFINTR;                   6019 15       0       000   070502706380    00     136      0              000000000000000000000000000000000     0     0 0     
       13760282 646415116 5627  011084  09206041938           2         281          2839206041938      0 2 0274317XFINTR;                   6019 40       0       000   070662706680    00       6      0              000000000000000000000000000000000     0     0 0     
       13761011 646420216 5627  011084  09206041938         290       18692        189829206041948     10 3 0274317XFINTR;                   6019 15       0       000   070696713080    00     612      0              000000000000000000000000000000000     0     0 0     
       13763261 646415116 5627  011084  09206041940          87        1457         15449206041943      3 3 0274317XFINTR;                   6019 40       0       000   070805709590    00     154      0              000000000000000000000000000000000     0     0 0     
       13766254 646417716 5627  011084  09206041942          81        1467         15489206041945      2 3 0274317XFINTR;                   6019 32       0       000   070949710830    00     134      0              000000000000000000000000000000000     0     0 0     
       13770008 646416316 5627  011084  09206041945         355       32320        326759206042017     31 3 0274317XFINTR;                   6019  6       0       000   071126730030    00    1877      0              000000000000000000000000000000000     0     0 0     
       13770595 646417716 5627  011084  09206041946         313       30526        308399206041957     12 3 0274317XFINTR;                   6019 32       0       000   071152718450    00     693      0              000000000000000000000000000000000     0     0 0     
       13775034 646420016 5627  011084  09206041949         398       30754        311529206042008     19 3 0274317XFINTR;                   6019 33       0       000   071360725090    00    1149      0              000000000000000000000000000000000     0     0 0     
       13775812 646420316 5627  011084  09206041950         127        8167         82949206041954      4 3 0274317XFINTR;                   6019 41       0       000   071393716620    00     269      0              000000000000000000000000000000000     0     0 0     
       13777473 646417616 5627  011084  09206041951          32        1049         10819206041952      0 3 0274317XFINTR;                   6019 36       0       000   071471714910    00      20      0              000000000000000000000000000000000     0     0 0     
       13798647 646417016 5627  011084  09206042008         115       11255        113709206042051     44 3 0274317XFINTR;                   6019  3       0       000   072467750880    00    2621      0              000000000000000000000000000000000     0     0 0     
       13803169 646417516 5627  011084  09206042011          62        1303         13659206042013      2 2 0274317XFINTR;                   6019 32       0       000   072676727880    00     112      0              000000000000000000000000000000000     0     0 0     
       13806889 646415116 5627  011084  09206042014         268        1316         15849206042019      5 3 0274317XFINTR;                   6019 33       0       000   072855731650    00     310      0              000000000000000000000000000000000     0     0 0     
       13812531 646417216 5627  011084  09206042019          92        3092         31849206042021      3 3 0274317XFINTR;                   6019 23       0       000   073135732870    00     152      0              000000000000000000000000000000000     0     0 0     
       13814840 646414316 5627  011084  09206042021         279       18834        191139206042031     10 2 0274317XFINTR;                   6019  4       0       000   073245738730    00     628      0              000000000000000000000000000000000     0     0 0     
       13817069 646417216 5627  011084  09206042023         283       21196        214799206042041     19 3 0274317XFINTR;                   6019 23       0       000   073350744880    00    1138      0              000000000000000000000000000000000     0     0 0     
       13825080 646420116 5627  011084  09206042029         404       49565        499699206042050     21 3 0274317XFINTR;                   6019 27       0       000   073739749710    00    1232      0              000000000000000000000000000000000     0     0 0     
       13838593 646414316 5627  011084  09206042040         277       21861        221389206042047      7 3 0274317XFINTR;                   6019  0       0       000   074391748290    00     438      0              000000000000000000000000000000000     0     0 0     
       13866130 646414116 5627  011084  09206042104          82        1428         15109206042106      2 3 0274317XFINTR;                   6019  3       0       000   075830759560    00     126      0              000000000000000000000000000000000     0     0 0     
       13874821 646414216 5627  011084  09206042112         174       25522        256969206042129     18 3 0274317XFINTR;                   6019  2       0       000   076296773630    00    1067      0              000000000000000000000000000000000     0     0 0     
       13877156 646414116 5627  011084  09206042114         262       24588        248509206042125     11 3 0274317XFINTR;                   6019  5       0       000   076426770820    00     656      0              000000000000000000000000000000000     0     0 0     
       13882441 646414516 5627  011084  09206042119           2         281          2839206042119      0 2 0274317XFINTR;                   6019  3       0       000   076715767250    00      10      0              000000000000000000000000000000000     0     0 0     
       13885117 646414516 5627  011084  09206042121         184        8898         90829206042125      4 3 0274317XFINTR;                   6019  3       0       000   076864771080    00     244      0              000000000000000000000000000000000     0     0 0     
       13949038 646414216 5627  011084  09206042228         528       44410        449389206042301     33 3 0274317XFINTR;                   6019  0       0       000   080897828510    00    1954      0              000000000000000000000000000000000     0     0 0     
       13952349 646415316 5627  011084  09206042232          79        1416         14959206042234      3 3 0274317XFINTR;                   6019 11       0       000   081112812660    00     154      0              000000000000000000000000000000000     0     0 0     
       13960186 646414416 5627  011084  09206042241          80        1418         14989206042243      2 3 0274317XFINTR;                   6019  3       0       000   081668818040    00     136      0              000000000000000000000000000000000     0     0 0     
        4673310 646414316 5627  011084  09206051104         208       14653        148619206051110      6 3 0274317XFINTR;                   6019  0       0       000   039826401830    00     357      0              000000000000000000000000000000000     0     0 0     
        4697098 646414216 5627  011084  09206051145         369       47545        479149206051159     14 3 0274317XFINTR;                   6019  2       0       000   042310431670    00     857      0              000000000000000000000000000000000     0     0 0     
        4698397 765615416 5627  011084  09206051147         144       14675        148199206051154      7 3 0274317XFINTR;                   1029  1       0       000   042430428440    00     414      0              000000000000000000000000000000000     0     0 0     
        4705240 646415416 5627  011084  09206051157         111        6831         69429206051159      2 3 0274317XFINTR;                   6019 12       0       000   043000431360    00     136      0              000000000000000000000000000000000     0     0 0     
        4707441 646415116 5627  011084  09206051159         106        9661         97679206051207      7 2 0274317XFINTR;                   6019  6       0       000   043163436040    00     441      0              000000000000000000000000000000000     0     0 0     
        4741139 646416516 5627  011084  09206051234          81        1419         15009206051238      4 3 0274317XFINTR;                   6019 24       0       000   045269455080    00     239      0              000000000000000000000000000000000     0     0 0     
        4742723 646414316 5627  011084  09206051236         237       24962        251999206051246     10 3 0274317XFINTR;                   6019 22       0       000   045359459320    00     573      0              000000000000000000000000000000000     0     0 0     
        4746495 646417116 5627  011084  09206051240          52        1187         12399206051241      1 3 0274317XFINTR;                   6019 24       0       000   045575456410    00      66      0              000000000000000000000000000000000     0     0 0     
        4774229 646416616 5627  011084  09206051305          86        1330         14169206051308      3 3 0274317XFINTR;                   6019 25       0       000   047109473040    00     195      0              000000000000000000000000000000000     0     0 0     
        4779532 646414616 5627  011084  09206051309         379       32566        329459206051337     27 3 0274317XFINTR;                   6019  6       0       000   047367489970    00    1630      0              000000000000000000000000000000000     0     0 0     
        4796022 646416016 5627  011084  09206051324         217       26684        269019206051344     21 3 0274317XFINTR;                   6019 16       0       000   048218494540    00    1236      0              000000000000000000000000000000000     0     0 0     
        4811838 646414616 5627  011084  09206051337         103        1911         20149206051340      3 3 0274317XFINTR;                   6019  7       0       000   049019491820    00     163      0              000000000000000000000000000000000     0     0 0     
        4816141 646414516 5627  011084  09206051341           2         281          2839206051341      0 2 0274317XFINTR;                   6019  7       0       000   049239492490    00      10      0              000000000000000000000000000000000     0     0 0     
        4818161 646415616 5627  011084  09206051342         486       38022        385089206051405     22 3 0274317XFINTR;                   6019 22       0       000   049339506830    00    1344      0              000000000000000000000000000000000     0     0 0     
        4818199 646414116 5627  011084  09206051342         355       38309        386649206051356     13 3 0274317XFINTR;                   6019  7       0       000   049341501400    00     799      0              000000000000000000000000000000000     0     0 0     
        4823182 646415416 5627  011084  09206051347          84        4905         49899206051349      2 3 0274317XFINTR;                   6019  5       0       000   049590497280    00     138      0              000000000000000000000000000000000     0     0 0     
        4853455 646414116 5627  011084  09206051411         106       12380        124869206051417      6 3 0274317XFINTR;                   6019  6       0       000   051039514240    00     385      0              000000000000000000000000000000000     0     0 0     
        4864940 646415616 5627  011084  09206051419          66        1797         18639206051422      3 3 0274317XFINTR;                   6019 11       0       000   051560517300    00     170      0              000000000000000000000000000000000     0     0 0     
        4869606 646415416 5627  011084  09206051423         275       31902        321779206051456     33 3 0274317XFINTR;                   6019  7       0       000   051781537670    00    1986      0              000000000000000000000000000000000     0     0 0     
        4884705 646416516 5627  011084  09206051435         210       12508        127189206051441      6 3 0274317XFINTR;                   6019 26       0       000   052483528710    00     388      0              000000000000000000000000000000000     0     0 0     
        4890531 646414616 5627  011084  09206051439         619       47305        479249206051520     41 3 0274317XFINTR;                   6019  4       0       000   052744551900    00    2446      0              000000000000000000000000000000000     0     0 0     
        4891274 646416016 5627  011084  09206051440         618       32776        333949206051456     17 3 0274317XFINTR;                   6019 13       0       000   052777537730    00     996      0              000000000000000000000000000000000     0     0 0     
        4897491 765515716 5627  011084  09206051444         219       26478        266979206051457     12 3 0274317XFINTR;                   9623 32       0       000   053060537920    00     732      0              000000000000000000000000000000000     0     0 0     
        4921169 646414116 5627  011084  09206051502         576       48430        490069206051522     20 3 0274317XFINTR;                   6019 10       0       000   054119553110    00    1192      0              000000000000000000000000000000000     0     0 0     
        4924865 646415216 5627  011084  09206051505         403       17924        183279206051518     13 3 0274317XFINTR;                   6019 12       0       000   054288550550    00     767      0              000000000000000000000000000000000     0     0 0     
        4929671 646417416 5627  011084  09206051508         247       35766        360139206051523     15 3 0274317XFINTR;                   6019 40       0       000   054487553910    00     904      0              000000000000000000000000000000000     0     0 0     
        4933931 646416116 5627  011084  09206051511         339       32896        332359206051531     20 3 0274317XFINTR;                   6019 25       0       000   054679558710    00    1192      0              000000000000000000000000000000000     0     0 0     
        4936753 646420016 5627  011084  09206051513         414       11738        121529206051520      7 3 0274317XFINTR;                   6019 32       0       000   054809552280    00     419      0              000000000000000000000000000000000     0     0 0     
        4946626 646416516 5627  011084  09206051521         272       15565        158379206051530     10 3 0274317XFINTR;                   6019 23       0       000   055241558230    00     582      0              000000000000000000000000000000000     0     0 0     
        4948454 646414116 5627  011084  09206051522         108        5042         51509206051525      3 3 0274317XFINTR;                   6019 11       0       000   055319554740    00     155      0              000000000000000000000000000000000     0     0 0     
        4970950 646417016 5627  011084  09206051539         178       17251        174299206051547      8 3 0274317XFINTR;                   6019 26       0       000   056324567930    00     469      0              000000000000000000000000000000000     0     0 0     
        4988148 646416516 5627  011084  09206051552         176       23675        238519206051559      8 3 0274317XFINTR;                   6019 13       0       000   057106575670    00     461      0              000000000000000000000000000000000     0     0 0     
        4991531 646417016 5627  011084  09206051554         237       14794        150319206051601      7 3 0274317XFINTR;                   6019 23       0       000   057260576680    00     408      0              000000000000000000000000000000000     0     0 0     
        5014659 646416416 5627  011084  09206051613         194       22775        229699206051620      7 3 0274317XFINTR;                   6019  6       0       000   058391588270    00     436      0              000000000000000000000000000000000     0     0 0     
        5018134 646415116 5627  011084  09206051616         856       42927        437839206051649     33 3 0274317XFINTR;                   6019 10       0       000   058571605390    00    1968      0              000000000000000000000000000000000     0     0 0     
        5026940 646415216 5627  011084  09206051624         243       16374        166179206051647     23 3 0274317XFINTR;                   6019  6       0       000   059040604240    00    1384      0              000000000000000000000000000000000     0     0 0     
        5038187 646414516 5627  011084  09206051634         137        8993         91309206051645     11 3 0274317XFINTR;                   6019  7       0       000   059632602870    00     655      0              000000000000000000000000000000000     0     0 0     
        5047279 646414616 5627  011084  09206051642         167       16146        163139206051650      8 3 0274317XFINTR;                   6019 22       0       000   060132606120    00     480      0              000000000000000000000000000000000     0     0 0     
        5057863 646414616 5627  011084  09206051652         454       37450        379049206051714     22 3 0274317XFINTR;                   6019  2       0       000   060703620500    00    1347      0              000000000000000000000000000000000     0     0 0     
        5066863 765517016 5627  011084  09206051660         315       26313        266289206051713     13 3 0274317XFINTR;                   9623 57       0       000   061176619520    00     776      0              000000000000000000000000000000000     0     0 0     
        5083947 646416216 5627  011084  09206051714         285       12845        131309206051723      8 3 0274317XFINTR;                   6019  7       0       000   062061625560    00     495      0              000000000000000000000000000000000     0     0 0     
        5091254 646416316 5627  011084  09206051721         291       33880        341719206051735     14 3 0274317XFINTR;                   6019 13       0       000   062460632930    00     833      0              000000000000000000000000000000000     0     0 0     
        5099508 646416616 5627  011084  09206051728         284       17394        176789206051736      8 3 0274317XFINTR;                   6019 22       0       000   062898633590    00     461      0              000000000000000000000000000000000     0     0 0     
        5115570 646415716 5627  011084  09206051742         492       34686        351789206051759     17 3 0274317XFINTR;                   6019 13       0       000   063725647250    00    1000      0              000000000000000000000000000000000     0     0 0     
        5134582 646415616 5627  011084  09206051758         142        9909        100519206051803      6 3 0274317XFINTR;                   6019 14       0       000   064658650000    00     342      0              000000000000000000000000000000000     0     0 0     
        5140032 646416116 5627  011084  09206051802         129       13840        139699206051827     25 3 0274317XFINTR;                   6019 13       0       000   064921664380    00    1517      0              000000000000000000000000000000000     0     0 0     
        5140061 646416216 5627  011084  09206051802         326       14620        149469206051827     25 3 0274317XFINTR;                   6019 16       0       000   064922664310    00    1509      0              000000000000000000000000000000000     0     0 0     
        5140082 646416316 5627  011084  09206051802         121       15978        160999206051826     24 3 0274317XFINTR;                   6019 20       0       000   064923663350    00    1412      0              000000000000000000000000000000000     0     0 0     
        5140085 646416416 5627  011084  09206051802         267        7509         77769206051851     49 3 0274317XFINTR;                   6019 17       0       000   064923678600    00    2937      0              000000000000000000000000000000000     0     0 0     
        5140143 646416516 5627  011084  09206051802         412       47351        477639206051826     24 3 0274317XFINTR;                   6019 21       0       000   064926663530    00    1427      0              000000000000000000000000000000000     0     0 0     
        5154586 646417316 5627  011084  09206051813         183       19281        194649206051824     10 3 0274317XFINTR;                   6019 30       0       000   065609662380    00     629      0              000000000000000000000000000000000     0     0 0     
        5170673 646415616 5627  011084  09206051826         121        3918         40399206051833      6 3 0274317XFINTR;                   6019  1       0       000   066389667770    00     388      0              000000000000000000000000000000000     0     0 0     
        5172464 646416016 5627  011084  09206051828         120       11640        117609206051835      7 3 0274317XFINTR;                   6019  7       0       000   066476669110    00     435      0              000000000000000000000000000000000     0     0 0     
        5172827 646416116 5627  011084  09206051828          47        1383         14309206051830      2 3 0274317XFINTR;                   6019 13       0       000   066494666110    00     117      0              000000000000000000000000000000000     0     0 0     
        5173021 646416216 5627  011084  09206051828          42        1176         12189206051830      2 3 0274317XFINTR;                   6019 16       0       000   066502666240    00     122      0              000000000000000000000000000000000     0     0 0     
        5176298 646416116 5627  011084  09206051831         529       26042        265719206051847     16 3 0274317XFINTR;                   6019 16       0       000   066659676080    00     949      0              000000000000000000000000000000000     0     0 0     
        5176590 646414616 5627  011084  09206051831         114        5351         54659206051836      4 3 0274317XFINTR;                   6019  4       0       000   066673669370    00     264      0              000000000000000000000000000000000     0     0 0     
        5177208 646416216 5627  011084  09206051832          84        2514         25989206051835      3 3 0274317XFINTR;                   6019 10       0       000   066703669080    00     205      0              000000000000000000000000000000000     0     0 0     
        5179712 646414416 5627  011084  09206051834         379       28285        286649206051905     31 3 0274317XFINTR;                   6019  1       0       000   066825687100    00    1885      0              000000000000000000000000000000000     0     0 0     
        5182299 646416016 5627  011084  09206051836          54        1270         13249206051855     19 3 0274317XFINTR;                   6019 10       0       000   066956681070    00    1151      0              000000000000000000000000000000000     0     0 0     
        5182474 646414616 5627  011084  09206051836         114        5850         59649206051839      3 3 0274317XFINTR;                   6019  7       0       000   066966671340    00     168      0              000000000000000000000000000000000     0     0 0     
        5182912 646416216 5627  011084  09206051836         120        7561         76819206051849     12 3 0274317XFINTR;                   6019  4       0       000   066989677130    00     724      0              000000000000000000000000000000000     0     0 0     
        5186561 646415416 5627  011084  09206051840         230       15037        152679206051846      6 3 0274317XFINTR;                   6019 14       0       000   067173675410    00     368      0              000000000000000000000000000000000     0     0 0     
        5197324 646414616 5627  011084  09206051849         254       20355        206099206051857      8 3 0274317XFINTR;                   6019  6       0       000   067711682000    00     489      0              000000000000000000000000000000000     0     0 0     
        5208636 646415316 5627  011084  09206051858         222       21465        216879206051908     10 2 0274317XFINTR;                   6019  6       0       000   068277688750    00     598      0              000000000000000000000000000000000     0     0 0     
        5215854 646416416 5627  011084  09206051904         243       22252        224959206051919     15 3 0274317XFINTR;                   6019 21       0       000   068628695280    00     900      0              000000000000000000000000000000000     0     0 0     
        5230707 646415516 5627  011084  09206051916          79        3559         36389206051918      2 3 0274317XFINTR;                   6019  6       0       000   069357695020    00     145      0              000000000000000000000000000000000     0     0 0     
        5236410 646414316 5627  011084  09206051921         198       25846        260449206051931     10 3 0274317XFINTR;                   6019 15       0       000   069643702700    00     627      0              000000000000000000000000000000000     0     0 0     
       12586427 646415416 5627  011084  09206051929         934       76561        774959206052012     43 3 0274317XFINTR;                   6019  5       0       000   070150727290    00    2579      0              000000000000000000000000000000000     0     0 0     
       12590165 646414416 5627  011084  09206051932         666       49270        499369206051949     17 3 0274317XFINTR;                   6019  2       0       000   070330713600    00    1030      0              000000000000000000000000000000000     0     0 0     
       12595433 646416216 5627  011084  09206051937         153       13998        141519206051946      9 3 0274317XFINTR;                   6019 14       0       000   070594711350    00     541      0              000000000000000000000000000000000     0     0 0     
       12607378 646416216 5627  011084  09206051947         124       11829        119539206051956      9 3 0274317XFINTR;                   6019 14       0       000   071196717560    00     560      0              000000000000000000000000000000000     0     0 0     
       12620228 765516316 5627  011084  09206051957         396       42275        426719206052023     26 3 0274317XFINTR;                   9623  1       0       000   071845733750    00    1530      0              000000000000000000000000000000000     0     0 0     
       12638562 646414516 5627  011084  09206052013         216       28282        284989206052031     19 2 0274317XFINTR;                   6019  7       0       000   072755738680    00    1113      0              000000000000000000000000000000000     0     0 0     
       12649994 646415416 5627  011084  09206052022         242       23292        235349206052032     10 3 0274317XFINTR;                   6019 13       0       000   073323739440    00     621      0              000000000000000000000000000000000     0     0 0     
       12666178 646416016 5627  011084  09206052036           2         281          2839206052036      0 2 0274317XFINTR;                   6019 15       0       000   074135741400    00       5      0              000000000000000000000000000000000     0     0 0     
       12669714 646415016 5627  011084  09206052039         610       35256        358669206052056     17 3 0274317XFINTR;                   6019  6       0       000   074315753300    00    1015      0              000000000000000000000000000000000     0     0 0     
       12696945 646414316 5627  011084  09206052104         228       27900        281289206052124     21 3 0274317XFINTR;                   6019  1       0       000   075816770540    00    1238      0              000000000000000000000000000000000     0     0 0     
       12726961 646414116 5627  011084  09206052133         313       29209        295229206052145     12 3 0274317XFINTR;                   6019  0       0       000   077607783060    00     699      0              000000000000000000000000000000000     0     0 0     
       12728624 765615716 5627  011084  09206052135         337       30195        305329206052158     23 3 0274317XFINTR;                   1029 13       0       000   077716790690    00    1353      0              000000000000000000000000000000000     0     0 0     
       12773835 646414416 5627  011084  09206052228         318       39521        398399206052248     21 3 0274317XFINTR;                   6019  3       0       000   080874821040    00    1230      0              000000000000000000000000000000000     0     0 0     
       14043701 234615116 5627  011084  0920605  31         231       22601        22832920605  38      8 3 0274317XFINTR;                   1542 40       0       000   0 1833 22960    00     463      0              000000000000000000000000000000000     0     0 0     
       14102294 646415216 5627  011084  0920605 201        1169       11016        12185920605 205      4 2 0274317XFINTR;                   6019  0       0       000   0 7257 75030    00     246      0              000000000000000000000000000000000     0     0 0     
       14106749 646414216 5627  011084  0920605 208         369       25980        26349920605 227     19 3 0274317XFINTR;                   6019  0       0       000   0 7676 87950    00    1119      0              000000000000000000000000000000000     0     0 0     
l6