2103030 765714214 5477  0 3545  0890901 457     44     64     108890901 611   74 3 0520636TSDHNEOD;                 6043  0       0       000   017844222840
2117030 765714214 5477  0 3545  0890901 611     44     32      76890901 649   37 3 0520636TSDHNEOD;                 6043  0       0       000   022284245230
2124657 765714114 5477  0 3545  0890901 654 135432 212894  3483268909011045  231 3 0520636TSDHNEOD;                 6043  0       0       000   024838387100
2251727 765715314 5477  0 3545  0890831 724 293414 444354  737768890901 255 1172 3 0520636TSDHNEOD;                 6043  0       0       000   026629105230
3044940 522017014 5477  0 3545  0890901   2      0      0       0890901   2    016 0520636TSDHNEOD;                 4993  0       0       000   0  109  1101
3046605 522015514 5477  0 3545  0890901   5      0      0       0890901   5    016 0520636TSDHNEOD;                 4993  0       0       000   0  292  2921
3048227 522014414 5477  0 3545  0890901   8      0      0       0890901   8    016 0520636TSDHNEOD;                 4993  0       0       000   0  474  4751
3049853 522017314 5477  0 3545  0890901  11      0      0       0890901  11    016 0520636TSDHNEOD;                 4993  0       0       000   0  656  6571
3051530 522014414 5477  0 3545  0890901  14      0      0       0890901  14    016 0520636TSDHNEOD;                 4993  0       0       000   0  838  8391
3053121 522015514 5477  0 3545  0890901  17      0      0       0890901  17    016 0520636TSDHNEOD;                 4993  0       0       000   0 1020 10211
3054662 522015514 5477  0 3545  0890901  20      0      0       0890901  20    016 0520636TSDHNEOD;                 4993  0       0       000   0 1203 12031
3056214 522015514 5477  0 3545  0890901  23      0      0       0890901  23    016 0520636TSDHNEOD;                 4993  0       0       000   0 1385 13861
3057772 522015514 5477  0 3545  0890901  26      0      0       0890901  26    016 0520636TSDHNEOD;                 4993  0       0       000   0 1567 15681
3059312 522015514 5477  0 3545  0890901  29      0      0       0890901  29    016 0520636TSDHNEOD;                 4993  0       0       000   0 1750 17511
3060746 522015514 5477  0 3545  0890901  32      0      0       0890901  32    016 0520636TSDHNEOD;                 4993  0       0       000   0 1932 19331
3062294 522015514 5477  0 3545  0890901  35      0      0       0890901  35    016 0520636TSDHNEOD;                 4993  0       0       000   0 2114 21151
3063785 522016214 5477  0 3545  0890901  38      0      0       0890901  38    016 0520636TSDHNEOD;                 4993  0       0       000   0 2297 22981
3065185 522015514 5477  0 3545  0890901  41      0      0       0890901  41    016 0520636TSDHNEOD;                 4993  0       0       000   0 2479 24801
3066712 522015514 5477  0 3545  0890901  44      0      0       0890901  44    016 0520636TSDHNEOD;                 4993  0       0       000   0 2661 26621
3068168 522017014 5477  0 3545  0890901  47      0      0       0890901  47    016 0520636TSDHNEOD;                 4993  0       0       000   0 2843 28441
3069583 522015514 5477  0 3545  0890901  50      0      0       0890901  50    016 0520636TSDHNEOD;                 4993  0       0       000   0 3025 30261
3071109 522015514 5477  0 3545  0890901  53      0      0       0890901  53    016 0520636TSDHNEOD;                 4993  0       0       000   0 3208 32091
3072566 522015514 5477  0 3545  0890901  57      0      0       0890901  57    016 0520636TSDHNEOD;                 4993  0       0       000   0 3391 33921
3074047 522015514 5477  0 3545  0890901  60      0      0       0890901  60    016 0520636TSDHNEOD;                 4993  0       0       000   0 3573 35741
3075695 522015514 5477  0 3545  0890901 103      0      0       0890901 103    016 0520636TSDHNEOD;                 4993  0       0       000   0 3755 37561
3077234 522015514 5477  0 3545  0890901 106      0      0       0890901 106    016 0520636TSDHNEOD;                 4993  0       0       000   0 3938 39391
3078663 522015514 5477  0 3545  0890901 109      0      0       0890901 109    016 0520636TSDHNEOD;                 4993  0       0       000   0 4121 41221
3080050 522016214 5477  0 3545  0890901 112      0      0       0890901 112    016 0520636TSDHNEOD;                 4993  0       0       000   0 4304 43051
3081449 522015514 5477  0 3545  0890901 115      0      0       0890901 115    016 0520636TSDHNEOD;                 4993  0       0       000   0 4487 44881
3082782 522015514 5477  0 3545  0890901 118      0      0       0890901 118    016 0520636TSDHNEOD;                 4993  0       0       000   0 4669 46701
3084158 522015514 5477  0 3545  0890901 121      0      0       0890901 121    016 0520636TSDHNEOD;                 4993  0       0       000   0 4852 48531
3085490 522016214 5477  0 3545  0890901 124      0      0       0890901 124    016 0520636TSDHNEOD;                 4993  0       0       000   0 5035 50361
3086862 522015514 5477  0 3545  0890901 127      0      0       0890901 127    016 0520636TSDHNEOD;                 4993  0       0       000   0 5217 52181
3088125 522015514 5477  0 3545  0890901 130      0      0       0890901 130    016 0520636TSDHNEOD;                 4993  0       0       000   0 5400 54011
3089348 522015514 5477  0 3545  0890901 133      0      0       0890901 133    016 0520636TSDHNEOD;                 4993  0       0       000   0 5582 55831
3090558 522015514 5477  0 3545  0890901 136      0      0       0890901 136    016 0520636TSDHNEOD;                 4993  0       0       000   0 5764 57651
3091775 522015514 5477  0 3545  0890901 139      0      0       0890901 139    016 0520636TSDHNEOD;                 4993  0       0       000   0 5946 59471
3093016 522015514 5477  0 3545  0890901 142      0      0       0890901 142    016 0520636TSDHNEOD;                 4993  0       0       000   0 6129 61301
3094228 522015514 5477  0 3545  0890901 145      0      0       0890901 145    016 0520636TSDHNEOD;                 4993  0       0       000   0 6311 63121
3095365 522015514 5477  0 3545  0890901 148      0      0       0890901 148    016 0520636TSDHNEOD;                 4993  0       0       000   0 6494 64951
3096590 522015514 5477  0 3545  0890901 151      0      0       0890901 151    016 0520636TSDHNEOD;                 4993  0       0       000   0 6676 66771
3097756 522015514 5477  0 3545  0890901 154      0      0       0890901 154    016 0520636TSDHNEOD;                 4993  0       0       000   0 6858 68591
3098922 522015514 5477  0 3545  0890901 157      0      0       0890901 157    016 0520636TSDHNEOD;                 4993  0       0       000   0 7041 70421
3100121 522015514 5477  0 3545  0890901 200      0      0       0890901 200    016 0520636TSDHNEOD;                 4993  0       0       000   0 7224 72251
3101362 522015514 5477  0 3545  0890901 203      0      0       0890901 203    016 0520636TSDHNEOD;                 4993  0       0       000   0 7407 74081
3102599 522015514 5477  0 3545  0890901 206      0      0       0890901 207    016 0520636TSDHNEOD;                 4993  0       0       000   0 7589 75901
3103788 522015514 5477  0 3545  0890901 210      0      0       0890901 210    016 0520636TSDHNEOD;                 4993  0       0       000   0 7772 77721
3104987 522015514 5477  0 3545  0890901 213      0      0       0890901 213    016 0520636TSDHNEOD;                 4993  0       0       000   0 7954 79551
3106069 522015514 5477  0 3545  0890901 216      0      0       0890901 216    016 0520636TSDHNEOD;                 4993  0       0       000   0 8137 81381
3107264 522015514 5477  0 3545  0890901 219      0      0       0890901 219    016 0520636TSDHNEOD;                 4993  0       0       000   0 8319 83201
3108394 522016214 5477  0 3545  0890901 222      0      0       0890901 222    016 0520636TSDHNEOD;                 4993  0       0       000   0 8501 85021
3109463 522015514 5477  0 3545  0890901 225      0      0       0890901 225    016 0520636TSDHNEOD;                 4993  0       0       000   0 8684 86851
3110534 522015514 5477  0 3545  0890901 228      0      0       0890901 228    016 0520636TSDHNEOD;                 4993  0       0       000   0 8866 88671
3111611 522015514 5477  0 3545  0890901 231      0      0       0890901 231    016 0520636TSDHNEOD;                 4993  0       0       000   0 9048 90491
3112655 522015514 5477  0 3545  0890901 234      0      0       0890901 234    016 0520636TSDHNEOD;                 4993  0       0       000   0 9230 92311
3113655 522015514 5477  0 3545  0890901 237      0      0       0890901 237    016 0520636TSDHNEOD;                 4993  0       0       000   0 9413 94131
3114742 522015514 5477  0 3545  0890901 240      0      0       0890901 240    016 0520636TSDHNEOD;                 4993  0       0       000   0 9595 95961
3115744 522016214 5477  0 3545  0890901 243      0      0       0890901 243    016 0520636TSDHNEOD;                 4993  0       0       000   0 9777 97781
3116758 522015514 5477  0 3545  0890901 246      0      0       0890901 246    016 0520636TSDHNEOD;                 4993  0       0       000   0 9959 99601
3117785 522015514 5477  0 3545  0890901 249      0      0       0890901 249    016 0520636TSDHNEOD;                 4993  0       0       000   010141101421
3118747 522015514 5477  0 3545  0890901 252      0      0       0890901 252    016 0520636TSDHNEOD;                 4993  0       0       000   010324103251
3119743 522015514 5477  0 3545  0890901 255      0      0       0890901 255    016 0520636TSDHNEOD;                 4993  0       0       000   010506105071
3119836 765715214 5477  0 3545  0890901 255     44     32      76890901 356   61 3 0520636TSDHNEOD;                 6043  0       0       000   010524141840
3137409 765715214 5477  0 3545  0890901 356     44     32      76890901 457   61 3 0520636TSDHNEOD;                 6043  0       0       000   014184178440
3565058 522014314 5477  0 3545  08909011050     44     32      768909011151   61 3 0520636TSDHNEOD;                 4993  0       0       000   038995426310
3218674 522014314 5477  0 3545  0890902  25  63714  92562  156276890902 345  200 3 0520636TSDHNEOD;                 4993  0       0       000   0 1474134740
3292211 522014314 5477  0 3545  0890902 345     44     32      76890902 446   61 3 0520636TSDHNEOD;                 4993  0       0       000   013475171350
3306853 522014314 5477  0 3545  0890902 446     44     32      76890902 547   61 3 0520636TSDHNEOD;                 4993  0       0       000   017135207950
3318272 522014314 5477  0 3545  0890902 547     44     32      76890902 648   61 3 0520636TSDHNEOD;                 4993  0       0       000   020796244550
3327060 522014314 5477  0 3545  0890902 648     44     32      76890902 732   44 3 0520636TSDHNEOD;                 4993  0       0       000   024456270960
3585391 522014314 5477  0 3545  08909011151  57074  81994  139068890902  25  754 3 0520636TSDHNEOD;                 4993  0       0       000   042631 14740
5770543 522014314 5477  0 3545  0890902 732     44     32      76890902 833   61 3 0520636TSDHNEOD;                 4993  0       0       000   027100307580
5776746 522014314 5477  0 3545  0890902 833     44     32      76890902 934   61 3 0520636TSDHNEOD;                 4993  0       0       000   030758344180
5782667 522014314 5477  0 3545  0890902 934     44     32      768909021035   61 3 0520636TSDHNEOD;                 4993  0       0       000   034419380790
5788898 522014314 5477  0 3545  08909021035     44     32      768909021136   61 3 0520636TSDHNEOD;                 4993  0       0       000   038079417390
5796896 522014314 5477  0 3545  08909021136     44     32      768909021237   61 3 0520636TSDHNEOD;                 4993  0       0       000   041740454000
5807087 522014314 5477  0 3545  08909021237     44     32      768909021338   61 3 0520636TSDHNEOD;                 4993  0       0       000   045400490600
5819813 522014314 5477  0 3545  08909021338     44     32      768909021439   61 3 0520636TSDHNEOD;                 4993  0       0       000   049060527210
5836258 522014314 5477  0 3545  08909021439     44     32      768909021540   61 3 0520636TSDHNEOD;                 4993  0       0       000   052721563810
5856221 522014314 5477  0 3545  08909021540     44     32      768909021639   59 3 0520636TSDHNEOD;                 4993  0       0       000   056381599120
5879518 765716114 5477  0 3545  08909021639     44     32      768909021740   61 3 0520636TSDHNEOD;                 6043  0       0       000   059926635820
5905213 765716114 5477  0 3545  08909021740     44     32      768909021841   61 3 0520636TSDHNEOD;                 6043  0       0       000   063582672420
5933443 765716114 5477  0 3545  08909021841     44     32      768909021942   61 3 0520636TSDHNEOD;                 6043  0       0       000   067243709030
5963653 765716114 5477  0 3545  08909021942     44     32      768909022043   61 3 0520636TSDHNEOD;                 6043  0       0       000   070903745630
5990419 765715214 5477  0 3545  08909022043     44     52      968909022149   66 3 0520636TSDHNEOD;                 6043  0       0       000   074564785240
6017190 765715214 5477  0 3545  08909022149     44     32      768909022250   61 3 0520636TSDHNEOD;                 6043  0       0       000   078524821840
6040245 765714214 5477  0 3545  08909022250     44     32      768909022349   5918 0520636TSDHNEOD;                 6043  0       0       000   082185857480
6065030 522017014 5477  0 3545  08909022357     44     32      76890903   1    518 0520636TSDHNEOD;                 4993  0       0       000   086195   680
1403807 522016714 5477  0 3545  08909032320     44     32      76890904  21   61 3 0520636TSDHNEOD;                 4993  0       0       000   084021 12560
1422428 522016714 5477  0 3545  0890904  21     44     32      76890904 122   61 3 0520636TSDHNEOD;                 4993  0       0       000   0 1257 49160
1441407 522016714 5477  0 3545  0890904 122     44     32      76890904 223   61 3 0520636TSDHNEOD;                 4993  0       0       000   0 4917 85770
1459753 522016714 5477  0 3545  0890904 223     44     32      76890904 324   61 3 0520636TSDHNEOD;                 4993  0       0       000   0 8577122370
1475439 522016714 5477  0 3545  0890904 324     44     32      76890904 425   61 3 0520636TSDHNEOD;                 4993  0       0       000   012237158970
1487960 522016714 5477  0 3545  0890904 425     44     32      76890904 526   61 3 0520636TSDHNEOD;                 4993  0       0       000   015898195580
1499060 522016714 5477  0 3545  0890904 526     44     32      76890904 627   61 3 0520636TSDHNEOD;                 4993  0       0       000   019558232180
1509287 522016714 5477  0 3545  0890904 627 178084 277684  4557688909041643  616 3 0520636TSDHNEOD;                 4993  0       0       000   023218601850
2238824 522016714 5477  0 3545  08909041643     44     32      768909041744   61 3 0520636TSDHNEOD;                 4993  0       0       000   060186638450
2257601 522016714 5477  0 3545  08909041744     44     32      768909041845   61 3 0520636TSDHNEOD;                 4993  0       0       000   063846675060
2277864 522016714 5477  0 3545  08909041845     44     32      768909041946   61 3 0520636TSDHNEOD;                 4993  0       0       000   067506711660
2298442 522016714 5477  0 3545  08909041946     44     32      768909042047   61 3 0520636TSDHNEOD;                 4993  0       0       000   071166748260
2317739 522016714 5477  0 3545  08909042047     44     32      768909042148   61 3 0520636TSDHNEOD;                 4993  0       0       000   074827784860
2336022 522016714 5477  0 3545  08909042148     44     32      768909042249   61 3 0520636TSDHNEOD;                 4993  0       0       000   078487821470
2353885 522016714 5477  0 3545  08909042249     44     32      768909042350   61 3 0520636TSDHNEOD;                 4993  0       0       000   082147858070
2372240 522016714 5477  0 3545  08909042350     44     32      76890905  51   61 3 0520636TSDHNEOD;                 4993  0       0       000   085807 30670
2391665 522016714 5477  0 3545  0890905  51   2874   2362    5236890905 233  102 3 0520636TSDHNEOD;                 4993  0       0       000   0 3067 91870
2420714 522016714 5477  0 3545  0890905 233     44     32      76890905 334   61 3 0520636TSDHNEOD;                 4993  0       0       000   0 9188128470
2434878 522016714 5477  0 3545  0890905 334     44     32      76890905 435   61 3 0520636TSDHNEOD;                 4993  0       0       000   012848165080
2446796 522016714 5477  0 3545  0890905 435     44     32      76890905 536   61 3 0520636TSDHNEOD;                 4993  0       0       000   016508201680
2457154 522016714 5477  0 3545  0890905 536     44     32      76890905 637   61 3 0520636TSDHNEOD;                 4993  0       0       000   020168238280
1519102 522016714 5477  0 3545  0890906 707     44     32      76890906 808   61 3 0520636TSDHNEOD;                 4993  0       0       000   025644293030
1529772 522016714 5477  0 3545  0890906 808     44     32      76890906 909   61 3 0520636TSDHNEOD;                 4993  0       0       000   029304329640
2466727 522016714 5477  0 3545  0890905 637 228764 344144  572908890906 303 1226 3 0520636TSDHNEOD;                 4993  0       0       000   023828109980
5967624 522016714 5477  0 3545  0890906 303     44     32      76890906 404   61 3 0520636TSDHNEOD;                 4993  0       0       000   010998146580
5984644 522016714 5477  0 3545  0890906 404     44     32      76890906 505   61 3 0520636TSDHNEOD;                 4993  0       0       000   014658183180
5997388 522016714 5477  0 3545  0890906 505     44     32      76890906 606   61 3 0520636TSDHNEOD;                 4993  0       0       000   018319219790
6008998 522016714 5477  0 3545  0890906 606     44     32      76890906 707   61 3 0520636TSDHNEOD;                 4993  0       0       000   021979256430
1323214 522016714 5477  0 3545  0890907 31 44     32      76890907 411   61 3 0520636TSDHNEOD;                 4993  0       0       000   011370150300
1340586 522016514 5477  0 3545  0890907 411     44     32      76890907 512   61 3 0520636TSDHNEOD;                 4993  0       0       000   015030186900
1354849 522016514 5477  0 3545  0890907 512     44     32      76890907 613   61 3 0520636TSDHNEOD;                 4993  0       0       000   018690223500
1366922 522016514 5477  0 3545  0890907 613 379084 587884  9669688909072347 1054 3 0520636TSDHNEOD;                 4993  0       0       000   022351855990
1541155 522016714 5477  0 3545  0890906 909 258354 389134  647488890907 309 1080 3 0520636TSDHNEOD;                 4993  0       0       000   032964113690
5245518 765715414 5477  0 3545  08909071543      0      0       08909071543    016 0520636TSDHNEOD;                 6043  0       0       000   056592565931
5249080 765717414 5477  0 3545  08909071546      0      0       08909071546    016 0520636TSDHNEOD;                 6043  0       0       000   056775567761
5252606 765720214 5477  0 3545  08909071549      0      0       08909071549    016 0520636TSDHNEOD;                 6043  0       0       000   056957569581
5256263 765717714 5477  0 3545  08909071552      0      0       08909071552    016 0520636TSDHNEOD;                 6043  0       0       000   057140571411
5259677 765717614 5477  0 3545  08909071555      0      0       08909071555    016 0520636TSDHNEOD;                 6043  0       0       000   057323573241
5263151 765715414 5477  0 3545  08909071558      0      0       08909071558    016 0520636TSDHNEOD;                 6043  0       0       000   057505575061
5266588 765715414 5477  0 3545  08909071601      0      0       08909071601    016 0520636TSDHNEOD;                 6043  0       0       000   057688576891
5269849 765715414 5477  0 3545  08909071605      0      0       08909071605    016 0520636TSDHNEOD;                 6043  0       0       000   057871578711
5273119 765716614 5477  0 3545  08909071608      0      0       08909071608    016 0520636TSDHNEOD;                 6043  0       0       000   058054580551
5276189 765717514 5477  0 3545  08909071611      0      0       08909071611    016 0520636TSDHNEOD;                 6043  0       0       000   058236582371
5279256 765717414 5477  0 3545  08909071614      0      0       08909071614    016 0520636TSDHNEOD;                 6043  0       0       000   058418584191
5282214 765717614 5477  0 3545  08909071617      0      0       08909071617    016 0520636TSDHNEOD;                 6043  0       0       000   058600586011
5285209 765717414 5477  0 3545  08909071620      0      0       08909071620    016 0520636TSDHNEOD;                 6043  0       0       000   058783587841
5288239 765717714 5477  0 3545  08909071623      0      0       08909071623    016 0520636TSDHNEOD;                 6043  0       0       000   058966589661
5291299 765717414 5477  0 3545  08909071626      0      0       08909071626    016 0520636TSDHNEOD;                 6043  0       0       000   059148591491
5294125 765715414 5477  0 3545  08909071629      0      0       08909071629    016 0520636TSDHNEOD;                 6043  0       0       000   059331593321
5297204 765715414 5477  0 3545  08909071632      0      0       08909071632    016 0520636TSDHNEOD;                 6043  0       0       000   059513595141
5300146 765715414 5477  0 3545  08909071635      0      0       08909071635    016 0520636TSDHNEOD;                 6043  0       0       000   059695596961
5303011 765717014 5477  0 3545  08909071638      0      0       08909071638    016 0520636TSDHNEOD;                 6043  0       0       000   059877598781
5305779 765717214 5477  0 3545  08909071641      0      0       08909071641    016 0520636TSDHNEOD;                 6043  0       0       000   060059600601
5308689 765716714 5477  0 3545  08909071644      0      0       08909071644    016 0520636TSDHNEOD;                 6043  0       0       000   060241602421
5311775 765717314 5477  0 3545  08909071647      0      0       08909071647    016 0520636TSDHNEOD;                 6043  0       0       000   060423604241
5314740 765720314 5477  0 3545  08909071650      0      0       08909071650    016 0520636TSDHNEOD;                 6043  0       0       000   060605606061
5317520 765717714 5477  0 3545  08909071653      0      0       08909071653    016 0520636TSDHNEOD;                 6043  0       0       000   060788607891
5320451 765717214 5477  0 3545  08909071656      0      0       08909071656    016 0520636TSDHNEOD;                 6043  0       0       000   060970609711
5323249 765717214 5477  0 3545  08909071659      0      0       08909071659    016 0520636TSDHNEOD;                 6043  0       0       000   061152611531
5326177 765716614 5477  0 3545  08909071702      0      0       08909071702    016 0520636TSDHNEOD;                 6043  0       0       000   061335613361
5329100 765717614 5477  0 3545  08909071705      0      0       08909071705    016 0520636TSDHNEOD;                 6043  0       0       000   061517615181
5331995 765716714 5477  0 3545  08909071708      0      0       08909071708    016 0520636TSDHNEOD;                 6043  0       0       000   061699617001
5334870 765717014 5477  0 3545  08909071711      0      0       08909071711    016 0520636TSDHNEOD;                 6043  0       0       000   061881618821
5337891 765720514 5477  0 3545  08909071714      0      0       08909071714    016 0520636TSDHNEOD;                 6043  0       0       000   062063620641
5340998 765720514 5477  0 3545  08909071717      0      0       08909071717    016 0520636TSDHNEOD;                 6043  0       0       000   062246622471
5343990 765720114 5477  0 3545  08909071720      0      0       08909071721    016 0520636TSDHNEOD;                 6043  0       0       000   062429624301
5347023 765720214 5477  0 3545  08909071724      0      0       08909071724    016 0520636TSDHNEOD;                 6043  0       0       000   062611626121
5349818 765720514 5477  0 3545  08909071727      0      0       08909071727    016 0520636TSDHNEOD;                 6043  0       0       000   062794627941
5352814 765717614 5477  0 3545  08909071730      0      0       08909071730    016 0520636TSDHNEOD;                 6043  0       0       000   062976629771
5356029 765717214 5477  0 3545  08909071733      0      0       08909071733    016 0520636TSDHNEOD;                 6043  0       0       000   063159631591
5359037 765717714 5477  0 3545  08909071736      0      0       08909071736    016 0520636TSDHNEOD;                 6043  0       0       000   063341633421
5362310 765717714 5477  0 3545  08909071739      0      0       08909071739    016 0520636TSDHNEOD;                 6043  0       0       000   063523635251
5365536 765717614 5477  0 3545  08909071742      0      0       08909071742    016 0520636TSDHNEOD;                 6043  0       0       000   063706637071
5368745 765717014 5477  0 3545  08909071745      0      0       08909071745    016 0520636TSDHNEOD;                 6043  0       0       000   063889638901
5371917 765717714 5477  0 3545  08909071748      0      0       08909071748    016 0520636TSDHNEOD;                 6043  0       0       000   064072640731
5375203 765720114 5477  0 3545  08909071751      0      0       08909071751    016 0520636TSDHNEOD;                 6043  0       0       000   064256642571
5378553 765717414 5477  0 3545  08909071754      0      0       08909071754    016 0520636TSDHNEOD;                 6043  0       0       000   064438644391
5381865 765720314 5477  0 3545  08909071757      0      0       08909071757    016 0520636TSDHNEOD;                 6043  0       0       000   064622646231
5384959 765717414 5477  0 3545  08909071800      0      0       08909071800    016 0520636TSDHNEOD;                 6043  0       0       000   064804648051
5388306 765720214 5477  0 3545  08909071803      0      0       08909071803    016 0520636TSDHNEOD;                 6043  0       0       000   064987649871
5391748 765720014 5477  0 3545  08909071806      0      0       08909071806    016 0520636TSDHNEOD;                 6043  0       0       000   065169651701
5395068 765717414 5477  0 3545  08909071809      0      0       08909071809    016 0520636TSDHNEOD;                 6043  0       0       000   065351653521
5398356 765717414 5477  0 3545  08909071812      0      0       08909071812    016 0520636TSDHNEOD;                 6043  0       0       000   065534655351
5401772 765717414 5477  0 3545  08909071815      0      0       08909071815    016 0520636TSDHNEOD;                 6043  0       0       000   065716657171
5405057 765717014 5477  0 3545  08909071818      0      0       08909071818    016 0520636TSDHNEOD;                 6043  0       0       000   065899659001
5408348 765720114 5477  0 3545  08909071821      0      0       08909071821    016 0520636TSDHNEOD;                 6043  0       0       000   066082660821
5411564 765717414 5477  0 3545  08909071824      0      0       08909071824    016 0520636TSDHNEOD;                 6043  0       0       000   066264662651
5414922 765716614 5477  0 3545  08909071827      0      0       08909071827    016 0520636TSDHNEOD;                 6043  0       0       000   066446664471
5418235 765717414 5477  0 3545  08909071830      0      0       08909071831    016 0520636TSDHNEOD;                 6043  0       0       000   066629666301
5421618 765720114 5477  0 3545  08909071834      0      0       08909071834    016 0520636TSDHNEOD;                 6043  0       0       000   066812668131
5424949 765717714 5477  0 3545  08909071837      0      0       08909071837    016 0520636TSDHNEOD;                 6043  0       0       000   066995669961
5428274 765717414 5477  0 3545  08909071840      0      0       08909071840    016 0520636TSDHNEOD;                 6043  0       0       000   067177671781
5431732 765717614 5477  0 3545  08909071843      0      0       08909071843    016 0520636TSDHNEOD;                 6043  0       0       000   067361673621
5434960 765716614 5477  0 3545  08909071846      0      0       08909071846    016 0520636TSDHNEOD;                 6043  0       0       000   067543675441
5438146 765717314 5477  0 3545  08909071849      0      0       08909071849    016 0520636TSDHNEOD;                 6043  0       0       000   067725677261
5441494 765716714 5477  0 3545  08909071852      0      0       08909071852    016 0520636TSDHNEOD;                 6043  0       0       000   067907679081
5444830 765720414 5477  0 3545  08909071855      0      0       08909071855    016 0520636TSDHNEOD;                 6043  0       0       000   068089680901
5448046 765716614 5477  0 3545  08909071858      0      0       08909071858    016 0520636TSDHNEOD;                 6043  0       0       000   068272682731
5451101 765717214 5477  0 3545  08909071901      0      0       08909071901    016 0520636TSDHNEOD;                 6043  0       0       000   068454684541
5454342 765717214 5477  0 3545  08909071904      0      0       08909071904    016 0520636TSDHNEOD;                 6043  0       0       000   068636686371
5457675 765720014 5477  0 3545  08909071907      0      0       08909071907    016 0520636TSDHNEOD;                 6043  0       0       000   068818688191
5460914 765716714 5477  0 3545  08909071910      0      0       08909071910    016 0520636TSDHNEOD;                 6043  0       0       000   069001690021
5464200 765717214 5477  0 3545  08909071913      0      0       08909071913    016 0520636TSDHNEOD;                 6043  0       0       000   069184691851
5467381 765717314 5477  0 3545  08909071916      0      0       08909071916    016 0520636TSDHNEOD;                 6043  0       0       000   069366693671
5470837 765716614 5477  0 3545  08909071919      0      0       08909071919    016 0520636TSDHNEOD;                 6043  0       0       000   069548695491
5474174 765717014 5477  0 3545  08909071922      0      0       08909071922    016 0520636TSDHNEOD;                 6043  0       0       000   069731697321
5477353 765717014 5477  0 3545  08909071925      0      0       08909071925    016 0520636TSDHNEOD;                 6043  0       0       000   069914699151
5480608 765720614 5477  0 3545  08909071928      0      0       08909071928    016 0520636TSDHNEOD;                 6043  0       0       000   070097700981
5483953 765717014 5477  0 3545  08909071931      0      0       08909071931    016 0520636TSDHNEOD;                 6043  0       0       000   070281702811
5487301 765715414 5477  0 3545  08909071934      0      0       08909071934    016 0520636TSDHNEOD;                 6043  0       0       000   070463704641
5490657 765721114 5477  0 3545  08909071937      0      0       08909071937    016 0520636TSDHNEOD;                 6043  0       0       000   070645706461
5493914 765717314 5477  0 3545  08909071940      0      0       08909071940    016 0520636TSDHNEOD;                 6043  0       0       000   070828708291
5497123 765716614 5477  0 3545  08909071944      0      0       08909071944    016 0520636TSDHNEOD;                 6043  0       0       000   071011710121
5500587 765717214 5477  0 3545  08909071947      0      0       08909071947    016 0520636TSDHNEOD;                 6043  0       0       000   071193711941
5503846 765720314 5477  0 3545  08909071950      0      0       08909071950    016 0520636TSDHNEOD;                 6043  0       0       000   071375713751
5507152 765717614 5477  0 3545  08909071953      0      0       08909071953    016 0520636TSDHNEOD;                 6043  0       0       000   071557715581
5510464 765720214 5477  0 3545  08909071956      0      0       08909071956    016 0520636TSDHNEOD;                 6043  0       0       000   071740717401
5513725 765716614 5477  0 3545  08909071959      0      0       08909071959    016 0520636TSDHNEOD;                 6043  0       0       000   071922719231
5517095 765716614 5477  0 3545  08909072002      0      0       08909072002    016 0520636TSDHNEOD;                 6043  0       0       000   072105721061
5520560 765717014 5477  0 3545  08909072005      0      0       08909072005    016 0520636TSDHNEOD;                 6043  0       0       000   072287722881
5523990 765717014 5477  0 3545  08909072008      0      0       08909072008    016 0520636TSDHNEOD;                 6043  0       0       000   072470724711
5527561 765717014 5477  0 3545  08909072011      0      0       08909072011    016 0520636TSDHNEOD;                 6043  0       0       000   072652726531
5531029 765715414 5477  0 3545  08909072014      0      0       08909072014    016 0520636TSDHNEOD;                 6043  0       0       000   072835728361
5534485 765716714 5477  0 3545  08909072017      0      0       08909072017    016 0520636TSDHNEOD;                 6043  0       0       000   073018730191
5537930 765716714 5477  0 3545  08909072020      0      0       08909072020    016 0520636TSDHNEOD;                 6043  0       0       000   073201732021
5541337 765715414 5477  0 3545  08909072023      0      0       08909072023    016 0520636TSDHNEOD;                 6043  0       0       000   073385733851
5544632 765720314 5477  0 3545  08909072026      0      0       08909072026    016 0520636TSDHNEOD;                 6043  0       0       000   073567735681
5548059 765717314 5477  0 3545  08909072029      0      0       08909072029    016 0520636TSDHNEOD;                 6043  0       0       000   073749737501
5551483 765716614 5477  0 3545  08909072032      0      0       08909072032    016 0520636TSDHNEOD;                 6043  0       0       000   073932739331
5554633 765716714 5477  0 3545  08909072035      0      0       08909072035    016 0520636TSDHNEOD;                 6043  0       0       000   074114741141
5557855 765716714 5477  0 3545  08909072038      0      0       08909072038    016 0520636TSDHNEOD;                 6043  0       0       000   074296742971
5561144 765720514 5477  0 3545  08909072041      0      0       08909072041    016 0520636TSDHNEOD;                 6043  0       0       000   074478744791
5564252 765715414 5477  0 3545  08909072044      0      0       08909072044    016 0520636TSDHNEOD;                 6043  0       0       000   074660746611
5567416 765716714 5477  0 3545  08909072047      0      0       08909072047    016 0520636TSDHNEOD;                 6043  0       0       000   074842748441
5570518 765720614 5477  0 3545  08909072050      0      0       08909072050    016 0520636TSDHNEOD;                 6043  0       0       000   075025750261
5573625 765717014 5477  0 3545  08909072053      0      0       08909072053    016 0520636TSDHNEOD;                 6043  0       0       000   075208752091
5576683 765716614 5477  0 3545  08909072057      0      0       08909072057    016 0520636TSDHNEOD;                 6043  0       0       000   075390753911
5579802 765717414 5477  0 3545  08909072060      0      0       08909072060    016 0520636TSDHNEOD;                 6043  0       0       000   075573755741
5582867 765720114 5477  0 3545  08909072103      0      0       08909072103    016 0520636TSDHNEOD;                 6043  0       0       000   075755757561
5585888 765717414 5477  0 3545  08909072106      0      0       08909072106    016 0520636TSDHNEOD;                 6043  0       0       000   075938759381
5588732 765717714 5477  0 3545  08909072109      0      0       08909072109    016 0520636TSDHNEOD;                 6043  0       0       000   076120761211
5591614 765715414 5477  0 3545  08909072112      0      0       08909072112    016 0520636TSDHNEOD;                 6043  0       0       000   076302763031
5594327 765715414 5477  0 3545  08909072115      0      0       08909072115    016 0520636TSDHNEOD;                 6043  0       0       000   076485764861
5597001 765721014 5477  0 3545  08909072118      0      0       08909072118    016 0520636TSDHNEOD;                 6043  0       0       000   076667766681
5599661 765715414 5477  0 3545  08909072121      0      0       08909072121    016 0520636TSDHNEOD;                 6043  0       0       000   076849768501
5602380 765716714 5477  0 3545  08909072124      0      0       08909072124    016 0520636TSDHNEOD;                 6043  0       0       000   077032770321
5604973 765716714 5477  0 3545  08909072127      0      0       08909072127    016 0520636TSDHNEOD;                 6043  0       0       000   077214772151
5607528 765720014 5477  0 3545  08909072130      0      0       08909072130    016 0520636TSDHNEOD;                 6043  0       0       000   077397773981
5610149 765716614 5477  0 3545  08909072133      0      0       08909072133    016 0520636TSDHNEOD;                 6043  0       0       000   077579775801
5612663 765717614 5477  0 3545  08909072136      0      0       08909072136    016 0520636TSDHNEOD;                 6043  0       0       000   077762777621
5615109 765717714 5477  0 3545  08909072139      0      0       08909072139    016 0520636TSDHNEOD;                 6043  0       0       000   077944779451
5617457 765717614 5477  0 3545  08909072142      0      0       08909072142    016 0520636TSDHNEOD;                 6043  0       0       000   078127781281
5619802 765720314 5477  0 3545  08909072145      0      0       08909072145    016 0520636TSDHNEOD;                 6043  0       0       000   078310783111
5622153 765720314 5477  0 3545  08909072148      0      0       08909072148    016 0520636TSDHNEOD;                 6043  0       0       000   078493784931
5624421 765720014 5477  0 3545  08909072151      0      0       08909072151    016 0520636TSDHNEOD;                 6043  0       0       000   078675786751
5626601 765715414 5477  0 3545  08909072154      0      0       08909072154    016 0520636TSDHNEOD;                 6043  0       0       000   078857788571
5628835 765720014 5477  0 3545  08909072157      0      0       08909072157    016 0520636TSDHNEOD;                 6043  0       0       000   079039790401
5631065 765721014 5477  0 3545  08909072200      0      0       08909072200    016 0520636TSDHNEOD;                 6043  0       0       000   079221792221
5633298 765720314 5477  0 3545  08909072203      0      0       08909072203    016 0520636TSDHNEOD;                 6043  0       0       000   079403794041
5635390 765716714 5477  0 3545  08909072206      0      0       08909072206    016 0520636TSDHNEOD;                 6043  0       0       000   079586795871
5637460 765717014 5477  0 3545  08909072209      0      0       08909072209    016 0520636TSDHNEOD;                 6043  0       0       000   079768797691
5639490 765716714 5477  0 3545  08909072213      0      0       08909072213    016 0520636TSDHNEOD;                 6043  0       0       000   079951799521
5641430 765717314 5477  0 3545  08909072216      0      0       08909072216    016 0520636TSDHNEOD;                 6043  0       0       000   080134801351
5643470 765717314 5477  0 3545  08909072219      0      0       08909072219    016 0520636TSDHNEOD;                 6043  0       0       000   080316803171
5645390 765717214 5477  0 3545  08909072222      0      0       08909072222    016 0520636TSDHNEOD;                 6043  0       0       000   080499805001
5647387 765717014 5477  0 3545  08909072225      0      0       08909072225    016 0520636TSDHNEOD;                 6043  0       0       000   080681806821
5649268 765717014 5477  0 3545  08909072228      0      0       08909072228    016 0520636TSDHNEOD;                 6043  0       0       000   080863808641
5651207 765717614 5477  0 3545  08909072231      0      0       08909072231    016 0520636TSDHNEOD;                 6043  0       0       000   081047810481
5653076 765717614 5477  0 3545  08909072234      0      0       08909072234    016 0520636TSDHNEOD;                 6043  0       0       000   081230812301
5654875 765717014 5477  0 3545  08909072237      0      0       08909072237    016 0520636TSDHNEOD;                 6043  0       0       000   081412814131
5656735 765717414 5477  0 3545  08909072240      0      0       08909072240    016 0520636TSDHNEOD;                 6043  0       0       000   081594815951
5658584 765717214 5477  0 3545  08909072243      0      0       08909072243    016 0520636TSDHNEOD;                 6043  0       0       000   081776817771
5660520 765717214 5477  0 3545  08909072246      0      0       08909072246    016 0520636TSDHNEOD;                 6043  0       0       000   081958819591
5662392 765720214 5477  0 3545  08909072249      0      0       08909072249    016 0520636TSDHNEOD;                 6043  0       0       000   082141821421
5664295 765716614 5477  0 3545  08909072252      0      0       08909072252    016 0520636TSDHNEOD;                 6043  0       0       000   082323823241
5666049 765717214 5477  0 3545  08909072255      0      0       08909072255    016 0520636TSDHNEOD;                 6043  0       0       000   082506825071
5667856 765716614 5477  0 3545  08909072258      0      0       08909072258    016 0520636TSDHNEOD;                 6043  0       0       000   082689826891
5669744 765716614 5477  0 3545  08909072301      0      0       08909072301    016 0520636TSDHNEOD;                 6043  0       0       000   082871828721
5671525 765717214 5477  0 3545  08909072304      0      0       08909072304    016 0520636TSDHNEOD;                 6043  0       0       000   083054830551
5673346 765716714 5477  0 3545  08909072307      0      0       08909072307    016 0520636TSDHNEOD;                 6043  0       0       000   083237832371
5675195 765717014 5477  0 3545  08909072310      0      0       08909072310    016 0520636TSDHNEOD;                 6043  0       0       000   083418834191
5676991 765717214 5477  0 3545  08909072313      0      0       08909072313    016 0520636TSDHNEOD;                 6043  0       0       000   083601836021
5678784 765715414 5477  0 3545  08909072316      0      0       08909072316    016 0520636TSDHNEOD;                 6043  0       0       000   083784837841
5680547 765715414 5477  0 3545  08909072319      0      0       08909072319    016 0520636TSDHNEOD;                 6043  0       0       000   083965839661
5682266 765717414 5477  0 3545  08909072322      0      0       08909072322    016 0520636TSDHNEOD;                 6043  0       0       000   084147841481
5683994 765717514 5477  0 3545  08909072325      0      0       08909072326    016 0520636TSDHNEOD;                 6043  0       0       000   084329843301
5685700 765720014 5477  0 3545  08909072329      0      0       08909072329    016 0520636TSDHNEOD;                 6043  0       0       000   084512845131
5687448 765720014 5477  0 3545  08909072332      0      0       08909072332    016 0520636TSDHNEOD;                 6043  0       0       000   084695846961
5689262 765717414 5477  0 3545  08909072335      0      0       08909072335    016 0520636TSDHNEOD;                 6043  0       0       000   084878848781
5690887 765714214 5477  0 3545  08909072338      0      0       08909072338    016 0520636TSDHNEOD;                 6043  0       0       000   085060850611
5692612 765717314 5477  0 3545  08909072341      0      0       08909072341    016 0520636TSDHNEOD;                 6043  0       0       000   085242852431
5694241 765717614 5477  0 3545  08909072344      0      0       08909072344    016 0520636TSDHNEOD;                 6043  0       0       000   085425854251
6022031 765714414 5477  0 3545  0890907 953      0      0       0890907 954    016 0520636TSDHNEOD;                 6043  0       0       000   035609356111
6022804 765714414 5477  0 3545  0890907 957      0      0       0890907 957    016 0520636TSDHNEOD;                 6043  0       0       000   035793357931
6023399 765714414 5477  0 3545  0890907 960      0      0       0890907 960    016 0520636TSDHNEOD;                 6043  0       0       000   035975359761
6024069 765714414 5477  0 3545  08909071003      0      0       08909071003    016 0520636TSDHNEOD;                 6043  0       0       000   036157361581
6024673 765716614 5477  0 3545  08909071006      0      0       08909071006    016 0520636TSDHNEOD;                 6043  0       0       000   036340363401
6025285 765716614 5477  0 3545  08909071009      0      0       08909071009    016 0520636TSDHNEOD;                 6043  0       0       000   036522365231
6025881 765716614 5477  0 3545  08909071012      0      0       08909071012    016 0520636TSDHNEOD;                 6043  0       0       000   036704367051
6026465 765716614 5477  0 3545  08909071015      0      0       08909071015    016 0520636TSDHNEOD;                 6043  0       0       000   036887368871
6027035 765714414 5477  0 3545  08909071018      0      0       08909071018    016 0520636TSDHNEOD;                 6043  0       0       000   037069370701
6027642 765716614 5477  0 3545  08909071021      0      0       08909071021    016 0520636TSDHNEOD;                 6043  0       0       000   037252372531
6028215 765716614 5477  0 3545  08909071024      0      0       08909071024    016 0520636TSDHNEOD;                 6043  0       0       000   037435374351
6028798 765716614 5477  0 3545  08909071027      0      0       08909071027    016 0520636TSDHNEOD;                 6043  0       0       000   037617376181
6029416 765716614 5477  0 3545  08909071030      0      0       08909071030    016 0520636TSDHNEOD;                 6043  0       0       000   037799378001
6030067 765714414 5477  0 3545  08909071033      0      0       08909071033    016 0520636TSDHNEOD;                 6043  0       0       000   037981379811
6030684 765714414 5477  0 3545  08909071036      0      0       08909071036    016 0520636TSDHNEOD;                 6043  0       0       000   038163381641
6031308 765714414 5477  0 3545  08909071039      0      0       08909071039    016 0520636TSDHNEOD;                 6043  0       0       000   038345383461
6031935 765714414 5477  0 3545  08909071042      0      0       08909071042    016 0520636TSDHNEOD;                 6043  0       0       000   038528385281
6032549 765716614 5477  0 3545  08909071045      0      0       08909071045    016 0520636TSDHNEOD;                 6043  0       0       000   038710387111
6033214 765716714 5477  0 3545  08909071048      0      0       08909071048    016 0520636TSDHNEOD;                 6043  0       0       000   038893388941
6033890 765716714 5477  0 3545  08909071051      0      0       08909071051    016 0520636TSDHNEOD;                 6043  0       0       000   039075390761
6034570 765714414 5477  0 3545  08909071054      0      0       08909071054    016 0520636TSDHNEOD;                 6043  0       0       000   039257392581
6035282 765714414 5477  0 3545  08909071057      0      0       08909071057    016 0520636TSDHNEOD;                 6043  0       0       000   039440394411
6036073 765714414 5477  0 3545  08909071100      0      0       08909071100    016 0520636TSDHNEOD;                 6043  0       0       000   039622396231
6036951 765714414 5477  0 3545  08909071103      0      0       08909071103    016 0520636TSDHNEOD;                 6043  0       0       000   039803398041
6037803 765714414 5477  0 3545  08909071106      0      0       08909071106    016 0520636TSDHNEOD;                 6043  0       0       000   039986399871
6038777 765714414 5477  0 3545  08909071109      0      0       08909071110    016 0520636TSDHNEOD;                 6043  0       0       000   040169401701
6039753 765716714 5477  0 3545  08909071113      0      0       08909071113    016 0520636TSDHNEOD;                 6043  0       0       000   040351403511
6040658 765716614 5477  0 3545  08909071116      0      0       08909071116    016 0520636TSDHNEOD;                 6043  0       0       000   040533405341
6041685 765716714 5477  0 3545  08909071119      0      0       08909071119    016 0520636TSDHNEOD;                 6043  0       0       000   040716407171
6042677 765716714 5477  0 3545  08909071122      0      0       08909071122    016 0520636TSDHNEOD;                 6043  0       0       000   040898408991
6043660 765716614 5477  0 3545  08909071125      0      0       08909071125    016 0520636TSDHNEOD;                 6043  0       0       000   041081410811
6044665 765716614 5477  0 3545  08909071128      0      0       08909071128    016 0520636TSDHNEOD;                 6043  0       0       000   041263412641
6045828 765716614 5477  0 3545  08909071131      0      0       08909071131    016 0520636TSDHNEOD;                 6043  0       0       000   041445414461
6047097 765716614 5477  0 3545  08909071134      0      0       08909071134    016 0520636TSDHNEOD;                 6043  0       0       000   041627416271
6048467 765716614 5477  0 3545  08909071137      0      0       08909071137    016 0520636TSDHNEOD;                 6043  0       0       000   041809418101
6049867 765716614 5477  0 3545  08909071140      0      0       08909071140    016 0520636TSDHNEOD;                 6043  0       0       000   041992419931
6051112 765714414 5477  0 3545  08909071143      0      0       08909071143    016 0520636TSDHNEOD;                 6043  0       0       000   042174421741
6052473 765716714 5477  0 3545  08909071146      0      0       08909071146    016 0520636TSDHNEOD;                 6043  0       0       000   042356423561
6053912 765715314 5477  0 3545  08909071149      0      0       08909071149    016 0520636TSDHNEOD;                 6043  0       0       000   042538425391
6055458 765717014 5477  0 3545  08909071152      0      0       08909071152    016 0520636TSDHNEOD;                 6043  0       0       000   042721427221
6057088 765714414 5477  0 3545  08909071155      0      0       08909071155    016 0520636TSDHNEOD;                 6043  0       0       000   042903429041
6058759 765717114 5477  0 3545  08909071158      0      0       08909071158    016 0520636TSDHNEOD;                 6043  0       0       000   043086430861
6060685 765715114 5477  0 3545  08909071201      0      0       08909071201    016 0520636TSDHNEOD;                 6043  0       0       000   043268432691
6062712 765716614 5477  0 3545  08909071204      0      0       08909071204    016 0520636TSDHNEOD;                 6043  0       0       000   043451434521
6064840 765714414 5477  0 3545  08909071207      0      0       08909071207    016 0520636TSDHNEOD;                 6043  0       0       000   043635436361
6067066 765715114 5477  0 3545  08909071210      0      0       08909071210    016 0520636TSDHNEOD;                 6043  0       0       000   043817438171
6069289 765714114 5477  0 3545  08909071213      0      0       08909071213    016 0520636TSDHNEOD;                 6043  0       0       000   043999440001
6071560 765714114 5477  0 3545  08909071216      0      0       08909071216    016 0520636TSDHNEOD;                 6043  0       0       000   044182441831
6073847 765714114 5477  0 3545  08909071219      0      0       08909071219    016 0520636TSDHNEOD;                 6043  0       0       000   044365443661
6076238 765714414 5477  0 3545  08909071222      0      0       08909071222    016 0520636TSDHNEOD;                 6043  0       0       000   044548445491
6078620 765717214 5477  0 3545  08909071226      0      0       08909071226    016 0520636TSDHNEOD;                 6043  0       0       000   044730447311
6080992 765714114 5477  0 3545  08909071229      0      0       08909071229    016 0520636TSDHNEOD;                 6043  0       0       000   044913449141
6083340 765717314 5477  0 3545  08909071232      0      0       08909071232    016 0520636TSDHNEOD;                 6043  0       0       000   045096450971
6085982 765716714 5477  0 3545  08909071235      0      0       08909071235    016 0520636TSDHNEOD;                 6043  0       0       000   045279452801
6088551 765717314 5477  0 3545  08909071238      0      0       08909071238    016 0520636TSDHNEOD;                 6043  0       0       000   045462454631
6090957 765715114 5477  0 3545  08909071241      0      0       08909071241    016 0520636TSDHNEOD;                 6043  0       0       000   045644456451
6093601 765714114 5477  0 3545  08909071244      0      0       08909071244    016 0520636TSDHNEOD;                 6043  0       0       000   045827458271
6096339 765715114 5477  0 3545  08909071247      0      0       08909071247    016 0520636TSDHNEOD;                 6043  0       0       000   046009460101
6099020 765716714 5477  0 3545  08909071250      0      0       08909071250    016 0520636TSDHNEOD;                 6043  0       0       000   046191461921
6101620 765716614 5477  0 3545  08909071253      0      0       08909071253    016 0520636TSDHNEOD;                 6043  0       0       000   046373463741
6104374 765716614 5477  0 3545  08909071256      0      0       08909071256    016 0520636TSDHNEOD;                 6043  0       0       000   046555465561
6107084 765717014 5477  0 3545  08909071259      0      0       08909071259    016 0520636TSDHNEOD;                 6043  0       0       000   046737467381
6110094 765717014 5477  0 3545  08909071302      0      0       08909071302    016 0520636TSDHNEOD;                 6043  0       0       000   046919469201
6113233 765717114 5477  0 3545  08909071305      0      0       08909071305    016 0520636TSDHNEOD;                 6043  0       0       000   047102471031
6116361 765717514 5477  0 3545  08909071308      0      0       08909071308    016 0520636TSDHNEOD;                 6043  0       0       000   047284472851
6119696 765717214 5477  0 3545  08909071311      0      0       08909071311    016 0520636TSDHNEOD;                 6043  0       0       000   047467474681
6122906 765717214 5477  0 3545  08909071314      0      0       08909071314    016 0520636TSDHNEOD;                 6043  0       0       000   047650476511
6126067 765716614 5477  0 3545  08909071317      0      0       08909071317    016 0520636TSDHNEOD;                 6043  0       0       000   047832478341
6129297 765717214 5477  0 3545  08909071320      0      0       08909071320    016 0520636TSDHNEOD;                 6043  0       0       000   048015480161
6132438 765717114 5477  0 3545  08909071323      0      0       08909071323    016 0520636TSDHNEOD;                 6043  0       0       000   048197481981
6135411 765716714 5477  0 3545  08909071326      0      0       08909071326    016 0520636TSDHNEOD;                 6043  0       0       000   048380483811
6138458 765717114 5477  0 3545  08909071329      0      0       08909071329    016 0520636TSDHNEOD;                 6043  0       0       000   048563485641
6141636 765720114 5477  0 3545  08909071332      0      0       08909071332    016 0520636TSDHNEOD;                 6043  0       0       000   048744487451
6144670 765720214 5477  0 3545  08909071335      0      0       08909071335    016 0520636TSDHNEOD;                 6043  0       0       000   048927489281
6147831 765720014 5477  0 3545  08909071338      0      0       08909071339    016 0520636TSDHNEOD;                 6043  0       0       000   049109491101
6151107 765717614 5477  0 3545  08909071342      0      0       08909071342    016 0520636TSDHNEOD;                 6043  0       0       000   049291492921
6154284 765720014 5477  0 3545  08909071345      0      0       08909071345    016 0520636TSDHNEOD;                 6043  0       0       000   049473494741
6157693 765717614 5477  0 3545  08909071348      0      0       08909071348    016 0520636TSDHNEOD;                 6043  0       0       000   049656496571
6160873 765716714 5477  0 3545  08909071351      0      0       08909071351    016 0520636TSDHNEOD;                 6043  0       0       000   049839498401
6164214 765714114 5477  0 3545  08909071354      0      0       08909071354    016 0520636TSDHNEOD;                 6043  0       0       000   050022500231
6167507 765717214 5477  0 3545  08909071357      0      0       08909071357    016 0520636TSDHNEOD;                 6043  0       0       000   050204502061
6170978 765717214 5477  0 3545  08909071360      0      0       08909071360    016 0520636TSDHNEOD;                 6043  0       0       000   050387503881
6174435 765717214 5477  0 3545  08909071403      0      0       08909071403    016 0520636TSDHNEOD;                 6043  0       0       000   050569505701
6177707 765720414 5477  0 3545  08909071406      0      0       08909071406    016 0520636TSDHNEOD;                 6043  0       0       000   050752507531
6181195 765720214 5477  0 3545  08909071409      0      0       08909071409    016 0520636TSDHNEOD;                 6043  0       0       000   050934509351
6184531 765720514 5477  0 3545  08909071412      0      0       08909071412    016 0520636TSDHNEOD;                 6043  0       0       000   051117511171
6187826 765716714 5477  0 3545  08909071415      0      0       08909071415    016 0520636TSDHNEOD;                 6043  0       0       000   051298512991
6191245 765720214 5477  0 3545  08909071418      0      0       08909071418    016 0520636TSDHNEOD;                 6043  0       0       000   051481514821
6194711 765720214 5477  0 3545  08909071421      0      0       08909071421    016 0520636TSDHNEOD;                 6043  0       0       000   051664516651
6198174 765717414 5477  0 3545  08909071424      0      0       08909071424    016 0520636TSDHNEOD;                 6043  0       0       000   051847518481
6201388 765714114 5477  0 3545  08909071427      0      0       08909071427    016 0520636TSDHNEOD;                 6043  0       0       000   052029520301
6204823 765717414 5477  0 3545  08909071430      0      0       08909071430    016 0520636TSDHNEOD;                 6043  0       0       000   052211522121
6208244 765717614 5477  0 3545  08909071433      0      0       08909071433    016 0520636TSDHNEOD;                 6043  0       0       000   052393523941
6211919 765716614 5477  0 3545  08909071436      0      0       08909071436    016 0520636TSDHNEOD;                 6043  0       0       000   052576525761
6215495 765720014 5477  0 3545  08909071439      0      0       08909071439    016 0520636TSDHNEOD;                 6043  0       0       000   052758527591
6218939 765717314 5477  0 3545  08909071442      0      0       08909071442    016 0520636TSDHNEOD;                 6043  0       0       000   052941529421
6222458 765720214 5477  0 3545  08909071445      0      0       08909071445    016 0520636TSDHNEOD;                 6043  0       0       000   053124531251
6226051 765717014 5477  0 3545  08909071448      0      0       08909071448    016 0520636TSDHNEOD;                 6043  0       0       000   053306533071
6229645 765716614 5477  0 3545  08909071451      0      0       08909071452    016 0520636TSDHNEOD;                 6043  0       0       000   053489534901
6233051 765716614 5477  0 3545  08909071455      0      0       08909071455    016 0520636TSDHNEOD;                 6043  0       0       000   053672536731
6236501 765720014 5477  0 3545  08909071458      0      0       08909071458    016 0520636TSDHNEOD;                 6043  0       0       000   053855538561
6240533 765720214 5477  0 3545  08909071501      0      0       08909071501    016 0520636TSDHNEOD;                 6043  0       0       000   054038540391
6244265 765720014 5477  0 3545  08909071504      0      0       08909071504    016 0520636TSDHNEOD;                 6043  0       0       000   054219542201
6247939 765716714 5477  0 3545  08909071507      0      0       08909071507    016 0520636TSDHNEOD;                 6043  0       0       000   054402544031
6251689 765716614 5477  0 3545  08909071510      0      0       08909071510    016 0520636TSDHNEOD;                 6043  0       0       000   054584545851
6255531 765717314 5477  0 3545  08909071513      0      0       08909071513    016 0520636TSDHNEOD;                 6043  0       0       000   054766547671
6260221 765717614 5477  0 3545  08909071516      0      0       08909071516    016 0520636TSDHNEOD;                 6043  0       0       000   054949549501
6264309 765717214 5477  0 3545  08909071519      0      0       08909071519    016 0520636TSDHNEOD;                 6043  0       0       000   055131551321
6267931 765720414 5477  0 3545  08909071522      0      0       08909071522    016 0520636TSDHNEOD;                 6043  0       0       000   055313553141
6271830 765717414 5477  0 3545  08909071525      0      0       08909071525    016 0520636TSDHNEOD;                 6043  0       0       000   055496554961
6275708 765717314 5477  0 3545  08909071528      0      0       08909071528    016 0520636TSDHNEOD;                 6043  0       0       000   055678556791
6279559 765717014 5477  0 3545  08909071531      0      0       08909071531    016 0520636TSDHNEOD;                 6043  0       0       000   055860558611
6283392 765720114 5477  0 3545  08909071534      0      0       08909071534    016 0520636TSDHNEOD;                 6043  0       0       000   056043560441
6286981 765720214 5477  0 3545  08909071537      0      0       08909071537    016 0520636TSDHNEOD;                 6043  0       0       000   056227562281
6290547 765717714 5477  0 3545  08909071540      0      0       08909071540    016 0520636TSDHNEOD;                 6043  0       0       000   056409564101
1997321 522014314 5477  0 3545  08909082105     44     32      768909082105    0 3 0520636TSDHNEOD;                 4993  0       0       000   075906759230
1997329 765714714 5477  0 3545  08909082105      0      0       08909082105    016 0520636TSDHNEOD;                 6043  0       0       000   075907759081
1997805 522020014 5477  0 3545  08909082106     44     32      768909082108    2 3 0520636TSDHNEOD;                 4993  0       0       000   075939760510
2000471 522014714 5477  0 3545  08909082109     44     32      768909082112    3 3 0520636TSDHNEOD;                 4993  0       0       000   076130763290
2003415 765717014 5477  0 3545  08909082112     52    142     1948909082114    2 3 0520636TSDHNEOD;                 6043  0       0       000   076347764670
2005254 765714614 5477  0 3545  08909082115     52    142     1948909082116    1 3 0520636TSDHNEOD;                 6043  0       0       000   076491765740
2006628 522016714 5477  0 3545  08909082117   1124   1352    24768909082207   51 3 0520636TSDHNEOD;                 4993  0       0       000   076593796230
2041896 765716614 5477  0 3545  08909082208     52    142     1948909082209    1 3 0520636TSDHNEOD;                 6043  0       0       000   079654797310
2042765 522016314 5477  0 3545  08909082209    114    142     2568909082247   38 3 0520636TSDHNEOD;                 4993  0       0       000   079735820330
5695835 522015714 5477  0 3545  08909072347  10234   8502   18736890908 228  161 3 0520636TSDHNEOD;                 4993  0       0       000   085599 88600
5768639 522015714 5477  0 3545  0890908 228     44     52      96890908 338   70 3 0520636TSDHNEOD;                 4993  0       0       000   0 8860130600
5790623 522015614 5477  0 3545  0890908 338     44     32      76890908 439   61 3 0520636TSDHNEOD;                 4993  0       0       000   013060167210
5805737 522015614 5477  0 3545  0890908 439     44     32      76890908 540   61 3 0520636TSDHNEOD;                 4993  0       0       000   016721203810
5819111 522015614 5477  0 3545  0890908 540     44     32      76890908 641   61 3 0520636TSDHNEOD;                 4993  0       0       000   020381240410
5831512 522015014 5477  0 3545  0890908 641     44     32      76890908 643    2 3 0520636TSDHNEOD;                 4993  0       0       000   024042241860
5832908 522014314 5477  0 3545  0890908 647  95384 145508  2408928909082105  858 3 0520636TSDHNEOD;                 4993  0       0       000   024413758900
1075920 765714714 5477  0 3545  0890909  50  29154  45042   74196890909 314  144 3 0520636TSDHNEOD;                 6043  0       0       000   0 2991116320
1130046 765714714 5477  0 3545  0890909 314     44     32      76890909 415   61 3 0520636TSDHNEOD;                 6043  0       0       000   011632152920
1146532 765714714 5477  0 3545  0890909 415     44     32      76890909 516   61 3 0520636TSDHNEOD;                 6043  0       0       000   015293189520
1159222 765714714 5477  0 3545  0890909 516     44     32      76890909 617   61 3 0520636TSDHNEOD;                 6043  0       0       000   018953226130
1169419 765714714 5477  0 3545  0890909 617     44     32      76890909 718   61 3 0520636TSDHNEOD;                 6043  0       0       000   022613262780
2064336 765717614 5477  0 3545  08909082247  24244  33912   58156890909  50  123 3 0520636TSDHNEOD;                 6043  0       0       000   082035 29910
3334021 765714114 5477  0 3545  0890909 718  60984  95304  1562888909091427  429 3 0520636TSDHNEOD;                 6043  0       0       000   026278520200
3397771 765714114 5477  0 3545  08909091427   2824   3772    65968909092135  428 3 0520636TSDHNEOD;                 6043  0       0       000   052020777013
3557790 765714114 5477  0 3545  08909092135     44     52      968909092301   8618 0520636TSDHNEOD;                 6043  0       0       000   077702828440
5873926 765716114 5477  0 3545  08909101201     44     32      768909101301   60 3 0520636TSDHNEOD;                 6043  0       0       000   043253468660
5882226 765716114 5477  0 3545  08909101301     44     32      768909101402   61 3 0520636TSDHNEOD;                 6043  0       0       000   046866505260
5891798 765714714 5477  0 3545  08909101402     44     32      768909101503   61 3 0520636TSDHNEOD;                 6043  0       0       000   050526541870
5902863 765714714 5477  0 3545  08909101503     44     32      768909101604   61 3 0520636TSDHNEOD;                 6043  0       0       000   054187578470
5915073 765714114 5477  0 3545  08909101604     44     32      768909101705   61 3 0520636TSDHNEOD;                 6043  0       0       000   057848615080
5931676 765714114 5477  0 3545  08909101705     44     32      768909101806   61 3 0520636TSDHNEOD;                 6043  0       0       000   061508651680
5951631 765714114 5477  0 3545  08909101806     44     32      768909101907   61 3 0520636TSDHNEOD;                 6043  0       0       000   065168688280
5973008 765714114 5477  0 3545  08909101907     44     32      768909102008   61 3 0520636TSDHNEOD;                 6043  0       0       000   068829724890
5994200 765714114 5477  0 3545  08909102008     44     32      768909102109   61 3 0520636TSDHNEOD;                 6043  0       0       000   072489761490
6015123 765714114 5477  0 3545  08909102109     44     32      768909102210   61 3 0520636TSDHNEOD;                 6043  0       0       000   076150798100
6034916 765714114 5477  0 3545  08909102210     44     32      768909102311   61 3 0520636TSDHNEOD;                 6043  0       0       000   079810834700
2512253 765714114 5477  0 3545  0890911 703     44     32      76890911 804   61 3 0520636TSDHNEOD;                 6043  0       0       000   025403290610
2522432 765714114 5477  0 3545  0890911 804  80194 124322  2045168909111817  613 3 0520636TSDHNEOD;                 6043  0       0       000   029061658430
6053821 765714114 5477  0 3545  08909102311     44     32      76890911  12   61 3 0520636TSDHNEOD;                 6043  0       0       000   083471  7310
6073699 765714114 5477  0 3545  0890911  12     44     32      76890911 113   61 3 0520636TSDHNEOD;                 6043  0       0       000   0  731 43910
6094240 765714114 5477  0 3545  0890911 113     44     32      76890911 214   61 3 0520636TSDHNEOD;                 6043  0       0       000   0 4391 80520
6113903 765714114 5477  0 3545  0890911 214     44     32      76890911 315   61 3 0520636TSDHNEOD;                 6043  0       0       000   0 8052117120
6113906 522016514 5477  0 3545  0890911 214      0      0       0890911 214    016 0520636TSDHNEOD;                 4993  0       0       000   0 8053 80531
6130867 765714114 5477  0 3545  0890911 315     44     32      76890911 416   61 3 0520636TSDHNEOD;                 6043  0       0       000   011712153720
6144575 765714114 5477  0 3545  0890911 416     44     64     108890911 602  106 3 0520636TSDHNEOD;                 6043  0       0       000   015373217330
6164444 765714114 5477  0 3545  0890911 602     44     32      76890911 703   61 3 0520636TSDHNEOD;                 6043  0       0       000   021734254020
2962207 765714114 5477  0 3545  08909111817  25524  26108   51632890912 305  528 3 0520636TSDHNEOD;                 6043  0       0       000   065844111250
3734469 522014714 5477  0 3545  0890912 806     44     32      76890912 907   61 3 0520636TSDHNEOD;                 4993  0       0       000   029156327920
3734472 765714114 5477  0 3545  0890912 806      0      0       0890912 806    016 0520636TSDHNEOD;                 6043  0       0       000   029156291571
3744802 522014714 5477  0 3545  0890912 907     44     32      768909121008   61 3 0520636TSDHNEOD;                 4993  0       0       000   032792364520
3754629 522014714 5477  0 3545  08909121008 109614 167574  2771888909121706  41818 0520636TSDHNEOD;                 4993  0       0       000   036452615420
4117374 765720114 5477  0 3545  08909121735   1314   1914    32288909121805   30 3 0520636TSDHNEOD;                 6043  0       0       000   063307650940
4149881 522020214 5477  0 3545  08909121806    894   1286    21808909121830   24 3 0520636TSDHNEOD;                 4993  0       0       000   065148665710
 667710 765714114 5477  0 3545  0890912 305     44     32      76890912 406   61 3 0520636TSDHNEOD;                 6043  0       0       000   011125147850
 682548 765714114 5477  0 3545  0890912 406     44     32      76890912 507   61 3 0520636TSDHNEOD;                 6043  0       0       000   014785184450
 694541 765714114 5477  0 3545  0890912 507     44     32      76890912 608   61 3 0520636TSDHNEOD;                 6043  0       0       000   018446221050
 705897 765714114 5477  0 3545  0890912 608  21104  32494   53598890912 802  114 3 0520636TSDHNEOD;                 6043  0       0       000   022106289300
3471116 765716514 5477  0 3545  0890913 301     44     32      76890913 402   61 3 0520636TSDHNEOD;                 6043  0       0       000   010836144960
3486832 765714714 5477  0 3545  0890913 402     44     32      76890913 503   61 3 0520636TSDHNEOD;                 6043  0       0       000   014496181560
3499107 765714714 5477  0 3545  0890913 503     44     32      76890913 604   61 3 0520636TSDHNEOD;                 6043  0       0       000   018157218160
3509234 765714714 5477  0 3545  0890913 604   1864   3124    4988890913 704   60 3 0520636TSDHNEOD;                 6043  0       0       000   021817254380
4178794 765721214 5477  0 3545  08909121832  27944  33856   61800890913 301  508 3 0520636TSDHNEOD;                 6043  0       0       000   066736108360
6182566 522015114 5477  0 3545  0890913 733 129442 196944  3263868909131724  591 3 0520636TSDHNEOD;                 4993  0       0       000   027196626510
5511237 765716514 5477  0 3545  08909131724  25214  29422   54636890914 302  577 3 0520636TSDHNEOD;                 6043  0       0       000   062669109040
5932453 765716214 5477  0 3545  0890914 302     44     32      76890914 403   61 3 0520636TSDHNEOD;                 6043  0       0       000   010905145650
5948256 765715614 5477  0 3545  0890914 403     44     32      76890914 504   61 3 0520636TSDHNEOD;                 6043  0       0       000   014565182250
5960949 765714314 5477  0 3545  0890914 504     44     32      76890914 605   61 3 0520636TSDHNEOD;                 6043  0       0       000   018226218860
1913997 765714314 5477  0 3545  0890915  33  35874  47682   83556890915 323  170 3 0520636TSDHNEOD;                 6043  0       0       000   0 1977121780
1972561 765714314 5477  0 3545  0890915 323     44     32      76890915 424   61 3 0520636TSDHNEOD;                 6043  0       0       000   012178158380
1986307 765714314 5477  0 3545  0890915 424     44     32      76890915 525   61 3 0520636TSDHNEOD;                 6043  0       0       000   015838194980
1997567 765714314 5477  0 3545  0890915 525     44     32      76890915 626   61 3 0520636TSDHNEOD;                 6043  0       0       000   019499231590
5972554 765714314 5477  0 3545  0890914 605 205874 316118  521992890915  33 1108 3 0520636TSDHNEOD;                 6043  0       0       000   021886 19770
    q@<