23009851131714217 4417  0 1061  09111022355        7696       16024        23720911103   9     14 2 0527455MAR1061                   2274  0       0       000   086105  5200    00     815      0              0          
23077971131714417 4417  0 1061  0911103   7        8276       16042        24318911103  30     23 3 0527455MAR1061                   2274  0       0       000   0  422 17800    00    1358      0              0          
23232681131714217 2474  0 1942  0911103  37         143        1407         1550911103  37      1 3 0706454MARRIOTT3270              2274  0       0       000   0 2199 22470    00      48      0              0          
23437411131714217 2474  0 1942  0911103 116         226        2896         3122911103 118      2 3 0706454MARRIOTT3270              2274  0       0       000   0 4557 46920    00     135      0              0          
23761961131714217 4417  0 1061  0911103 221        7008       23653        30661911103 240     19 3 0527455MAR1061                   2274  0       0       000   0 8449 96000    00    1151      0              0          
23782641131714417 2474  0 1942  0911103 225         294        3581         3875911103 229      4 3 0706454MARRIOTT3270              2274  0       0       000   0 8717 89600    00     243      0              0          
23851301131714217 4417  0 1061  0911103 240       30992       89625       120617911103 321     41 2 0527455MAR1061                   2274  0       0       000   0 9628120760    00    2448      0              0          
24002111131714417 2474  0 1942  0911103 316         226        2216         2442911103 318      2 3 0706454MARRIOTT3270              2274  0       0       000   011761118910    00     130      0              0          
24060091131714217 2474  0 1942  0911103 331         143        1407         1550911103 332      1 3 0706454MARRIOTT3270              2274  0       0       000   012653127070    00      54      0              0          
24270151131714217 4417  0 1061  0911103 425        1379        5748         7127911103 431      6 3 0527455MAR1061                   2274  0       0       000   015911162670    00     356      0              0          
24294771131714217 4417  0 1061  0911103 432        6416       12676        19092911103 438      6 3 0527455MAR1061                   2274  0       0       000   016293166580    00     365      0              0          
24319901131714217 4417  0 1061  0911103 438         147        2833         2980911103 450     11 2 0527455MAR1061                   2274  0       0       000   016684173720    00     688      0              0          
24331691131714417 2474  0 1942  0911103 441         196        2340         2536911103 448      7 3 0706454MARRIOTT3270              2274  0       0       000   016875172870    00     412      0              0          
24402061131714217 4417  0 1061  0911103 500         117        1222         1339911103 511     11 2 0527455MAR1061                   2274  0       0       000   018015186620    00     647      0              0          
24422301131714417 2474  0 1942  0911103 506         260        3019         3279911103 509      3 3 0706454MARRIOTT3270              2274  0       0       000   018359185500    00     191      0              0          
24467241131714217 4417  0 1061  0911103 518         181        4061         4242911103 539     21 2 0527455MAR1061                   2274  0       0       000   019082203330    00    1251      0              0          
38300471131714217 2474  0 1942  0911103 734         173        2181         2354911103 735      1 3 0706454MARRIOTT3270              2274  0       0       000   027223272900    00      67      0              0          
38309961131714217 2474  0 1942  0911103 738         268        7425         7693911103 744      7 3 0706454MARRIOTT3270              2274  0       0       000   027453278480    00     395      0              0          
38614861131714217 4417  0 1061  09111031002         270        1445         17159111031017     15 2 0527455MAR1061                   2274  0       0       000   036146370440    00     898      0              0          
39141191131714217 4417  0 1061  09111031233        9786       17963        277499111031258     25 3 0527455MAR1061                   2274  0       0       000   045209467050    00    1496      0              0          
39317281131714217 4417  0 1061  09111031318         986       13076        140629111031322      4 3 0527455MAR1061                   2274  0       0       000   047874480960    00     222      0              0          
39458531131714217 2474  0 1942  09111031354         196        1947         21439111031415     22 2 0706454MARRIOTT3270              2274  0       0       000   050015513240    00    1309      0              0          
39536371131714417 4417  0 1061  09111031412        9014       25233        342479111031441     29 2 0527455MAR1061                   2274  0       0       000   051141528800    00    1739      0              0          
39574011131714217 4417  0 1061  09111031421         372        5609         59819111031423      3 3 0527455MAR1061                   2274  0       0       000   051659518090    00     150      0              0          
39686091131714217 4417  0 1061  09111031447       29931       80995       1109269111031527     40 3 0527455MAR1061                   2274  0       0       000   053203555970    00    2394      0              0          
39722711131714417 4417  0 1061  09111031454       64284      149489       2137739111031549     55 3 0527455MAR1061                   2274  0       0       000   053655569610    00    3306      0              0          
39811711131714617 4417  0 1061  09111031513       16483       35283        517669111031602     49 2 0527455MAR1061                   2274  0       0       000   054751577200    00    2969      0              0          
39899361131714217 2474  0 1942  09111031531         218        1775         19939111031552     21 2 0706454MARRIOTT3270              2274  0       0       000   055837571020    00    1265      0              0          
39931411131715017 4417  0 1061  09111031537        2999       15067        180669111031543      6 3 0527455MAR1061                   2274  0       0       000   056219565830    00     364      0              0          
39960741131715017 4417  0 1061  09111031543        4704      116259       1209639111031615     32 3 0527455MAR1061                   2274  0       0       000   056592585280    00    1936      0              0          
40028331131714217 4417  0 1061  09111031557       16711       55865        725769111031634     38 3 0527455MAR1061                   2274  0       0       000   057395596450    00    2250      0              0          
40072921131714417 4417  0 1061  09111031605       26577       46655        732329111031632     27 2 0527455MAR1061                   2274  0       0       000   057895595230    00    1628      0              0          
40100511131714617 4417  0 1061  09111031610         797       16403        172009111031615      5 3 0527455MAR1061                   2274  0       0       000   058227585010    00     274      0              0          
40191601131714617 4417  0 1061  09111031627       10209       23986        341959111031654     27 2 0527455MAR1061                   2274  0       0       000   059192608280    00    1636      0              0          
40242001131714217 4417  0 1061  09111031637          85        1127         12129111031638      0 3 0527455MAR1061                   2274  0       0       000   059840598670    00      27      0              0          
40282561131714217 2474  0 1942  09111031646         173        2181         23549111031647      1 3 0706454MARRIOTT3270              2274  0       0       000   060374604420    00      68      0              0          
40305501131714217 2474  0 1942  09111031651         446        6497         69439111031719     28 2 0706454MARRIOTT3270              2274  0       0       000   060666623160    00    1650      0              0          
40362561131714417 4417  0 1061  09111031703        2010       24580        265909111031713     10 3 0527455MAR1061                   2274  0       0       000   061392619730    00     581      0              0          
40365611131714617 4417  0 1061  09111031704       18455       31213        496689111031718     14 3 0527455MAR1061                   2274  0       0       000   061428622780    00     850      0              0          
40433501131714417 4417  0 1061  09111031717        2327       11163        134909111031731     13 2 0527455MAR1061                   2274  0       0       000   062234630410    00     807      0              0          
40514661131714217 4417  0 1061  09111031733       26005       54152        801579111031806     32 3 0527455MAR1061                   2274  0       0       000   063195651330    00    1938      0              0          
40581731131714417 4417  0 1061  09111031746       12122       21912        340349111031810     24 3 0527455MAR1061                   2274  0       0       000   063952653820    00    1430      0              0          
40586551131714617 4417  0 1061  09111031747        9851       42298        521499111031806     19 2 0527455MAR1061                   2274  0       0       000   064007651590    00    1152      0              0          
40603521131715017 2474  0 1942  09111031750         173        2181         23549111031751      1 3 0706454MARRIOTT3270              2274  0       0       000   064193642600    00      67      0              0          
40639691131715017 2474  0 1942  09111031757         179        1724         19039111031818     21 2 0706454MARRIOTT3270              2274  0       0       000   064597658710    00    1274      0              0          
40702551131714217 4417  0 1061  09111031808         127        1234         13619111031820     12 2 0527455MAR1061                   2274  0       0       000   065271659800    00     709      0              0          
40717601131714417 2474  0 1942  09111031811         173        2181         23549111031812      1 3 0706454MARRIOTT3270              2274  0       0       000   065431654980    00      67      0              0          
40811401131714217 2474  0 1942  09111031827         173        2181         23549111031828      1 3 0706454MARRIOTT3270              2274  0       0       000   066415664780    00      63      0              0          
40858951131714217 2474  0 1942  09111031835         226        2596         28229111031837      2 3 0706454MARRIOTT3270              2274  0       0       000   066895670280    00     133      0              0          
40944811131714217 4417  0 1061  09111031849        6930       14661        215919111031857      8 3 0527455MAR1061                   2274  0       0       000   067747682220    00     475      0              0          
41122931131714217 2474  0 1942  09111031918         173        2181         23549111031939     21 2 0706454MARRIOTT3270              2274  0       0       000   069488707530    00    1265      0              0          
41194421131714417 4417  0 1061  09111031929        1579       12905        144849111031943     14 3 0527455MAR1061                   2274  0       0       000   070129709520    00     823      0              0          
41209011131714617 4417  0 1061  09111031931       12758       27297        400559111031957     26 3 0527455MAR1061                   2274  0       0       000   070259718180    00    1559      0              0          
41305061131714217 2474  0 1942  09111031945         169        2249         24189111031955     10 3 0706454MARRIOTT3270              2274  0       0       000   071106717030    00     597      0              0          
41399541131714217 2474  0 1942  09111031959         118         545          6639111032000      1 3 0706454MARRIOTT3270              2274  0       0       000   071968720000    00      32      0              0          
41405641131714217 2474  0 1942  09111032000         264        4117         43819111032005      5 3 0706454MARRIOTT3270              2274  0       0       000   072024723080    00     284      0              0          
41437381131714217 4417  0 1061  09111032005        3816        9925        137419111032017     12 3 0527455MAR1061                   2274  0       0       000   072314730320    00     718      0              0          
41460501131714417 2474  0 1942  09111032009         609        6827         74369111032024     15 3 0706454MARRIOTT3270              2274  0       0       000   072536734640    00     928      0              0          
41503681131714617 4417  0 1061  09111032016        1219       12548        137679111032031     15 2 0527455MAR1061                   2274  0       0       000   072940738460    00     906      0              0          
41566751131714217 4417  0 1061  09111032025        3276       16258        195349111032037     12 3 0527455MAR1061                   2274  0       0       000   073512742260    00     714      0              0          
41578121131714417 4417  0 1061  09111032027        6962       19670        266329111032051     24 2 0527455MAR1061                   2274  0       0       000   073607750630    00    1456      0              0          
41589031131715017 2474  0 1942  09111032028         362        4109         44719111032035      6 3 0706454MARRIOTT3270              2274  0       0       000   073701740710    00     370      0              0          
41611541131714617 2474  0 1942  09111032032         445        4105         45509111032043     12 3 0706454MARRIOTT3270              2274  0       0       000   073895746020    00     707      0              0          
41618061131715217 4417  0 1061  09111032033        6051       44431        504829111032048     16 3 0527455MAR1061                   2274  0       0       000   073955748960    00     941      0              0          
41627371131715417 4417  0 1061  09111032034       26480       39441        659219111032051     17 3 0527455MAR1061                   2274  0       0       000   074033750580    00    1025      0              0          
41734771131714217 2474  0 1942  09111032050         332        4236         45689111032058      8 3 0706454MARRIOTT3270              2274  0       0       000   075019754720    00     453      0              0          
41736781131714617 2474  0 1942  09111032051         196        1561         17579111032053      2 3 0706454MARRIOTT3270              2274  0       0       000   075038751620    00     124      0              0          
41741571131714417 2474  0 1942  09111032051         173        2181         23549111032053      1 3 0706454MARRIOTT3270              2274  0       0       000   075088751540    00      66      0              0          
41750581131714417 2474  0 1942  09111032053         226        2601         28279111032055      2 3 0706454MARRIOTT3270              2274  0       0       000   075169752970    00     128      0              0          
41752081131714617 2474  0 1942  09111032053         162        1448         16109111032054      1 3 0706454MARRIOTT3270              2274  0       0       000   075184752390    00      55      0              0          
41760601131714617 2474  0 1942  09111032054        5255       63497        687529111032343    168 3 0706454MARRIOTT3270              2274  0       0       000   075266853750    00   10109      0              0          
41799101131714217 2474  0 1942  09111032100         155        2150         23059111032101      1 3 0706454MARRIOTT3270              2274  0       0       000   075623756720    00      49      0              0          
41854451131714217 4417  0 1061  09111032109         404        7198         76029111032117      8 3 0527455MAR1061                   2274  0       0       000   076120766030    00     483      0              0          
41907491131714417 2474  0 1942  09111032117         155        2150         23059111032138     21 2 0706454MARRIOTT3270              2274  0       0       000   076603778580    00    1255      0              0          
15674931131714217 2474  0 1942  09111032210         226        2648         28749111032212      2 3 0706454MARRIOTT3270              2274  0       0       000   079810799430    00     133      0              0          
15898381131714217 4417  0 1061  09111032244       11260       30074        413349111032301     17 3 0527455MAR1061                   2274  0       0       000   081833828580    00    1025      0              0          
16008411131714417 4417  0 1061  09111032300         141        2144         22859111032302      1 3 0527455MAR1061                   2274  0       0       000   082827828930    00      66      0              0          
16023121131714217 4417  0 1061  09111032303         189        2215         24049111032304      1 3 0527455MAR1061                   2274  0       0       000   082959830190    00      60      0              0          
16025901131714417 2474  0 1942  09111032303         226        2144         23709111032305      2 3 0706454MARRIOTT3270              2274  0       0       000   082982831140    00     132      0              0          
16089071131714217 2474  0 1942  09111032313         173        1719         18929111032314      1 3 0706454MARRIOTT3270              2274  0       0       000   083569836330    00      64      0              0          
16102751131714217 4417  0 1061  09111032315        3649       13921        175709111032322      7 3 0527455MAR1061                   2274  0       0       000   083698841450    00     447      0              0          
16120241131714417 4417  0 1061  09111032318       14265       25497        397629111032334     17 3 0527455MAR1061                   2274  0       0       000   083866848630    00     997      0              0          
16287541131714217 2474  0 1942  09111032344         171        1836         20079111032346      2 3 0706454MARRIOTT3270              2274  0       0       000   085441855320    00      91      0              0          
52415741131714217 2474  0 10911104 723         110        1487         1597911104 727      3 3 0706454MARRIOTT3270              2274  0       0       000   026587267930    00     206      0              0          
52428021131714217 2474  0 1942  0911104 727         260        2716         2976911104 730      3 3 0706454MARRIOTT3270              2274  0       0       000   026820270080    00     188      0              0          
16316071131714217 2474  0 1942  09111032348         965       14522        15487911104  11     22 3 0706454MARRIOTT3270              2274  0       0       000   085708  6340    00    1326      0              0          
16468421131714217 2474  0 1942  0911104  12         185        2000         2185911104  13      1 3 0706454MARRIOTT3270              2274  0       0       000   0  715  7780    00      63      0              0          
16507931131714217 2474  0 1942  0911104  18         181        2396         2577911104  19      1 3 0706454MARRIOTT3270              2274  0       0       000   0 1088 11380    00      50      0              0          
16811991131714217 4417  0 1061  0911104 105       12049       22469        34518911104 123     18 2 0527455MAR1061                   2274  0       0       000   0 3889 49530    00    1064      0              0          
17419371131714217 2474  0 1942  0911104 246         260        3274         3534911104 250      3 3 0706454MARRIOTT3270              2274  0       0       000   0 9983101810    00     198      0              0          
17437961131714417 2474  0 1942  0911104 250         230        2550         2780911104 252      3 3 0706454MARRIOTT3270              2274  0       0       000   010179103490    00     170      0              0          
17595131131714217 2474  0 1942  0911104 318         260        3119         3379911104 321      3 3 0706454MARRIOTT3270              2274  0       0       000   011875120720    00     197      0              0          
17911571131714217 2474  0 1942  0911104 421         143        1407         1550911104 442     21 2 0706454MARRIOTT3270              2274  0       0       000   015649168900    00    1241      0              0          
18087641131714217 2474  0 1942  0911104 459         226        2611         2837911104 501      2 3 0706454MARRIOTT3270              2274  0       0       000   017914180460    00     132      0              0          
18262021131714217 2474  0 1942  0911104 544         143        1407         1550911104 545      1 3 0706454MARRIOTT3270              2274  0       0       000   020646206860    00      40      0              0          
18355721131714217 2474  0 1942  0911104 611         173        2181         2354911104 612      1 3 0706454MARRIOTT3270              2274  0       0       000   022280223410    00      61      0              0          
25925171131714217 2474  0 1942  0911104 756         173        2181         2354911104 757      1 3 0706454MARRIOTT3270              2274  0       0       000   028540286070    00      67      0              0          
25942441131714217 2474  0 1942  0911104 801         268        8284         8552911104 812     11 3 0706454MARRIOTT3270              2274  0       0       000   028848294990    00     651      0              0          
26707251131714217 2474  0 1942  09111041142         143        1407         15509111041146      3 3 0706454MARRIOTT3270              2274  0       0       000   042147423370    00     190      0              0          
27028351131714217 4417  0 1061  09111041240         115        1216         13319111041254     13 2 0527455MAR1061                   2274  0       0       000   045618464120    00     794      0              0          
27056651131714417 2474  0 1942  09111041244         196        1947         21439111041306     22 2 0706454MARRIOTT3270              2274  0       0       000   045844471550    00    1311      0              0          
27101731131714617 4417  0 1061  09111041250        6123       13428        195519111041304     14 3 0527455MAR1061                   2274  0       0       000   046194470180    00     824      0              0          
27531101131714217 4417  0 1061  09111041334        4067       10605        146729111041339      5 3 0527455MAR1061                   2274  0       0       000   048867491630    00     296      0              0          
27569131131714417 4417  0 1061  09111041338       42965       90932       1338979111041417     39 3 0527455MAR1061                   2274  0       0       000   049063514170    00    2354      0              0          
27610751131714217 4417  0 1061  09111041342         152        2833         29859111041357     15 2 0527455MAR1061                   2274  0       0       000   049290501980    00     908      0              0          
27618941131714617 4417  0 1061  09111041342        4404       12343        167479111041347      5 3 0527455MAR1061                   2274  0       0       000   049332496270    00     295      0              0          
27755191131714617 4417  0 1061  09111041355       37522       96720       1342429111041439     44 2 0527455MAR1061                   2274  0       0       000   050084527260    00    2642      0              0          
27850441131714217 4417  0 1061  09111041403         444        6355         67999111041410      7 3 0527455MAR1061                   2274  0       0       000   050580510260    00     446      0              0          
27871851131715017 4417  0 1061  09111041405         333        5708         60419111041417     12 2 0527455MAR1061                   2274  0       0       000   050690514020    00     712      0              0          
28003551131714217 4417  0 1061  09111041416         181        4066         42479111041419      3 3 0527455MAR1061                   2274  0       0       000   051342515310    00     189      0              0          
28064081131714217 4417  0 1061  09111041421        7718       20774        284929111041433     13 3 0527455MAR1061                   2274  0       0       000   051650524080    00     758      0              0          
28093661131714417 2474  0 1942  09111041423         821       17355        181769111041518     55 2 0706454MARRIOTT3270              2274  0       0       000   051793550660    00    3273      0              0          
28181321131715017 4417  0 1061  09111041430        4171       16636        208079111041442     12 3 0527455MAR1061                   2274  0       0       000   052218529140    00     696      0              0          
28194441131715217 4417  0 1061  09111041431       11193       18588        297819111041441      9 3 0527455MAR1061                   2274  0       0       000   052278528420    00     564      0              0          
28211201131715417 2474  0 1942  09111041433         470        8743         92139111041458     25 2 0706454MARRIOTT3270              2274  0       0       000   052359538850    00    1526      0              0          
28289721131714217 4417  0 1061  09111041439         447        6092         65399111041442      3 3 0527455MAR1061                   2274  0       0       000   052738529240    00     186      0              0          
28394341131714217 4417  0 1061  09111041447       49842      131973       1818159111041557     70 3 0527455MAR1061                   2274  0       0       000   053234574230    00    4189      0              0          
28512071131714617 4417  0 1061  09111041456         134        1234         13689111041459      3 3 0527455MAR1061                   2274  0       0       000   053787539550    00     168      0              0          
28570471131714617 4417  0 1061  09111041501       17679       46774        644539111041554     53 2 0527455MAR1061                   2274  0       0       000   054045572170    00    3172      0              0          
28765981131715017 4417  0 1061  09111041515         558        7971         85299111041528     13 2 0527455MAR1061                   2274  0       0       000   054900556550    00     755      0              0          
28781171131715217 2474  0 1942  09111041516         418        3859         42779111041525      9 3 0706454MARRIOTT3270              2274  0       0       000   054969555270    00     558      0              0          
28851451131714417 4417  0 1061  09111041521       29048       56460        855089111041551     30 3 0527455MAR1061                   2274  0       0       000   055268570820    00    1814      0              0          
28869131131715417 4417  0 1061  09111041522        5963       14930        208939111041528      6 3 0527455MAR1061                   2274  0       0       000   055348556780    00     330      0              0          
29058011131715017 4417  0 1061  09111041536        1013       12309        133229111041540      5 3 0527455MAR1061                   2274  0       0       000   056134564180    00     284      0              0          
29142601131715017 4417  0 1061  09111041541        5244       13830        190749111041545      4 3 0527455MAR1061                   2274  0       0       000   056486567250    00     239      0              0          
29446301131714217 2474  0 1942  09111041602         961       25155        261169111041649     47 3 0706454MARRIOTT3270              2274  0       0       000   057729605630    00    2834      0              0          
29596341131714417 4417  0 1061  09111041612        2929       11607        145369111041615      3 3 0527455MAR1061                   2274  0       0       000   058324585020    00     178      0              0          
29812551131714417 4417  0 1061  09111041627         620        8095         87159111041632      5 3 0527455MAR1061                   2274  0       0       000   059206595060    00     300      0              0          
29838811131714617 4417  0 1061  09111041629        2933       14944        178779111041639     11 3 0527455MAR1061                   2274  0       0       000   059315599540    00     639      0              0          
29854171131715017 2474  0 1942  09111041630         173        2219         23929111041631      1 3 0706454MARRIOTT3270              2274  0       0       000   059376594450    00      69      0              0          
29886851131715017 4417  0 1061  09111041632       59543       89564       1491079111041713     41 3 0527455MAR1061                   2274  0       0       000   059502619660    00    2464      0              0          
30016831131714417 2474  0 1942  09111041641         260        3354         36149111041644      3 3 0706454MARRIOTT3270              2274  0       0       000   060033602300    00     197      0              0          
30070671131714417 4417  0 1061  09111041644       33205       61131        943369111041723     39 2 0527455MAR1061                   2274  0       0       000   060256625950    00    2339      0              0          
30148671131714217 2474  0 1942  09111041650         235        3603         38389111041653      4 3 0706454MARRIOTT3270              2274  0       0       000   060588608020    00     214      0              0          
30221841131714217 4417  0 1061  09111041655         514        7562         80769111041659      4 3 0527455MAR1061                   2274  0       0       000   060904611500    00     246      0              0          
30351271131714217 2474  0 1942  09111041704         553        3727         42809111041731     26 3 0706454MARRIOTT3270              2274  0       0       000   061469630520    00    1583      0              0          
30393711131714617 4417  0 1061  09111041708        7109       15088        221979111041718     11 3 0527455MAR1061                   2274  0       0       000   061656622960    00     640      0              0          
30542211131714617 4417  0 1061  09111041719        3121       23773        268949111041738     19 3 0527455MAR1061                   2274  0       0       000   062339634960    00    1157      0              0          
30649311131714417 2474  0 1942  09111041727          52          44           969111041727      0 3 0706454MARRIOTT3270              2274  0       0       000   062799628000    00       1      0              0          
30691431131714417 2474  0 1942  09111041730          52          44           969111041730      0 3 0706454MARRIOTT3270              2274  0       0       000   062991629920    00       1      0              0          
30692471131714417 2474  0 1942  09111041730         213        2701         29149111041732      2 3 0706454MARRIOTT3270              2274  0       0       000   062996631410    00     145      0              0          
30730091131714217 2474  0 1942  09111041733         206        4110         43169111041759     26 2 0706454MARRIOTT3270              2274  0       0       000   063173647590    00    1586      0              0          
30736001131714417 4417  0 1061  09111041733        2864        9345        122099111041736      3 3 0527455MAR1061                   2274  0       0       000   063200633620    00     162      0              0          
30799111131714417 4417  0 1061  09111041738        1788       17380        191689111041806     28 2 0527455MAR1061                   2274  0       0       000   063485651420    00    1657      0              0          
30806441131714617 4417  0 1061  09111041739        8278       25231        335099111041744      6 3 0527455MAR1061                   2274  0       0       000   063517638570    00     340      0              0          
30949271131714617 2474  0 1942  09111041750         294        3444         37389111041754      4 3 0706454MARRIOTT3270              2274  0       0       000   064190644440    00     254      0              0          
30951911131715017 2474  0 1942  09111041750         676        8378         90549111041820     30 3 0706454MARRIOTT3270              2274  0       0       000   064202659910    00    1789      0              0          
31040391131714617 4417  0 1061  09111041757       11847       22490        343379111041806      9 3 0527455MAR1061                   2274  0       0       000   064615651690    00     554      0              0          
31140161131714217 2474  0 1942  09111041805         171        1673         18449111041806      2 3 0706454MARRIOTT3270              2274  0       0       000   065075651680    00      93      0              0          
31140201131715217 4417  0 1061  09111041805         111        2049         21609111041806      1 3 0527455MAR1061                   2274  0       0       000   065075651580    00      83      0              0          
31142991131715417 2474  0 1942  09111041805         332        4971         53039111041812      7 3 0706454MARRIOTT3270              2274  0       0       000   065089655140    00     425      0              0          
31167271131714217 2474  0 1942  09111041807         375        7444         78199111041841     35 2 0706454MARRIOTT3270              2274  0       0       000   065201672790    00    2078      0              0          
31347911131714417 2474  0 1942  09111041820         411        5538         59499111041908     48 2 0706454MARRIOTT3270              2274  0       0       000   066028688980    00    2870      0              0          
31352391131714617 4417  0 1061  09111041821         185        1749         19349111041822      1 3 0527455MAR1061                   2274  0       0       000   066049661280    00      79      0              0          
31383241131714617 4417  0 1061  09111041823         140        2144         22849111041826      2 3 0527455MAR1061                   2274  0       0       000   066198663460    00     148      0              0          
31418101131714617 2474  0 1942  09111041826         353        3838         41919111041838     12 3 0706454MARRIOTT3270              2274  0       0       000   066355670850    00     730      0              0          
31599241131714617 4417  0 1061  09111041839         333        5708         60419111041842      3 3 0527455MAR1061                   2274  0       0       000   067158673390    00     181      0              0          
31624971131715017 2474  0 1942  09111041841         340       10310        106509111041850      8 3 0706454MARRIOTT3270              2274  0       0       000   067276677730    00     497      0              0          
31646681131714217 4417  0 1061  09111041843       30516       50212        807289111041923     40 2 0527455MAR1061                   2274  0       0       000   067374697800    00    2406      0              0          
31667131131714617 2474  0 1942  09111041845        1925       25247        271729111041931     47 3 0706454MARRIOTT3270              2274  0       0       000   067470702650    00    2795      0              0          
31685151131715217 4417  0 1061  09111041846       11262       40162        514249111041901     15 3 0527455MAR1061                   2274  0       0       000   067554684740    00     920      0              0          
31756951131715017 4417  0 1061  09111041852        1184        7388         85729111041855      3 3 0527455MAR1061                   2274  0       0       000   067890680780    00     188      0              0          
31775391131715417 4417  0 1061  09111041853        5075       24269        293449111041903     10 3 0527455MAR1061                   2274  0       0       000   067972685540    00     582      0              0          
31777441131715617 2474  0 1942  09111041853         401        5917         63189111041859      6 3 0706454MARRIOTT3270              2274  0       0       000   067980683550    00     375      0              0          
32006131131714417 4417  0 1061  09111041910       21413       45519        669329111041923     14 3 0527455MAR1061                   2274  0       0       000   068978697950    00     817      0              0          
32060981131715017 4417  0 1061  09111041914         333        5708         60419111041926     12 2 0527455MAR1061                   2274  0       0       000   069213699350    00     722      0              0          
32091451131715217 2474  0 1942  09111041916         400        4615         50159111041924      9 3 0706454MARRIOTT3270              2274  0       0       000   069344698680    00     524      0              0          
32185241131715417 4417  0 1061  09111041922         520        7519         80399111041925      3 3 0527455MAR1061                   2274  0       0       000   069741699260    00     185      0              0          
32312831131714217 2474  0 1942  09111041932         328        4667         49959111041937      5 3 0706454MARRIOTT3270              2274  0       0       000   070290706150    00     325      0              0          
32331041131714417 4417  0 1061  09111041933        8158       15474        236329111041950     18 2 0527455MAR1061                   2274  0       0       000   070366714240    00    1058      0              0          
32351341131714617 4417  0 1061  09111041934        8014       18114        261289111041950     16 3 0527455MAR1061                   2274  0       0       000   070450713910    00     941      0              0          
32416181131714217 2474  0 1942  09111041939         381        9509         98909111041950     12 3 0706454MARRIOTT3270              2274  0       0       000   070729714230    00     694      0              0          
32443921131715017 4417  0 1061  09111041941         401        7196         75979111041945      4 3 0527455MAR1061                   2274  0       0       000   070850711190    00     269      0              0          
32639271131714217 2474  0 1942  09111041955         464        7573         80379111042005     10 3 0706454MARRIOTT3270              2274  0       0       000   071720723100    00     590      0              0          
32671741131714417 4417  0 1061  09111041958        2840        8365        112059111042017     20 2 0527455MAR1061                   2274  0       0       000   071865730460    00    1181      0              0          
32763631131714617 4417  0 1061  09111042004         463        6948         74119111042011      7 3 0527455MAR1061                   2274  0       0       000   072261726650    00     404      0              0          
32792421131714217 4417  0 1061  09111042006          85        1127         12129111042017     10 2 0527455MAR1061                   2274  0       0       000   072384729960    00     612      0              0          
32841831131715017 4417  0 1061  09111042010          67          39          1069111042010      1 3 0527455MAR1061                   2274  0       0       000   072592726260    00      34      0              0          
32865231131714617 4417  0 1061  09111042012         427        7621         80489111042016      4 3 0527455MAR1061                   2274  0       0       000   072691729560    00     265      0              0          
32868571131715017 4417  0 1061  09111042012         352        5779         61319111042025     13 2 0527455MAR1061                   2274  0       0       000   072705735100    00     805      0              0          
32881171131715217 4417  0 1061  09111042013       50846      129759       1806059111042059     46 3 0527455MAR1061                   2274  0       0       000   072760755480    00    2788      0              0          
32943781131714217 2474  0 1942  09111042017         328        4373         47019111042023      5 3 0706454MARRIOTT3270              2274  0       0       000   073035733520    00     317      0              0          
32950101131714417 2474  0 1942  09111042018         288        3833         41219111042043     25 2 0706454MARRIOTT3270              2274  0       0       000   073063745500    00    1487      0              0          
33244731131714217 4417  0 1061  09111042041       13893       35361        492549111042101     20 3 0527455MAR1061                   2274  0       0       000   074432756400    00    1208      0              0          
33283131131714417 4417  0 1061  09111042044       18300       29193        474939111042053      9 3 0527455MAR1061                   2274  0       0       000   074619751620    00     543      0              0          
33297371131714617 4417  0 1061  09111042045        5764       13960        197249111042101     16 3 0527455MAR1061                   2274  0       0       000   074688756300    00     942      0              0          
33325811131715017 4417  0 1061  09111042047        7183       14202        213859111042058     11 3 0527455MAR1061                   2274  0       0       000   074817754670    00     650      0              0          
33406041131714417 4417  0 1061  09111042053        1940        9877        118179111042106     12 2 0527455MAR1061                   2274  0       0       000   075199759400    00     741      0              0          
33427031131715417 2474  0 1942  09111042055         396        5108         55049111042102      7 3 0706454MARRIOTT3270              2274  0       0       000   075293757350    00     442      0              0          
33469481131715017 4417  0 1061  09111042058        1141       10101        112429111042117     19 2 0527455MAR1061                   2274  0       0       000   075493766440    00    1151      0              0          
33490811131715217 2474  0 1942  09111042060         155        2188         23439111042121     21 2 0706454MARRIOTT3270              2274  0       0       000   075588768490    00    1261      0              0          
33562321131714217 4417  0 1061  09111042105        4774       11260        160349111042109      4 3 0527455MAR1061                   2274  0       0       000   075913761350    00     222      0              0          
33645471131714217 2474  0 1942  09111042112        2201       25568        277699111042240     88 2 0706454MARRIOTT3270              2274  0       0       000   076304815970    00    5293      0              0          
33745031131714417 4417  0 1061  09111042119        7837       15215        230529111042149     30 2 0527455MAR1061                   2274  0       0       000   076756785580    00    1802      0              0          
33761521131714617 2474  0 1942  09111042121         421        5843         62649111042151     31 2 0706454MARRIOTT3270              2274  0       0       000   076833786690    00    1836      0              0          
33898161131715017 4417  0 1061  09111042131       20899       50637        715369111042153     22 3 0527455MAR1061                   2274  0       0       000   077452787680    00    1316      0              0          
33991481131715217 2474  0 1942  09111042138         600        8569         91699111042151     13 3 0706454MARRIOTT3270              2274  0       0       000   077876786710    00     795      0              0          
34155741131714417 4417  0 1061  09111042151        1360       15855        172159111042218     27 2 0527455MAR1061                   2274  0       0       000   078643802800    00    1637      0              0          
34233751131714617 4417  0 1061  09111042156       17407       56553        739609111042213     17 3 0527455MAR1061                   2274  0       0       000   078967799910    00    1024      0              0          
34292821131715017 4417  0 1061  09111042201         333        3714         40479111042212     11 2 0527455MAR1061                   2274  0       0       000   079230799050    00     675      0              0          
34352711131715217 4417  0 1061  09111042205        1492       11312        128049111042211      6 3 0527455MAR1061                   2274  0       0       000   079517798550    00     338      0              0          
34473581131714617 4417  0 1061  09111042215       20022       73460        934829111042235     20 3 0527455MAR1061                   2274  0       0       000   080097812800    00    1183      0              0          
34493821131715017 2474  0 1942  09111042216         168         483          6519111042217      0 3 0706454MARRIOTT3270              2274  0       0       000   080178801920    00      14      0              0          
34505081131715017 2474  0 1942  09111042217         332        4050         43829111042225      8 3 0706454MARRIOTT3270              2274  0       0       000   080221807070    00     486      0              0          
34657531131714417 4417  0 1061  09111042231       36681       59384        960659111042311     41 2 0527455MAR1061                   2274  0       0       000   081036834860    00    2450      0              0          
34765841131714217 2474  0 1942  09111042241        2641       49383        520249111042342     60 3 0706454MARRIOTT3270              2274  0       0       000   081674852930    00    3619      0              0          
34885541131714617 2474  0 1942  09111042253         118         545          6639111042254      0 3 0706454MARRIOTT3270              2274  0       0       000   082399824100    00      11      0              0          
34892021131714617 2474  0 1942  09111042254         255        2910         31659111042256      2 3 0706454MARRIOTT3270              2274  0       0       000   082438825750    00     137      0              0          
34930141131714617 2474  0 1942  09111042258         396        5387         57839111042305      7 3 0706454MARRIOTT3270              2274  0       0       000   082677831260    00     449      0              0          
35089901131714417 4417  0 1061  09111042315       12927       26893        398209111042326     11 3 0527455MAR1061                   2274  0       0       000   083684843530    00     669      0              0          
35293061131714417 2474  0 1942  09111042338         294        3219         35139111042342      4 3 0706454MARRIOTT3270              2274  0       0       000   085087853270    00     240      0              0          
35405141131714217 2474  0 1942  09111042351         156        2578         27349111042353      2 3 0706454MARRIOTT3270              2274  0       0       000   085886860030    00     117      0              0          
42108921131714217 4417  0 1061  0911105 214        1191        7379         8570911105 229     15 2 0527455MAR1061                   2274  0       0       000   0 8030 89310    00     901      0              0          
42617961131714217 2474  0 1942  0911105 348         191        2247         2438911105 349      1 3 0706454MARRIOTT3270              2274  0       0       000   013661137310    00      70      0              0          
42904851131714217 2474  0 1942  0911105 456         185        2493         2678911105 457      1 3 0706454MARRIOTT3270              2274  0       0       000   017754178220    00      68      0              0          
43107371131714217 2474  0 1942  0911105 556         294        3807         4101911105 560      4 3 0706454MARRIOTT3270              2274  0       0       000   021334215880    00     254      0              0          
43136411131714217 2474  0 1942  0911105 605         502        7096         7598911105 616     11 3 0706454MARRIOTT3270              2274  0       0       000   021881225670    00     686      0              0          
43289511131714217 2474  0 1942  0911105 660         226        2973         3199911105 702      2 3 0706454MARRIOTT3270              2274  0       0       000   025186253300    00     144      0              0          
62426701131714217 2474  0 1942  0911105 704         328        4195         4523911105 709      5 3 0706454MARRIOTT3270              2274  0       0       000   025414257330    00     319      0              0          
62836701131714217 2474  0 1942  09111051021         175        3152         33279111051025      3 3 0706454MARRIOTT3270              2274  0       0       000   037266374710    00     205      0              0          
62870081131714217 2474  0 1942  09111051040         255        7452         77079111051047      7 3 0706454MARRIOTT3270              2274  0       0       000   038372388030    00     431      0              0          
62884491131714217 2474  0 1942  09111051048         153        1974         21279111051049      1 3 0706454MARRIOTT3270              2274  0       0       000   038863389410    00      78      0              0          
35631541131714217 2474  0 1942  0911105  18         362        5642         6004911105  24      6 3 0706454MARRIOTT3270              2274  0       0       000   0 1064 14410    00     377      0              0          
35697991131714217 4417  0 1061  0911105  26         123        1612         1735911105  27      1 3 0527455MAR1061                   2274  0       0       000   0 1546 16100    00      64      0              0          
35800821131714217 2474  0 1942  0911105  38         341        5058         5399911105  42      4 3 0706454MARRIOTT3270              2274  0       0       000   0 2294 25390    00     245      0              0          
35994861131714217 4417  0 1061  0911105 103       37832       82835       120667911105 142     38 2 0527455MAR1061                   2274  0       0       000   0 3794 61000    00    2306      0              0          
36037791131714417 2474  0 1942  0911105 109         362        4966         5328911105 116      7 3 0706454MARRIOTT3270              2274  0       0       000   0 4134 45310    00     397      0              0          
36220581131714417 2474  0 1942  0911105 135         294        3087         3381911105 139      4 3 0706454MARRIOTT3270              2274  0       0       000   0 5686 59330    00     247      0              0          
36295791131714217 4417  0 1061  0911105 146         242        6090         6332911105 147      1 3 0527455MAR1061                   2274  0       0       000   0 6345 64330    00      88      0              0          
36691741131714217 4417  0 1061  09111051250        2985        3869         68549111051324     34 2 0527455MAR1061                   2274  0       0       000   046203482550    00    2052      0              0          
36752131131714417 4417  0 1061  09111051259        6599       16922        235219111051312     14 2 0527455MAR1061                   2274  0       0       000   046733475470    00     814      0              0          
36805331131714617 4417  0 1061  09111051305         894        8538         94329111051310      5 3 0527455MAR1061                   2274  0       0       000   047110473930    00     283      0              0          
36925711131714417 4417  0 1061  09111051319         188        3447         36359111051320      1 3 0527455MAR1061                   2274  0       0       000   047944480150    00      71      0              0          
37073641131714217 4417  0 1061  09111051335         493        7453         79469111051340      5 3 0527455MAR1061                   2274  0       0       000   048901491950    00     294      0              0          
37230781131714217 4417  0 1061  09111051351       30017       80975       1109929111051435     45 2 0527455MAR1061                   2274  0       0       000   049838525210    00    2683      0              0          
37342561131714417 4417  0 1061  09111051401       17244       26911        441559111051411     10 3 0527455MAR1061                   2274  0       0       000   050477510850    00     608      0              0          
37469621131714417 4417  0 1061  09111051412         346        7581         79279111051418      5 3 0527455MAR1061                   2274  0       0       000   051132514560    00     324      0              0          
37500541131714617 4417  0 1061  09111051415         126        1234         13609111051416      1 3 0527455MAR1061                   2274  0       0       000   051297513580    00      61      0              0          
37506021131715017 4417  0 1061  09111051415        6620       15123        217439111051421      6 3 0527455MAR1061                   2274  0       0       000   051329516810    00     352      0              0          
37517921131714617 4417  0 1061  09111051416         179        1258         14379111051427     11 2 0527455MAR1061                   2274  0       0       000   051388520310    00     643      0              0          
37603741131714417 4417  0 1061  09111051424        7626       15273        228999111051429      5 3 0527455MAR1061                   2274  0       0       000   051823521340    00     311      0              0          
37625571131715017 4417  0 1061  09111051426        7035       14957        219929111051448     22 2 0527455MAR1061                   2274  0       0       000   051936532550    00    1319      0              0          
37669231131714417 2474  0 1942  09111051430         143        1904         20479111051450     21 2 0706454MARRIOTT3270              2274  0       0       000   052180534250    00    1245      0              0          
37674061131714617 4417  0 1061  09111051430       77670      180090       2577609111051607     97 3 0527455MAR1061                   2274  0       0       000   052205580350    00    5830      0              0          
37722291131715217 4417  0 1061  09111051434        7018       30805        378239111051445     11 3 0527455MAR1061                   2274  0       0       000   052446531090    00     663      0              0          
38059561131714217 2474  0 1942  09111051502         226        2709         29359111051504      2 3 0706454MARRIOTT3270              2274  0       0       000   054123542550    00     132      0              0          
38380881131714217 4417  0 1061  09111051526       40789       58201        989909111051558     31 3 0527455MAR1061                   2274  0       0       000   055583574620    00    1879      0              0          
38462891131714417 4417  0 1061  09111051533         724        6761         74859111051547     15 2 0527455MAR1061                   2274  0       0       000   055951568240    00     873      0              0          
38548501131715017 4417  0 1061  09111051539          85        1127         12129111051549     10 2 0527455MAR1061                   2274  0       0       000   056339569500    00     611      0              0          
38567031131715217 4417  0 1061  09111051540       24382       37887        622699111051613     33 3 0527455MAR1061                   2274  0       0       000   056425583870    00    1962      0              0          
38629611131715417 2474  0 1942  09111051545         225        2480         27059111051547      2 3 0706454MARRIOTT3270              2274  0       0       000   056712568440    00     132      0              0          
38719171131714417 2474  0 1942  09111051552         260        3338         35989111051555      3 3 0706454MARRIOTT3270              2274  0       0       000   057113573080    00     195      0              0          
38750281131715017 4417  0 1061  09111051554        1687        8698        103859111051602      8 3 0527455MAR1061                   2274  0       0       000   057256577430    00     487      0              0          
38775591131714417 2474  0 1942  09111051556         143        1428         15719111051557      1 3 0706454MARRIOTT3270              2274  0       0       000   057375574470    00      72      0              0          
38797481131714217 2474  0 1942  09111051558         183        2246         24299111051559      1 3 0706454MARRIOTT3270              2274  0       0       000   057474575630    00      89      0              0          
38824111131714217 2474  0 1942  09111051560         178        1493         16719111051601      1 3 0706454MARRIOTT3270              2274  0       0       000   057588576600    00      72      0              0          
38844271131714217 2474  0 1942  09111051601         257        5143         54009111051604      2 3 0706454MARRIOTT3270              2274  0       0       000   057672578190    00     147      0              0          
38868471131714417 4417  0 1061  09111051603       19248       36027        552759111051618     15 3 0527455MAR1061                   2274  0       0       000   057782586640    00     882      0              0          
38882371131714217 2474  0 1942  09111051604         346        4438         47849111051609      5 3 0706454MARRIOTT3270              2274  0       0       000   057845581480    00     303      0              0          
38897141131715017 2474  0 1942  09111051605         215        1536         17519111051607      2 3 0706454MARRIOTT3270              2274  0       0       000   057907580030    00      96      0              0          
38925691131715017 2474  0 1942  09111051607        1439       16705        181449111051635     27 3 0706454MARRIOTT3270              2274  0       0       000   058028596710    00    1643      0              0          
38933801131714617 4417  0 1061  09111051608       11260       37845        491059111051637     30 2 0527455MAR1061                   2274  0       0       000   058062598380    00    1776      0              0          
38967831131714217 2474  0 1942  09111051610         458       11129        115879111051623     13 3 0706454MARRIOTT3270              2274  0       0       000   058210589980    00     788      0              0          
39082221131714417 4417  0 1061  09111051618         695       10036        107319111051633     15 2 0527455MAR1061                   2274  0       0       000   058696596040    00     908      0              0          
39215331131714217 4417  0 1061  09111051628        6062       26515        325779111051651     23 3 0527455MAR1061                   2274  0       0       000   059277606720    00    1395      0              0          
39230631131715217 2474  0 1942  09111051629         407       11429        118369111051635      6 3 0706454MARRIOTT3270              2274  0       0       000   059343597120    00     369      0              0          
39278291131715417 2474  0 1942  09111051633         196        1880         20769111051654     22 2 0706454MARRIOTT3270              2274  0       0       000   059553608650    00    1312      0              0          
39372381131714417 4417  0 1061  09111051639          85        1127         12129111051640      1 3 0527455MAR1061                   2274  0       0       000   059961600070    00      46      0              0          
39459411131714417 4417  0 1061  09111051646       20783       37433        582169111051704     18 3 0527455MAR1061                   2274  0       0       000   060353614450    00    1092      0              0          
39508441131714617 2474  0 1942  09111051650        3601       12368        159699111051742     52 3 0706454MARRIOTT3270              2274  0       0       000   060579637000    00    3121      0              0          
39599711131714217 2474  0 1942  09111051657         362        5258         56209111051703      6 3 0706454MARRIOTT3270              2274  0       0       000   060995613710    00     376      0              0          
39642661131715017 4417  0 1061  09111051660        5125       30104        352299111051720     20 3 0527455MAR1061                   2274  0       0       000   061192624080    00    1216      0              0          
40028781131714217 2474  0 1942  09111051732         110        1523         16339111051733      1 3 0706454MARRIOTT3270              2274  0       0       000   063105631590    00      54      0              0          
40044311131714217 2474  0 1942  09111051733         504       12910        134149111051749     16 3 0706454MARRIOTT3270              2274  0       0       000   063187641460    00     959      0              0          
40059091131714417 4417  0 1061  09111051734         333        5708         60419111051746     11 2 0527455MAR1061                   2274  0       0       000   063261639330    00     672      0              0          
40072051131715017 2474  0 1942  09111051735         347        7811         81589111051742      7 3 0706454MARRIOTT3270              2274  0       0       000   063329637380    00     409      0              0          
40147331131714617 4417  0 1061  09111051742        9385       19509        288949111051757     15 2 0527455MAR1061                   2274  0       0       000   063720645930    00     873      0              0          
40199201131714417 4417  0 1061  09111051746         145        2833         29789111051757     11 2 0527455MAR1061                   2274  0       0       000   063983646420    00     659      0              0          
40244581131714217 4417  0 1061  09111051750         735        9934        106699111051803     13 3 0527455MAR1061                   2274  0       0       000   064217649910    00     774      0              0          
40260371131715017 4417  0 1061  09111051752        3726       27443        311699111051805     13 3 0527455MAR1061                   2274  0       0       000   064297650880    00     791      0              0          
40282001131715217 4417  0 1061  09111051754        1624       11230        128549111051810     17 2 0527455MAR1061                   2274  0       0       000   064414654280    00    1014      0              0          
40320321131714617 4417  0 1061  09111051757         333        3714         40479111051808     11 2 0527455MAR1061                   2274  0       0       000   064624652900    00     666      0              0          
40330231131714417 2474  0 1942  09111051758         617       12251        128689111051808     10 3 0706454MARRIOTT3270              2274  0       0       000   064675652610    00     586      0              0          
40419011131714217 4417  0 1061  09111051806        1073       10389        114629111051814      9 3 0527455MAR1061                   2274  0       0       000   065131656560    00     525      0              0          
40451671131714417 2474  0 1942  09111051808         328        2094         24229111051812      4 3 0706454MARRIOTT3270              2274  0       0       000   065297655390    00     242      0              0          
40459301131714617 4417  0 1061  09111051809         652        7871         85239111051816      7 3 0527455MAR1061                   2274  0       0       000   065337657730    00     436      0              0          
40505911131714417 2474  0 1942  09111051813         464        5328         57929111051822      9 3 0706454MARRIOTT3270              2274  0       0       000   065571660930    00     522      0              0          
40515511131715017 4417  0 1061  09111051814       30980       78196       1091769111051903     50 2 0527455MAR1061                   2274  0       0       000   065617685960    00    2979      0              0          
40596901131714217 2474  0 1942  09111051821         196        1920         21169111051823      2 3 0706454MARRIOTT3270              2274  0       0       000   066032661730    00     141      0              0          
40629701131714217 2474  0 1942  09111051823         143        1407         15509111051844     21 2 0706454MARRIOTT3270              2274  0       0       000   066201674400    00    1239      0              0          
40693801131714417 4417  0 1061  09111051828         333        5708         60419111051831      3 3 0527455MAR1061                   2274  0       0       000   066490666460    00     156      0              0          
41052161131714217 4417  0 1061  09111051854       14314       26267        405819111051907     13 3 0527455MAR1061                   2274  0       0       000   068035688050    00     770      0              0          
41190501131714417 4417  0 1061  09111051905       39099       74662       1137619111051951     47 3 0527455MAR1061                   2274  0       0       000   068675714850    00    2810      0              0          
41190651131714617 4417  0 1061  09111051905         716       10016        107329111051920     15 2 0527455MAR1061                   2274  0       0       000   068676695750    00     899      0              0          
41236721131714217 4417  0 1061  09111051908        5457       14800        202579111051914      6 3 0527455MAR1061                   2274  0       0       000   068887692540    00     367      0              0          
41333441131714217 4417  0 1061  09111051916       17757       65510        832679111051945     29 3 0527455MAR1061                   2274  0       0       000   069330710930    00    1763      0              0          
41347201131715017 2474  0 1942  09111051916         668        9539        102079111051931     14 3 0706454MARRIOTT3270              2274  0       0       000   069389702540    00     865      0              0          
41377441131715217 2474  0 1942  09111051919         294        3567         38619111051926      8 3 0706454MARRIOTT3270              2274  0       0       000   069520699860    00     466      0              0          
41442491131714617 4417  0 1061  09111051924       18389       57557        759469111052001     37 2 0527455MAR1061                   2274  0       0       000   069824720680    00    2244      0              0          
41461081131715417 2474  0 1942  09111051925         362        4557         49199111051931      6 3 0706454MARRIOTT3270              2274  0       0       000   069906702860    00     380      0              0          
41591101131715017 4417  0 1061  09111051935        3160       17359        205199111051959     24 2 0527455MAR1061                   2274  0       0       000   070515719350    00    1420      0              0          
41611721131715217 4417  0 1061  09111051937       25310       91780       1170909111052028     51 2 0527455MAR1061                   2274  0       0       000   070610736750    00    3065      0              0          
41763211131714217 4417  0 1061  09111051949       17299       45920        632199111052005     17 3 0527455MAR1061                   2274  0       0       000   071322723220    00    1000      0              0          
41763481131715417 4417  0 1061  09111051949       40399       82801       1232009111052032     43 3 0527455MAR1061                   2274  0       0       000   071323738940    00    2571      0              0          
41774871131715617 4417  0 1061  09111051950        1131       11714        128459111052007     18 3 0527455MAR1061                   2274  0       0       000   071378724280    00    1050      0              0          
41817511131714417 2474  0 1942  09111051953         464        5774         62389111052003      9 3 0706454MARRIOTT3270              2274  0       0       000   071583721500    00     567      0              0          
41819961131716017 4417  0 1061  09111051953        9857       27865        377229111052007     14 3 0527455MAR1061                   2274  0       0       000   071594724260    00     832      0              0          
41997191131714217 4417  0 1061  09111052007          95        1139         12349111052007      0 3 0527455MAR1061                   2274  0       0       000   072405724280    00      23      0              0          
42041721131714217 4417  0 1061  09111052010       49457      150337       1997949111052113     63 3 0527455MAR1061                   2274  0       0       000   072618763750    00    3757      0              0          
42056571131714417 4417  0 1061  09111052012        4687       16083        207709111052021      9 3 0527455MAR1061                   2274  0       0       000   072692732540    00     562      0              0          
42083951131714617 4417  0 1061  09111052014        2295       10692        129879111052017      3 3 0527455MAR1061                   2274  0       0       000   072819730270    00     208      0              0          
42167991131714617 4417  0 1061  09111052020        9988       26085        360739111052032     12 3 0527455MAR1061                   2274  0       0       000   073217739280    00     711      0              0          
42174241131715017 2474  0 1942  09111052021         559       17464        180239111052042     21 3 0706454MARRIOTT3270              2274  0       0       000   073246745220    00    1276      0              0          
42407341131714417 4417  0 1061  09111052039       25702       59775        854779111052108     28 3 0527455MAR1061                   2274  0       0       000   074357760530    00    1696      0              0          
42415761131714617 4417  0 1061  09111052040        3431       14041        174729111052045      5 3 0527455MAR1061                   2274  0       0       000   074397746860    00     289      0              0          
42436401131715217 4417  0 1061  09111052042        9007       18233        272409111052055     13 3 0527455MAR1061                   2274  0       0       000   074492752910    00     799      0              0          
42530031131714617 4417  0 1061  09111052049       14141       37081        512229111052104     15 3 0527455MAR1061                   2274  0       0       000   074935758360    00     901      0              0          
42584041131715017 4417  0 1061  09111052053         114        1222         13369111052055      2 3 0527455MAR1061                   2274  0       0       000   075192753220    00     130      0              0          
42618261131715017 4417  0 1061  09111052056        5044       17715        227599111052120     25 2 0527455MAR1061                   2274  0       0       000   075349768220    00    1473      0              0          
42648231131715217 4417  0 1061  09111052058       42333      103536       1458699111052135     37 3 0527455MAR1061                   2274  0       0       000   075484776940    00    2210      0              0          
42662571131715417 2474  0 1942  09111052059         362        4682         50449111052105      6 3 0706454MARRIOTT3270              2274  0       0       000   075547759100    00     363      0              0          
42736961131714617 2474  0 1942  09111052105         196        1880         20769111052107      2 3 0706454MARRIOTT3270              2274  0       0       000   075882759940    00     112      0              0          
42794741131714417 4417  0 1061  09111052109        1298        9445        107439111052111      2 3 0527455MAR1061                   2274  0       0       000   076149762820    00     133      0              0          
42845951131714217 4417  0 1061  09111052113        2486       10959        134459111052115      2 3 0527455MAR1061                   2274  0       0       000   076377765080    00     131      0              0          
42852161131714417 4417  0 1061  09111052113        1093       12343        134369111052117      4 3 0527455MAR1061                   2274  0       0       000   076404766230    00     219      0              0          
42895731131714217 2474  0 1942  09111052117         430        5816         62469111052125      8 3 0706454MARRIOTT3270              2274  0       0       000   076609771120    00     503      0              0          
42916031131714417 4417  0 1061  09111052118         219         833         10529111052119      0 3 0527455MAR1061                   2274  0       0       000   076701767130    00      12      0              0          
43013721131714217 4417  0 1061  09111052125       31592       49745        813379111052151     26 2 0527455MAR1061                   2274  0       0       000   077128786820    00    1554      0              0          
43137501131714417 4417  0 1061  09111052135       24172       48594        727669111052157     23 3 0527455MAR1061                   2274  0       0       000   077681790460    00    1365      0              0          
43332341131714617 4417  0 1061  09111052149         421        5667         60889111052201     12 2 0527455MAR1061                   2274  0       0       000   078552792680    00     716      0              0          
43342561131715017 4417  0 1061  09111052150       65275      145523       2107989111052241     51 2 0527455MAR1061                   2274  0       0       000   078601816620    00    3061      0              0          
43460651131714217 4417  0 1061  09111052159         171        1332         15039111052202      3 3 0527455MAR1061                   2274  0       0       000   079150793200    00     170      0              0          
43502611131714217 4417  0 1061  09111052202         420        6083         65039111052212     10 3 0527455MAR1061                   2274  0       0       000   079341799250    00     584      0              0          
43591571131714417 4417  0 1061  09111052210        1919       17414        193339111052224     14 3 0527455MAR1061                   2274  0       0       000   079790806190    00     829      0              0          
43697301131714217 2474  0 1942  09111052219         196        2104         23009111052221      2 3 0706454MARRIOTT3270              2274  0       0       000   080320804600    00     140      0              0          
43737101131714217 4417  0 1061  09111052222         333        3714         40479111052233     11 2 0527455MAR1061                   2274  0       0       000   080526811940    00     668      0              0          
43747941131714617 4417  0 1061  09111052223        4029       17685        217149111052239     16 3 0527455MAR1061                   2274  0       0       000   080584815270    00     943      0              0          
43755401131714417 4417  0 1061  09111052224        1515       17651        191669111052239     15 3 0527455MAR1061                   2274  0       0       000   080623815390    00     916      0              0          
43759891131715217 4417  0 1061  09111052224         717        7814         85319111052229      4 3 0527455MAR1061                   2274  0       0       000   080647809110    00     264      0              0          
43832691131715217 4417  0 1061  09111052230         583        6768         73519111052236      5 3 0527455MAR1061                   2274  0       0       000   081028813440    00     316      0              0          
43896561131714217 4417  0 1061  09111052236         284        5696         59809111052238      2 3 0527455MAR1061                   2274  0       0       000   081372814910    00     119      0              0          
43943221131714217 4417  0 1061  09111052241        2554       27309        298639111052258     17 2 0527455MAR1061                   2274  0       0       000   081651827000    00    1049      0              0          
43956861131714417 2474  0 1942  09111052242         396        5547         59439111052250      7 3 0706454MARRIOTT3270              2274  0       0       000   081730821720    00     442      0              0          
44229861131714217 4417  0 1061  09111052308        3630       13026        166569111052315      6 3 0527455MAR1061                   2274  0       0       000   083305836850    00     380      0              0          
44242481131714417 4417  0 1061  09111052310        3612       21690        253029111052318      8 3 0527455MAR1061                   2274  0       0       000   083381838690    00     488      0              0          
44295441131714217 4417  0 1061  09111052315       51855      113883       1657389111052356     41 3 0527455MAR1061                   2274  0       0       000   083713861790    00    2466      0              0          
44381391131714417 2474  0 1942  09111052324         260        3325         35859111052327      3 3 0706454MARRIOTT3270              2274  0       0       000   084254844450    00     191      0              0          
44489611131714417 4417  0 1061  09111052336         359        5358         57179111052350     14 3 0527455MAR1061                   2274  0       0       000   084948857780    00     830      0              0          
44578711131714617 4417  0 1061  09111052346          85        1127         12129111052356     10 2 0527455MAR1061                   2274  0       0       000   085536861470    00     611      0              0          
44600471131715017 2474  0 1942  09111052348         468        6030         64989111052358     10 3 0706454MARRIOTT3270              2274  0       0       000   085684863040    00     620      0              0          
yso=