1
 
                   MAX
            TOTAL  SIM                MAXIMUM CPS                   CONNECT
 DATE  HOUR USERS USERS            IN         OUT       TOTAL         HOURS
 
 
 920406   1    10     9          7.80        2.40       10.20          0.17
 920406   2    10     9          7.80        2.40       10.20          0.18
 920406   3    10    10          8.67        2.67       11.33          0.17
 920406   4    10    10          8.67        2.67       11.33          0.17
 920406   5    10     8          6.93        2.13        9.07          0.18
 920406   6    14     6         12.13        9.72       19.45          0.45
 920406   7    10     6          5.20        1.60        6.80          0.17
 920406   8     8     7          6.07        1.87        7.93          0.13
 920406   9    11     9          7.80        2.40       10.20          0.20
 920406  10    10     9          7.80        2.40       10.20          0.18
 920406  11    10     6          5.20        1.60        6.80          0.17
 920406  12    40    12         12.22        4.23       16.45          0.73
 920406  13    46    12         10.90        5.72       16.62          1.58
 920406  14    49     9          9.25       27.48       30.20          2.13
 920406  15    69    13         66.73      191.40      210.20          5.18
 920406  16    78    14         88.28      195.80      274.05          8.25
 920406  17    63    16         94.72      304.60      391.68          8.92
 920406  18    41    10         90.32      166.02      249.37          5.55
 920406  19    52    12        116.68      241.48      280.90          7.30
 920406  20    62    15         74.42      200.00      271.10          8.65
 920406  21    97    17         43.67      198.20      210.53          6.90
 920406  22    41    11          8.97      209.68      218.65          8.30
 920406  23    52    12         25.95      210.80      221.55          8.43
 920406  24    49    10         82.23      175.58      232.58          6.53
1
 
                   MAX
            TOTAL  SIM                MAXIMUM CPS                   CONNECT
 DATE  HOUR USERS USERS            IN         OUT       TOTAL         HOURS
 
 
 920407   1    46    10        136.82      140.85      268.80          6.28
 920407   2    41     8        181.73      232.77      283.45          5.55
 920407   3    33     7        106.63      224.05      275.73          5.08
 920407   4    40     8         61.92       97.43      107.80          2.22
 920407   5    24     4          4.27       61.72       65.98          1.65
 920407   6    22     3          4.25        5.00        9.18          1.47
 920407   7    23     3          4.38       21.75       26.13          1.60
 920407   8    24     2          2.85        4.38        6.93          1.42
 920407   9    27     3          4.28        4.08        6.93          0.47
 920407  10    24     3          3.50       42.40       45.52          1.28
 920407  11    30     3          6.37       41.15       45.93          1.28
 920407  12    25     3          6.58       29.35       35.93          1.30
 920407  13     4     2        389.05       10.35      399.40          1.05
 920407  14    19     7        394.92       54.27      449.18          3.72
 920407  15    42    10        394.30      134.88      441.08          6.75
 920407  16    33    10        241.67      171.02      409.58          7.80
 920407  17    50     9        530.50      144.73      605.15          6.28
 920407  18    39     9         43.58      102.50      113.75          5.97
 920407  19    47     9         35.75      134.20      153.75          7.32
 920407  20    53    11         37.85      157.58      163.27          6.87
 920407  21    49    12        115.93      251.10      302.55          6.13
 920407  22    49    12        101.32      186.87      236.30          8.65
 920407  23    42     9         36.77      136.73      144.68          6.92
 920407  24    52     9         37.87      139.17      157.32          5.38
1
 
                   MAX
            TOTAL  SIM                MAXIMUM CPS                   CONNECT
 DATE  HOUR USERS USERS            IN         OUT       TOTAL         HOURS
 
 
 920408   1    47    10         78.93      208.90      276.75          6.77
 920408   2    42     8         61.07      109.67      129.77          5.35
 920408   3    30     6         40.02       46.85       81.35          4.87
 920408   4    27     5          6.05       41.02       47.05          3.03
 920408   5    27     4          5.32       84.40       89.72          2.50
 920408   6    24     4          6.37       41.82       48.18          2.58
 920408   7    26     4          8.82       31.10       39.92          2.52
 920408   8    26     3          6.63       32.67       39.30          1.77
 920408   9    24     2          4.50       21.67       25.87          1.40
 920408  10    26     3          5.50       21.67       27.13          1.45
 920408  11    21     3          5.53       21.63       27.17          1.35
 920408  12    25     3          5.55       22.97       28.52          1.40
 920408  13    26     4          6.13       23.97       30.10          2.23
 920408  14    30     8         18.57      134.17      152.73          3.10
 920408  15    42    11         96.58      192.50      237.33          6.73
 920408  16    28    11         17.82      181.33      194.37          7.37
 920408  17    36    12         20.02      108.98      127.88          6.78
 920408  18    23    10         83.62      188.00      271.62          5.98
 920408  19    22     9         23.82      141.38      148.35          6.05
 920408  20    18     9         18.97      169.33      188.30          5.12
 920408  21    13     7         46.73      155.23      196.80          5.63
 920408  22    17     7          6.85      124.05      129.20          5.93
 920408  23    20     8         29.13       81.12       90.15          5.58
 920408  24    20     8         52.02       85.13      137.15          5.25
1
 
                   MAX
            TOTAL  SIM                MAXIMUM CPS                   CONNECT
 DATE  HOUR USERS USERS            IN         OUT       TOTAL         HOURS
 
 
 920409   1    38    10         97.32       86.70      172.83          6.58
 920409   2    23     7        109.98       76.57      180.90          4.78
 920409   3    22     7        104.68       83.58      179.62          4.92
 920409   4     8     5         45.43       80.73       86.00          2.68
 920409   5     4     3         14.55       40.50       55.05          2.10
 920409   6     3     3          3.85       22.67       26.52          2.02
 920409   7     3     3          3.85       22.67       26.52          2.02
 920409   8     6     3          5.63       21.75       27.38          1.37
 920409   9    27     4          7.05       41.20       48.25          1.62
 920409  10    26     3          6.55       27.37       33.92          1.47
 920409  11    27     3          6.97       39.25       45.85          1.75
 920409  12    24     2          4.50       21.67       25.87          1.42
 920409  13    29     5         16.05       69.72       85.47          2.32
 920409  14    30     5          5.75       34.42       39.73          3.23
 920409  15    42     8         69.67      122.20      135.15          5.18
 920409  16    58    12         18.83      193.70      210.92          8.17
 920409  17    59    15         21.62      202.93      217.28          9.15
 920409  18    44    10         41.08      111.10      139.00          6.82
 920409  19    50     8         16.88      100.65      109.88          5.75
 920409  20    44     8         27.72      179.25      191.45          4.78
 920409  21    52    10         22.78      231.82      241.17          6.88
 920409  22    41    11         28.70      161.28      168.52          8.43
 920409  23    52    11         16.08      164.45      172.38          7.65
 920409  24    49    11         53.45      133.30      164.22          7.37
1
 
                   MAX
            TOTAL  SIM                MAXIMUM CPS                   CONNECT
 DATE  HOUR USERS USERS            IN         OUT       TOTAL         HOURS
 
 
 920410   1    46    11         32.20      181.83      201.63          5.67
 920410   2    39     8         27.97       74.83       85.85          4.95
 920410   3    35     5         34.13       65.90       99.82          3.55
 920410   4    33     7         11.20      117.63      124.45          3.58
 920410   5    27     4          6.68       69.53       76.22          2.52
 920410   6    24     3          4.62       16.60       21.22          2.40
 920410   7    25     3          4.62       16.90       21.22          2.40
 920410   8    17     8          8.95       17.93       26.88          1.62
 920410   9    11     7          7.10       15.83       22.93          1.17
 920410  10    32     8          8.15       20.32       25.55          1.62
 920410  11    43    11         11.98       17.93       29.92          1.73
 920410  12    23     2          4.18       15.53       19.72          1.42
 920410  13    37     9          9.58       54.98       64.57          2.15
 920410  14    37     8         19.80      116.12      135.92          2.48
 920410  15    47     8         14.32      116.35      127.68          3.48
 920410  16    61     9         16.33      171.13      178.85          4.65
 920410  17    39     7         12.13       74.65       78.72          3.87
 920410  18    46     7         11.60      170.53      181.17          4.07
 920410  19    43     7          7.20      125.63      128.82          4.63
 920410  20    49     7         41.48      100.03      127.15          4.40
 920410  21    42     6         10.75       96.52      100.70          3.28
 920410  22    52     8         44.15      142.45      151.80          4.20
 920410  23    52     9         52.40      200.67      251.42          4.85
 920410  24    36     7          8.55      110.93      119.48          2.20
1     MAXIMUM OF MAXIMUM SIMULTANEOUS USERS
 
 
                   MAX
            TOTAL  SIM                MAXIMUM CPS                   CONNECT
 DATE  HOUR USERS USERS            IN         OUT       TOTAL         HOURS
 
 920406  21    97    17         43.67      198.20      210.53          6.90
 
 
     MAXIMUM OF CONNECT HOURS
 
 
                   MAX
            TOTAL  SIM                MAXIMUM CPS                   CONNECT
 DATE  HOUR USERS USERS            IN         OUT       TOTAL         HOURS
 
 920409  17    59    15         21.62      202.93      217.28          9.15
1
  