 301/273-0872  ABERDEEN     MD       0    -45   -70   -94  -119  -143  -167    117   117   117   117   117   117  
 410/273-0872  ABERDEEN     MD     128    165   178   192   206   220   234    192   203   213   223   234   244  
 915/676-0091  ABILENE      TX     134    146   150   153   160   167   174    156   153   161   169   178   186  
 803/648-0237  AIKEN        SC       3      4     5     6     7     8     9      3     4     4     5     5     6 +
 216/376-6227  AKRON        OH      88    104   105   105   106   106   107    147   147   148   148   148   148  
 216/376-8330  AKRON        OH     458    521   549   573   613   653   694    573   547   580   613   646   679  
 518/458-8300  ALBANY       NY      96     83    72    62    51    41    30    205   205   205   205   205   205  
 518/458-9724  ALBANY       NY     119    120   118   115   112   110   107    145   145   145   145   145   145  
 912/888-9282  ALBANY       GA      95    111   118   125   132   139   147    123   128   133   138   143   148  
 505/242-8344  ALBUQUERQUE  NM      88     81    80    79    78    76    75    165   165   165   165   165   165  
 505/242-8931  ALBUQUERQUE  NM     472    303   287   283   279   275   270    499   538   578   619   662   705  
 318/445-1800  ALEXANDRIA   LA      89     60    59    58    56    55    54     99   102   105   107   110   112  
 818/308-1800  ALHAMBRA     CA     290    335   335   334   333   333   332    409   410   410   410   411   411  
 814/941-2852  ALTOONA      PA      86    100   103   105   107   110   112    100   103   106   109   111   114  
 806/355-7088  AMARILLO     TX     161    237   255   272   290   307   325    466   578   710   863  1040  1244  
 515/232-0157  AMES         IA      50     63    65    67    70    72    75     74    77    81    84    87    91  
 313/973-7935  ANN ARBOR    MI     171    188   198   208   218   229   239    218   229   240   251   262   272  
 301/224-0520  ANNAPOLIS    MD       0     11    11    12    12    12    13     91    91    91    91    91    91  
 410/224-0520  ANNAPOLIS    MD      73     92    94    95    96    98    99    105   108   111   113   116   118  
 205/236-3342  ANNISTON     AL      78     87    87    91    94    97   100     87    91    94    97   101   104  
 415/754-8222  ANTIOCH      CA       0    -49   -75  -102  -128  -155  -181    127   127   127   127   127   127  
 510/754-8222  ANTIOCH      CA     148    171   180   189   198   207   216    175   180   185   189   194   199  
 414/730-8029  APPLETON     WI     170    207   222   238   254   270   286    229   244   260   276   292   308  
 405/226-1260  ARDMORE      OK      35     40    44    48    53    57    61     42    46    49    53    57    61  
 704/253-8945  ASHEVILLE    NC     204    232   252   271   290   310   329    265   290   317   344   372   401  
 404/369-0165  ATHENS       GA     134    150   159   168   177   185   194    156   157   158   159   159   160  
 609/345-4050  ATLANTIC CIT NJ     232    252   260   269   277   286   294    258   264   270   275   281   286  
 508/226-6441  ATTLEBORO    MA      54    104   101    98    95    91    88    155   161   166   171   176   181  
 206/735-3975  AUBURN       WA      51     55    53    51    49    47    45     72    72    72    72    72    72  
 207/795-6013  AUBURN       ME      70    149   144   138   145   151   157    251   176   184   192   200   208  
 207/622-3083  AUGUSTA      ME      77    106   108   108   109   115   122    159   133    93    96    98   101  
 708/844-0700  AURORA       IL      60     56    55    54    53    53    52     66    66    66    66    66    66  
 512/444-3280  AUSTIN       TX     109    104    98    91    85    79    73    227   227   227   227   227   227  
 512/448-1096  AUSTIN       TX     435    430   383   336   289   242   195    698   698   698   698   698   698  
 805/325-0371  BAKERSFIELD  CA     284    313   325   345   365   385   405    316   334   352   370   388   406  
 301/547-8100  BALTIMORE    MD       0    -95  -146  -197  -248  -298  -349    243   243   243   243   243   243  
 301/528-9296  BALTIMORE    MD       0   -129  -198  -267  -337  -406  -475    331   331   331   331   331   331  
 410/547-8100  BALTIMORE    MD     183    156   143   130   117   104    91    366   366   366   366   366   366  
 410/528-9296  BALTIMORE    MD     300    268   267   265   264   262   261    312   312   312   312   313   313  
 207/990-0529  BANGOR       ME     130    245   248   247   263   279   295    456   366   411   459   510   564  
 504/924-5102  BATON ROUGE  LA      59     53    53    53    52    52    51    113   113   113   113   113   113  
 504/291-0967  BATON ROUGE  LA     526    253   253   253   253   253   254    538   591   645   701   760   820  
 616/964-9303  BATTLE CREEK MI     147    168   181   193   206   219   231    229   262   299   339   381   427  
 713/420-3389  BAYTOWN      TX     111    125   125   127   129   131   133    129   129   131   133   135   137  
 617/271-0420  BEDFORD      MA     166    191   203   216   228   240   253    210   220   229   239   249   258  
 206/671-7750  BELLINGHAM   WA     113    102    96    93    89    86    82    202   151   155   159   163   167  
 608/362-4655  BELOIT       WI      91    101   107   113   118   124   130    117   127   138   149   160   171  
 503/389-0146  BEND         OR      28     44    59    74    89   105   120    153   828  4135 19151 82858 ***** +
 616/925-3134  BENTON HARBO MI     144    160   174   188   202   216   229    167   177   188   199   210   221  
 215/865-6978  BETHLEHEM    PA     147    146   152   158   163   169   175    147   148   148   148   149   149  
 406/252-4880  BILLINGS     MT     158    170   179   187   195   203   211    177   184   190   196   201   207  
 607/724-4351  BINGHAMTON   NY      91     95    97    99   101   103   105    104   107   109   112   115   118  
 205/942-4141  BIRMINGHAM   AL     106     97    92    87    83    78    73    202   202   202   202   202   202  
 205/942-7898  BIRMINGHAM   AL     665    708   748   800   852   903   955    738   776   815   853   892   930  
 701/223-5165  BISMARCK     ND      86     83    87    91    95    99   103     90    91    92    94    95    96  
 203/242-7140  BLOOMFIELD   CT     168    165   164   163   162   161   161    256   256   256   256   256   256  
 203/242-1986  BLOOMFIELD   CT     217    219   221   223   225   228   230    223   225   226   228   229   231  
 309/827-2748  BLOOMINGTON  IL     103    128   133   142   151   159   168    139   150   160   170   181   192  
 812/332-0544  BLOOMINGTON  IN     148    222   230   238   247   255   263    284   299   315   331   347   362  
 615/323-1962  BLOUNTVILLE  TN       1      1     1     2     2     2     3      0     1     1     1     1     1 +
 304/325-0517  BLUEFIELD    WV       7     21    34    48    62    75    89      4    11    29    76   192   464 +
 208/343-0404  BOISE        ID      96     86    84    82    81    79    77    120   120   120   120   120   120  
 208/345-5951  BOISE        ID     250    341   358   375   391   408   425    433   467   503   540   577   615  
 617/439-3400  BOSTON       MA     328    323   310   297   285   272   259    711   711   711   711   711   711  
 617/439-3531  BOSTON       MA     817    879   926   973  1020  1067  1113   1030  1094  1159  1225  1291  1357  
 502/781-5711  BOWLING GREE KY      64     70    71    73    74    76    77     87    91    95    99   103   106  
 406/585-9719  BOZEMAN      MT      76    121   121   129   137   145   153    196   237   285   340   402   472  
 206/377-2792  BREMERTON    WA      71     83    88    93    98   103   108     81    83    86    89    91    94  
 203/579-1479  BRIDGEPORT   CT      63     61    59    57    55    53    51    108   108   108   108   108   108  
 203/332-7256  BRIDGEPORT   CT      57     81    68    70    73    75    78      1    67    67    68    68    69  
 414/785-1614  BROOKFIELD   WI     142    135   131   126   122   118   113    234   234   234   234   234   234  
 414/785-0630  BROOKFIELD   WI     206    125   103    81    59    37    15    309   315   321   326   331   337  
 512/548-1331  BROWNSVILLE  TX      67     75    78    80    83    86    89     75    77    78    80    81    82  
 409/823-1090  BRYAN        TX     165     58    53    48    44    39    34    160   166   173   179   185   191  
 716/893-1306  BUFFALO      NY      90    108   104   100    97    93    89    189   189   189   189   189   189  
 716/893-1014  BUFFALO      NY     121    245   267   289   312   334   356    376   407   440   473   506   541  
 818/841-4795  BURBANK      CA     112    106    98    90    82    73    65    165   165   165   165   165   165  
 802/862-1000  BURLINGTON   VT      54     51    50    49    48    47    45     69    69    69    69    69    69  
 313/743-8350  BURTON       MI     324    381   402   424   445   467   488    428   450   471   492   513   534  
 412/283-2286  BUTLER       PA      66     68    72    75    79    82    86     69    72    75    78    81    84  
 406/494-6682  BUTTE        MT      41     50    53    56    59    61    64     64    70    77    84    91    98  
 616/775-9242  CADILLAC     MI      33     32    32    33    34    34    35     34    34    34    34    34    34  
 403/232-6653  CALGARY      AB      63     54    49    45    40    36    31     99    99    99    99    99    99  
 216/456-0840  CANTON       OH     321    372   398   425   451   477   503    448   485   524   563   604   645  
 314/335-1518  CAPE GIRARDE MO      69     95    85    88    92    96    99     95   102   108   115   121   128  
 618/529-4300  CARBONDALE   IL       1      2     2     2     3     3     4      1     1     1     1     1     2 +
 702/885-8411  CARSON CITY  NV     422    496   522   547   572   597   622    515   529   542   554   567   579  
 307/234-4211  CASPER       WY      77     90    94    98   103   107   111    112   121   131   141   151   162  
 619/324-0920  CATHEDRAL CI CA     264    430   473   515   558   600   643   1022  1401  1891  2517  3309  4299  
 319/363-7514  CEDAR RAPIDS IA     180    191   199   207   215   223   232    208   215   221   228   235   241  
 304/345-9575  CHARLESTON   WV     232    264   271   278   281   293   305    278   290   267   278   289   301  
 704/377-0521  CHARLOTTE    NC       0    -50   -74   -99  -123  -147  -172    234   234   234   234   234   234  
 704/329-0102  CHARLOTTE    NC     239    201   157   112    68    23   -20    508   508   508   508   508   508  
 804/977-5661  CHARLOTTESVI VA     163    208   203   211   219   227   235    232   241   249   257   265   272  
 615/265-1020  CHATTANOOGA  TN     429    460   481   515   548   582   616    474   510   541   572   603   634  
 307/638-0403  CHEYENNE     WY     110    129   135   141   147   153   159    136   142   147   153   158   163  
 #CH/222-0555  CHICAGO      IL     888   1349  1343  1406  1469  1532  1595   2040  2297  2572  2864  3174  3502  
 312/922-4601  CHICAGO      IL     371    384   361   337   313   289   265   1016  1016  1016  1016  1016  1016  
 312/922-6571  CHICAGO      IL     660    640   670   699   729   758   787    708   728   747   766   785   803  
 800/628-0000  CHICAGO      IL       0     -5    -6    -7    -8   -10   -11     22    22    22    22    22    22  
 916/343-4401  CHICO        CA     177     84    84    84    84    83    83    204   228   254   281   310   340  
 513/530-9019  CINCINNATI   OH     123    118   111   104    97    90    84    268   268   268   268   268   268  
 513/530-9021  CINCINNATI   OH     195    210   213   216   219   222   225    220   224   228   233   237   241  
 304/624-1451  CLARKSBURG   WV       1      1     1     1     1     2     2      0     1     1     1     1     1 +
 615/645-8877  CLARKSVILLE  TN     102    128   136   145   153   161   169    134   139   144   148   153   157  
 813/441-9017  CLEARWATER   FL     103     99    94    89    85    80    75    199   199   199   199   199   199  
 813/441-1621  CLEARWATER   FL     211    275   305   335   364   394   424    465   561   671   795   936  1094  
 216/241-0024  CLEVELAND    OH     173    165   154   144   133   123   112    387   387   387   387   387   387  
 216/861-6709  CLEVELAND    OH     227    225   225   224   224   224   223    241   241   241   241   241   241  
 215/383-0440  COATESVILLE  PA     180    202   214   227   240   252   265    214   224   233   243   253   262  
 407/639-3022  COCOA        FL     631    694   743   791   840   889   938    730   766   801   836   871   906  
 208/765-1465  COEUR D'ALEN ID      87    102   104   108   111   115   118    111   110   113   117   119   122  
 719/590-1003  COLORADO SPR CO     526    581   605   637   670   702   735    628   670   713   756   800   845  
 714/370-1200  COLTON       CA     113    102    98    94    90    86    82    190   190   190   190   190   190  
 714/422-0222  COLTON       CA     119    134   139   143   148   152   157    150   156   161   167   173   179  
 314/875-5570  COLUMBIA     MO     177    218   228   243   258   274   289    332   330   372   417   465   516  
 803/254-7563  COLUMBIA     SC     425    554   593   632   671   710   749    927  1121  1343  1596  1881  2202  
 404/327-0597  COLUMBUS     GA     191    207   219   232   245   258   270    207   217   228   239   249   260  
 614/221-1862  COLUMBUS     OH     120     98    86    74    62    50    38    272   272   272   272   272   272  
 614/221-1612  COLUMBUS     OH     172     98    91    85    78    71    64    191   192   192   192   193   193  
 603/228-4732  CONCORD      NH      33     31    30    30    29    29    28     45    45    45    45    45    45  
 607/962-4481  CORNING      NY      66     68    73    78    83    88    93     73    75    76    78    80    81  
 714/737-5510  CORONA       CA     145    160   176   191   207   223   239    172   188   205   222   239   257  
 512/883-8050  CORPUS CHRIS TX       0    -27   -42   -57   -73   -88  -103    101   101   101   101   101   101  
 512/289-7305  CORPUS CHRIS TX     293    354   389   423   458   492   526    344   362   380   398   416   434  
 503/757-6341  CORVALLIS    OR     109    133   139   145   151   157   164    144   149   153   157   161   165  
 301/777-9320  CUMBERLAND   MD      72    142   138   148   158   168   177    220   284   341   406   480   564  
 214/638-8888  DALLAS       TX     321    295   258   221   184   147   110    693   693   693   693   693   693  
 214/630-5516  DALLAS       TX     652    631   647   662   678   693   709    655   657   659   660   662   664  
 203/797-9539  DANBURY      CT      64     69    67    66    64    62    61     87    87    87    87    87    87  
 217/442-1452  DANVILLE     IL      68     70    74    78    82    86    90     77    82    87    92    97   102  
 916/758-3551  DAVIS        CA      48     57    58    60    62    64    66     58    59    60    61    62    63  
 513/898-0124  DAYTON       OH     100     97    98    99   100   101   102    151   151   151   151   151   151  
 513/898-0696  DAYTON       OH     103    105   105   105   105   105   105    116   116   116   117   117   117  
 217/425-8864  DECATUR      IL     109    121   129   137   146   154   162    123   127   131   135   139   143  
 407/272-7900  DELRAY BEACH FL     111     95    94    93    92    92    91    114   114   114   114   114   114  
 817/565-0552  DENTON       TX     101    159   149   145   151   158   164    224   161   169   178   186   194  
 303/830-9210  DENVER       CO     196    178   163   148   133   118   103    475   475   475   475   475   475  
 303/832-3447  DENVER       CO     603    662   698   734   770   806   842    648   654   661   667   673   679  
 313/962-2870  DETROIT      MI     149    124   107    90    73    56    39    414   414   414   414   414   414  
 313/963-3460  DETROIT      MI     288    263   265   268   271   273   276    294   299   304   309   313   318  
 714/860-0057  DIAMOND BAR  CA     473    518   565   611   658   704   750    539   589   642   696   752   810  
 404/451-2208  DORAVILLE    GA     292    275   255   236   216   197   177    686   686   686   686   686   686  
 404/451-3362  DORAVILLE    GA     586    631   641   651   661   671   681    674   674   674   675   675   675  
 205/794-7954  DOTHAN       AL      92    102   109   117   125   133   141    113   122   131   139   149   158  
 302/678-3569  DOVER        DE     135    135   145   154   164   173   183    141   145   149   153   157   161  
 319/582-3599  DUBUQUE      IA      74     86    89    95   100   105   110     91    97   103   109   115   121  
 218/722-0655  DULUTH       MN     146    166   174   182   189   197   205    175   181   187   193   199   205  
 416/628-5908  DUNDAS       ON       4      5     5     6     5     6     6     10     8     4     4     5     5  
 603/868-1502  DURHAM       NH     103    119   126   133   141   148   155    143   152   162   172   182   192  
 919/549-8952  DURHAM       NC      65     59    54    49    45    40    35    141   141   141   141   141   141  
 919/549-9025  DURHAM       NC     128    223   148    72    -2   -78  -154    636   636   636   636   636   636  
 800/824-7999  E800/2400 BP CA       0      1     2     3     3     4     5     95    95    95    95    95    95  
 216/324-7156  EAST ELYRIA  OH      96    129   130   138   146   154   162    128   134   140   145   151   157  
 618/874-5702  EAST SAINT L IL       0    100    83    68    58    48    38    209   172   177   181   185   189  
 315/437-7111  EAST SYRACUS NY      87     81    76    71    66    61    57    173   173   173   173   173   173  
 315/433-1593  EAST SYRACUS NY     165    207   194   207   220   232   245    225   235   244   253   263   272  
 715/833-0121  EAU CLAIRE   WI     118    133   142   152   161   170   180    143   151   159   166   174   182  
 403/484-4404  EDMONTON     AB      16      15    17    19    21    24     16    18    21    23    25    28  
 619/352-5823  EL CENTRO    CA       1      1     1     1     1     1     2      0     1     1     1     1     2 +
 915/533-1453  EL PASO      TX     421    585   631   676   722   768   814   1005  1207  1437  1696  1988  2314  
 213/643-2907  EL SEGUNDO   CA       0    -57   -87  -118  -149  -180  -210    147   147   147   147   147   147  
 213/643-4228  EL SEGUNDO   CA       0    -90  -139  -187  -235  -284  -332    232   232   232   232   232   232  
 310/643-2907  EL SEGUNDO   CA     149    139   138   138   138   137   137    240   240   240   240   240   240  
 310/643-4228  EL SEGUNDO   CA     266    256   266   276   286   296   306    270   280   289   299   308   317  
 708/888-8113  ELGIN        IL      54     49    41    34    27    20    13     96    96    96    96    96    96  
 219/293-8860  ELKHART      IN     147    178   192   206   220   234   249    194   208   222   235   250   264  
 607/737-9065  ELMIRA       NY      88     59    57    55    53    52    50     93    94    96    97    99   100  
 201/567-9841  ENGLEWOOD    NJ      73     75    70    65    60    56    51    131   131   131   131   131   131  
 201/567-8951  ENGLEWOOD    NJ     149    150   159   169   178   188   197    161   169   177   185   193   201  
 405/242-0113  ENID         OK      64     83    89    95   100   106   112     86    89    92    94    97   100  
 814/456-8501  ERIE         PA     149    171   180   189   197   206   215    185   193   201   208   216   224  
 503/343-0044  EUGENE       OR     285    421   432   446   474   502   530    922   843   691   764   841   922  
 707/445-3021  EUREKA       CA     155    309   327   358   388   418   448    626   906  1189  1541  1974  2503  
 812/464-8181  EVANSVILLE   IN     189    230   235   238   239   248   257    293   296   268   303   326   350  
 206/258-1018  EVERETT      WA     105     99   106   112   119   125   132    116   128   140   153   167   181  
 703/691-8200  FAIRFAX      VA     552    425   379   333   286   240   194   1202  1202  1202  1202  1202  1202  
 703/352-3136  FAIRFAX      VA    1075   1093  1119  1146  1172  1198  1224   1235  1267  1298  1328  1358  1387  
 707/421-0106  FAIRFIELD    CA     296    328   351   374   397   420   443    335   353   370   388   406   423  
 701/280-0210  FARGO        ND     147    173   174   173   178   182   186    212   182   202   211   220   229  
 501/442-0234  FAYETTEVILLE AR     159     50    50    50    49    49    48    161   169   177   184   192   200  
 919/424-9610  FAYETTEVILLE NC     217    243   255   271   288   305   321    254   245   253   261   269   277  
 419/427-1600  FINDLAY      OH       1      1     1     2     2     2     3      1     1     3     5    10    17 +
 602/774-3857  FLAGSTAFF    AZ      97    104   112   121   129   137   145    111   118   126   134   142   150  
 205/760-0030  FLORENCE     AL      98    103   111   118   125   133   140    110   116   123   130   136   143  
 803/664-0550  FLORENCE     SC      92    123   117   125   132   140   148    112   117   122   127   132   137  
 502/223-0724  FRANKFORT    KY      62     72    76    80    85    89    93     79    82    86    89    93    96  
 517/695-6751  FREELAND     MI     275    298   310   322   334   347   359    322   329   336   343   350   356  
 815/232-7111  FREEPORT     IL      58     64    69    74    79    84    89     67    70    73    76    79    82  
 415/490-5238  FREMONT      CA       0    -67  -103  -139  -175  -212  -248    173   173   173   173   173   173  
 510/490-7366  FREMONT      CA     108    119   110   100    91    82    73    193   194   194   194   194   194  
 209/442-4328  FRESNO       CA     573    652   701   751   801   851   901    662   696   730   764   798   832  
 303/224-9819  FT. COLLINS  CO      50     71    73    76    78    81    83    130   146   162   179   197   216  
 305/463-0882  FT. LAUDERDA FL     123    124   122   121   120   119   118    204   204   204   204   204   204  
 305/467-1870  FT. LAUDERDA FL     183    216   188   190   191   193   195    197   198   198   199   200   200  
 813/337-0006  FT. MYERS    FL     406    500   539   578   617   656   695    564   608   652   697   744   791  
 407/466-5661  FT. PIERCE   FL      95    105   111   118   124   130   136    112   116   120   124   128   131  
 501/782-2486  FT. SMITH    AR     145    163   175   188   201   213   226    169   177   185   193   201   209  
 904/243-1644  FT. WALTON B FL     113    142   157   172   186   201   216    159   179   200   223   247   272  
 219/422-2581  FT. WAYNE    IN     312    386   407   429   450   472   493    419   438   457   476   495   513  
 817/877-3630  FT. WORTH    TX     145    133   128   124   119   115   110    229   229   229   229   229   229  
 817/332-9397  FT. WORTH    TX     271    287   290   294   298   302   305    309   309   309   309   309   309  
 205/543-3550  GADSDEN      AL      94    107   118   129   140   151   162    113   123   135   147   159   172  
 904/335-0544  GAINESVILLE  FL     235    270   281   293   304   316   328    308   324   340   356   372   388  
 409/762-8053  GALVESTON    TX     115    133   139   148   156   165   174    140   150   160   170   180   190  
 219/884-7450  GARY         IN     260    301   314   327   339   352   365    316   323   329   335   341   347  
 704/867-2203  GASTONIA     NC     139    155   168   181   195   208   221    158   166   175   184   193   202  
 302/856-1788  GEORGETOWN   DE     140    173   187   201   216   230   244    205   227   250   273   298   325  
 708/790-4400  GLEN ELLYN   IL     137    135   126   118   111   103    96    234   234   234   234   234   234  
 708/790-4955  GLEN ELLYN   IL     336    116    91    66    41    16    -8    337   338   339   340   341   342  
 701/746-0344  GRAND FORKS  ND      75     91    93    95    95    99   102    105   106    90    99   103   106  
 308/382-3176  GRAND ISLAND NE      65    112   112   118   123   129   135    175   191   208   226   243   262  
 303/241-1643  GRAND JUNCTI CO     102    110   116   122   129   135   141    116   122   128   134   140   146  
 616/459-2304  GRAND RAPIDS MI     507    694   675   623   651   679   708   1531   641   659   676   693   709  
 406/727-9510  GREAT FALLS  MT      77     72    73    77    80    83    86     98   115   126   138   150   162  
 303/352-0960  GREELEY      CO      95    120   126   132   138   144   150    131   137   143   148   154   160  
 414/432-3064  GREEN BAY    WI     143    123   120   122   124   126   129    137   145   148   151   155   158  
 919/273-0332  GREENSBORO   NC     314    159   145   142   139   136   133    308   349   371   394   416   439  
 412/838-1920  GREENSBURG   PA     120    129   137   144   152   159   167    147   157   167   177   188   198  
 803/271-9213  GREENVILLE   SC     409    421   453   485   516   548   580    448   469   490   511   531   552  
 919/758-0102  GREENVILLE   NC     120    135   143   152   160   168   177    144   149   155   161   166   172  
 508/448-9361  GROTON       MA      57     68    72    75    79    82    86     92   103   114   125   137   150  
 601/864-9441  GULFPORT     MS     164    118   108   107   106   104   103    166   177   187   198   208   219  
 902/492-4901  HALIFAX      NS       6      8     9     9    10    10    11      8     8     8     8     9     9  
 804/727-0572  HAMPTON      VA     165    182   197   213   229   244   260    192   205   218   232   246   260  
 603/643-4011  HANOVER      NH      62     75    79    84    88    92    97     83    87    92    97   101   106  
 512/423-0051  HARLINGEN    TX       1      1     1     1     1     2     2      1     2     3     4     7    11 +
 703/433-6333  HARRISONBURG VA      75     87    93    98   103   109   114     90    94    97   101   105   109  
 601/582-0286  HATTIESBURG  MS     113    143   153   162   172   182   191    155   162   169   176   183   190  
 314/731-8002  HAZELWOOD    MO     209    187   171   155   140   124   108    451   451   451   451   451   451  
 314/731-8283  HAZELWOOD    MO     307    286   287   288   290   291   292    350   350   350   350   350   350  
 406/443-0112  HELENA       MT      64     79    83    87    91    95   100     80    82    85    87    89    91  
 516/485-7422  HEMPSTEAD    NY     217    106    86    66    46    26     6    344   344   344   344   344   344  
 218/262-3824  HIBBING      MN       0      0     0     0     0     0     0      0     0     0     0     1     1 +
 919/883-6121  HIGH POINT   NC      79     92    97   101   106   110   115    109   115   120   126   132   137  
 808/935-5717  HILO         HI     100    122   120   133   147   161   174    122   140   159   180   203   227  
 808/545-7610  HONOLULU     HI      97    184   146   130   129   127   126    223   192   211   218   224   231  
 808/528-5300  HONOLULU     HI     742    914   939   971  1036  1101  1165    954   919   991  1065  1141  1219  
 501/623-3576  HOT SPRINGS  AR      70     76    75    74    73    74    75     86    88    72    73    73    74  
 713/556-6700  HOUSTON      TX     299    235   193   151   108    66    24    641   641   641   641   641   641  
 713/496-1332  HOUSTON      TX     586    516   551   563   575   588   600    588   588   588   588   588   588  
 304/529-2091  HUNTINGTON   WV     136    138   144   150   157   163   170    143   147   151   154   158   161  
 205/882-3003  HUNTSVILLE   AL       0     -3   -15   -27   -39   -52   -64    112   112   112   112   112   112  
 205/882-1519  HUNTSVILLE   AL     382    537   583   630   676   722   769    951  1157  1394  1664  1972  2320  
 316/663-2192  HUTCHINSON   KS       2      7    11    15    20    24    29      2     2     2     3     3     3 +
 208/522-3624  IDAHO FALLS  ID     136    151   159   167   174   182   190    155   160   165   170   175   180  
 317/631-1002  INDIANAPOLIS IN     134    125   113   100    88    75    62    232   232   232   232   232   232  
 317/632-6408  INDIANAPOLIS IN     200    123   115   107    99    91    83    253   254   256   257   258   259  
 319/354-3633  IOWA CITY    IA      96    126   132   138   143   149   155    141   146   151   157   162   167  
 607/277-7080  ITHACA       NY     105    145   156   167   178   189   200    239   288   343   405   475   554  
 517/788-9191  JACKSON      MI     116    143   148   154   159   164   169    151   154   157   161   164   167  
 601/355-9741  JACKSON      MS     362    252   253   275   296   318   340    362   476   541   612   688   770  
 901/661-0904  JACKSON      TN      65     72    73    76    78    81    83     77    80    84    87    90    93  
 904/721-8100  JACKSONVILLE FL     105    108   107   105   104   102   101    204   204   204   204   204   204  
 904/721-8559  JACKSONVILLE FL     137    209   142    75     8   -58  -126    591   591   591   591   591   591  
 716/488-0794  JAMESTOWN    NY      53     72    76    81    85    90    95    102   115   129   144   160   177  
 314/634-8296  JEFFERSON CI MO     102    103   111   118   126   133   141    116   125   135   145   155   165  
 615/928-9544  JOHNSON CITY TN      80    117   118   125   132   139   146      1   156   166   176   187   197  
 814/539-5059  JOHNSTOWN    PA      69     81    85    90    94    98   102     96   102   107   113   118   124  
 815/727-4716  JOLIET       IL      29     27    21    16    10     5     0     64    64    64    65    65    65  
 501/935-7957  JONESBORO    AR      56     61    64    68    72    76    80     71    75    79    84    88    92  
 417/781-8718  JOPLIN       MO     107    110   114   118   123   127   131    118   121   124   126   129   132  
 616/388-2130  KALAMAZOO    MI     278    303   318   334   349   364   379    349   375   402   429   457   485  
 815/935-2352  KANKAKEE     IL      81     52    51    50    50    49    48     88    90    92    95    97    99  
 704/932-4131  KANNAPOLIS   NC     112    127   133   142   151   160   170    150   139   145   152   158   164  
 414/553-9044  KENOSHA      WI     179    198   210   222   234   246   258    227   244   261   279   297   315  
 305/294-1573  KEY WEST     FL       1      1     1     2     2     2     3      2     5    12    28    67   151 +
 817/526-8118  KILLEEN      TX     171    267   270   261   281   301   321    624   283   305   328   351   375  
 615/378-5746  KINGSPORT    TN     105    117   124   132   139   147   155    120   125   130   134   139   144  
 617/582-1200  KINGSTON     MA      38     91    80    67    59    52    44    171   123   118   118   118   119  
 914/336-2790  KINGSTON     NY     168    217   222   239   257   274   292    280   327   379   436   499   567  
 407/933-8425  KISSIMMEE    FL     127    131   146   160   174   188   202    155   177   200   225   252   281  
 519/742-7613  KITCHENER    ON      22     30    29    28    27    26    25     38    38    38    38    38    38  
 615/690-1543  KNOXVILLE    TN      66     88    85    81    78    74    71    117   117   118   119   119   120  
 615/693-0498  KNOXVILLE    TN     524    482   523   564   605   646   687    629   711   798   891   991  1096  
 317/453-7818  KOKOMO       IN     101    120   129   137   146   154   163    143   154   165   176   188   199  
 608/784-9099  LA CROSSE    WI     127    153   160   167   174   181   188    164   168   172   176   180   183  
 317/423-4616  LAFAYETTE    IN     129    173   178   186   195   203   212    198   229   248   267   287   308  
 318/234-8255  LAFAYETTE    LA     216    237   242   253   265   276   287    319   311   340   371   403   437  
 808/661-7688  LAHAINA      HI      77     91   101   110   119   128   137    104   114   124   134   145   156  
 708/295-7075  LAKE BLUFF   IL     183    162   170   177   185   192   200    183   184   184   184   184   185  
 318/477-0105  LAKE CHARLES LA     163    181   194   206   219   232   244    209   225   242   259   277   294  
 516/471-6080  LAKE GROVE   NY     210    223   236   249   262   275   288    226   233   239   245   252   258  
 813/858-6970  LAKELAND     FL     333    392   420   448   477   505   533    427   451   476   500   524   549  
 717/569-1081  LANCASTER    PA     282    372   378   408   439   469   500    438   489   544   602   663   726  
 805/945-4962  LANCASTER    CA     303    339   358   378   397   417   436    335   346   357   368   379   390  
 517/482-5721  LANSING      MI      66     60    58    55    52    50    47    117   117   117   117   117   117  
 517/484-5344  LANSING      MI     365    512   554   595   637   679   721    858  1034  1235  1462  1718  2005  
 708/474-0000  LANSING      IL       0      1     1     2     2     2     3     35    35    35    35    35    35  
 708/474-1422  LANSING      IL      68     72    74    76    78    80    82     73    73    74    74    74    74  
 307/742-9441  LARAMIE      WY      40     43    44    46    47    48    49     46    46    46    46    46    46  
 512/727-8308  LAREDO       TX      72     75    80    84    89    93    97     91    98   106   113   121   129  
 505/525-3401  LAS CRUCES   NM     109    119   127   134   142   150   157    117   120   123   126   128   131  
 702/293-0300  LAS VEGAS    NV       0     46    34    22     9    -2   -14    152   152   152   152   152   152  
 702/891-5000  LAS VEGAS    NV     366    708   728   747   767   787   807    975  1069  1166  1267  1371  1479  
 508/683-2680  LAWRENCE     MA      86     98   105   112   118   125   132    109   117   124   132   140   148  
 913/843-4870  LAWRENCE     KS      98     62    59    58    57    56    55     96   104   110   116   122   129  
 405/353-6987  LAWTON       OK     100    181   200   219   238   257   275    330   389   454   527   608   696  
 913/651-8094  LEAVENWORTH  KS      54     71    77    83    89    95   101     83    90    96   103   110   117  
 904/360-1110  LEESBURG     FL       0      0     0     0     0     0     0      0     0     0     0     0     0 +
 717/763-6481  LEMOYNE      PA      79     79    76    74    72    70    68    146   146   146   146   146   146  
 717/975-9881  LEMOYNE      PA     391    474   492   522   552   582   612    552   543   579   615   652   690  
 508/537-6451  LEOMINSTER   MA     120    162   164   165   166   167   169    219   226   233   240   246   252  
 215/943-3700  LEVITTOWN    PA      56     54    54    54    54    54    54     74    74    74    74    74    74  
 606/266-0019  LEXINGTON    KY      59     46    40    35    29    23    17    112   112   112   112   112   112  
 606/266-7063  LEXINGTON    KY     351    444   472   500   529   557   586    444   454   464   473   482   491  
 419/228-6343  LIMA         OH      86     93    97   102   106   111   116     93    95    97    98   100   102  
 402/464-6235  LINCOLN      NE     246    403   438   473   508   543   578    766   924  1104  1308  1538  1797  
 501/666-6886  LITTLE ROCK  AR     562    677   680   680   713   747   780    808   626   647   667   686   706  
 519/641-8362  LONDON       ON       9      9    10    12    13    14    16     11    15    19    25    31    39  
 213/435-0900  LONG BEACH   CA       0    -55   -85  -115  -145  -175  -204    143   143   143   143   143   143  
 213/436-6033  LONG BEACH   CA       0    -85  -131  -177  -223  -269  -314    219   219   219   219   219   219  
 310/435-0900  LONG BEACH   CA     122    112   110   108   106   104   102    196   196   196   196   196   196  
 310/436-6033  LONG BEACH   CA     240    228   230   231   233   235   236    242   243   245   246   247   249  
 206/423-9072  LONGVIEW     WA      99    103   112   120   129   137   146    105   110   116   122   128   133  
 903/236-7475  LONGVIEW     TX     134    156   166   176   186   196   206    194   173   180   188   196   203  
 408/356-1818  LOS GATOS    CA       2      0    -2    -4    -6    -9   -11      5     6     6     7     8     9 +
 502/499-7110  LOUISVILLE   KY     102     99    93    87    81    75    69    231   231   231   231   231   231  
 502/499-9825  LOUISVILLE   KY     639    423   410   413   415   418   421    684   737   790   845   900   957  
 815/654-1900  LOVES PARK   IL      50     49    48    47    46    45    44     79    79    79    79    79    79  
 815/633-2080  LOVES PARK   IL     215    314   344   374   404   434   464    579   730   910  1124  1375  1667  
 508/452-5112  LOWELL       MA     116    108   109   110   111   112   113    131   131   131   131   131   131  
 806/797-0765  LUBBOCK      TX     246    285   302   318   335   352   368    291   304   317   330   343   355  
 804/846-0213  LYNCHBURG    VA     144    160   173   186   199   212   225    175   187   199   211   224   237  
 617/593-4051  LYNN         MA       0      6   -14   -34   -55   -75   -96    126   127   127   127   127   127  
 617/592-0207  LYNN         MA      81    113   144   143   156   169   183    174   171   206   247   292   344 +
 608/242-0227  MADISON      WI     391    512   510   535   560   585   610    529   551   573   594   616   637  
 703/330-9070  MANASSAS     VA      40     41    45    49    53    57    61     43    47    52    58    63    69  
 508/526-1506  MANCHESTER   MA      68     77    84    92    99   106   114     78    82    87    92    97   102  
 603/623-0409  MANCHESTER   NH     104    103   100    98    95    93    90    129   129   129   129   129   129  
 913/776-9803  MANHATTAN    KS      93     98   104   109   115   120   126    100   105   109   114   118   123  
 507/387-7313  MANKATO      MN      59     68    70    72    74    75    77     69    69    70    70    70    71  
 419/529-3303  MANSFIELD    OH      93    109   111   115   120   124   128    124   132   139   147   155   162  
 317/662-1928  MARION       IN      62     68    70    73    76    78    81     86    95   104   113   123   133  
 508/481-0026  MARLBOROUGH  MA     137    138   143   148   153   157   162    145   146   148   150   151   153  
 906/228-3780  MARQUETTE    MI     110    125   135   145   155   165   175    166   189   213   239   267   296  
 515/753-0670  MARSHALLTOWN IA      33     38    39    41    42    44    46     41    42    43    44    45    47  
 404/855-0442  MARTINEZ     GA     277    344   337   358   380   402   423    318   331   344   357   369   382  
 916/749-8015  MARYSVILLE   CA       3      4     5     6     7     9    10      4     8    14    23    38    62 +
 708/345-9100  MAYWOOD      IL     138    144   150   156   162   168   175    143   143   143   144   144   144  
 512/618-0320  MCALLEN      TX     100    137   142   147   152   158   163    147   151   154   158   161   164  
 214/542-2641  MCKINNEY     TX      68     84    76    81    86    90    95    154   101   112   124   136   149  
 503/772-0831  MEDFORD      OR     166    182   198   213   229   245   261    191   205   220   235   251   267  
 516/420-1221  MELVILLE     NY     117     99    93    86    79    72    66    219   219   219   219   219   219  
 516/420-4579  MELVILLE     NY     226    240   251   263   274   286   297    240   247   253   259   265   270  
 901/527-8006  MEMPHIS      TN     135    119   111   103    95    87    79    240   240   240   240   240   240  
 901/527-8122  MEMPHIS      TN     560   1010  1074  1137  1200  1263  1326   1601  1875  2179  2515  2883  3287  
 209/383-7593  MERCED       CA     105    123   131   138   146   153   161    134   140   146   151   157   163  
 203/686-1238  MERIDEN      CT      28     30    28    26    24    22    20     57    57    57    57    57    57  
 601/482-4335  MERIDIAN     MS      53     57    57    60    62    65    67     66    61    63    64    66    67  
 305/599-2900  MIAMI        FL     535    427   480   534   588   642   696    651   717   786   858   933  1012  
 305/599-2964  MIAMI        FL       0    -79  -129  -179  -229  -278  -328    272   272   272   272   272   272  
 401/849-1660  MIDDLETOWN   RI     117    133   141   149   157   166   174    139   146   152   158   164   170  
 915/561-8401  MIDLAND      TX     225    244   249   254   264   275   286    290   264   278   292   306   320  
 612/333-2799  MINNEAPOLIS  MN     261    210   190   169   148   127   106    538   538   538   538   538   538  
 612/332-4024  MINNEAPOLIS  MN     552    618   662   706   750   793   837    699   756   814   874   935   998  
 701/838-2140  MINOT        ND      49     36    34    33    32    31    31     61    61    63    64    66    68  
 913/384-1226  MISSION      KS     182    160   150   141   131   121   111    356   356   356   356   356   356  
 913/384-5012  MISSION      KS     303    156   145   140   135   130   125    296   325   339   354   368   382  
 406/542-0472  MISSOULA     MT      79     71    65    60    55    49    44    117   118   120   121   122   123  
 205/343-8414  MOBILE       AL      50     44    40    37    34    31    28     94    94    94    94    94    94  
 205/460-2515  MOBILE       AL     394    491   531   572   612   653   693    589   659   733   811   894   981  
 209/527-0150  MODESTO      CA      73     91    92    92    93    94    94    109   115   120   125   130   135  
 318/388-8810  MONROE       LA     160    159   166   173   181   188   196    163   165   167   169   171   173  
 408/375-2644  MONTEREY     CA     269    358   366   376   401   426   451    734   487   537   590   644   702  
 205/265-4570  MONTGOMERY   AL     307    316   338   359   380   401   422    341   359   376   393   410   427  
 802/229-4508  MONTPELIER   VT      58     70    71    75    78    81    84     75    72    74    76    78    80  
 805/523-0203  MOORPARK     CA      90    106   100    91    92    94    95    145   102   102   102   102   102  
 304/292-3092  MORGANTOWN   WV     118    144   154   164   173   183   193    207   234   264   296   329   366  
 201/539-1222  MORRISTOWN   NJ     143     49    40    31    23    14     6    178   178   178   178   178   178  
 215/779-9580  MOUNT PENN   PA       0     34    -3   -42   -80  -119  -157    240   242   245   248   250   253  
 317/281-9021  MUNCIE       IN     163    223   234   245   256   267   278    413   488   573   667   772   887  
 616/739-3453  MUSKEGON     MI     100    124   128   130   130   128   134    142   153   149   115   119   123  
 301/293-9504  MYERSVILLE   MD     174     72    64    56    49    41    33    187   194   201   208   215   222  
 803/448-1619  MYRTLE BEACH SC     132    160   170   180   189   199   209    182   193   204   214   225   236  
 707/257-6810  NAPA         CA     180    204   219   234   250   265   281    252   280   309   340   373   407  
 813/434-8080  NAPLES       FL     230    448   423   387   412   437   462    915   497   549   604   662   723  
 603/882-0435  NASHUA       NH     107    122   122   122   123   123   123    136   137   139   140   141   142  
 615/885-3530  NASHVILLE    TN     112     99    91    83    75    67    59    250   250   250   250   250   250  
 615/889-5790  NASHVILLE    TN     589    969  1016  1064  1111  1158  1205   1129  1178  1227  1275  1322  1370  
 508/999-1860  NEW BEDFORD  MA     118    140   147   154   161   168   175    150   156   161   166   172   177  
 412/658-5056  NEW CASTLE   PA      82     96   102   107   112   118   123     98   101   104   106   109   111  
 914/634-0388  NEW CITY     NY     121    119   125   131   137   143   149    135   147   159   171   184   198  
 203/865-5770  NEW LONDON   CT     275    332   372   411   450   489   528    360   396   433   471   511   552  
 504/522-1370  NEW ORLEANS  LA     138    124   119   114   108   103    97    244   244   244   244   244   244  
 504/525-2014  NEW ORLEANS  LA     837    872   921   970  1020  1069  1118    887   921   954   987  1020  1052  
 914/561-9103  NEW WINDSOR  NY      24     35    28    28    28    27    27      1    32    32    32    33    33  
 212/943-4700  NEW YORK     NY     922   1091  1065  1039  1013   987   961   1616  1616  1616  1616  1616  1616  
 212/809-9660  NEW YORK     NY    1225    543   497   451   406   360   315   1224  1253  1281  1309  1335  1362  
 201/824-1212  NEWARK       NJ     200    201   196   191   185   180   175    319   319   319   319   319   319  
 201/824-3044  NEWARK       NJ     359    198   182   166   150   134   119    377   378   378   378   379   379  
 614/345-8953  NEWARK       OH      59     71    73    76    79    81    84     81    85    89    92    96   100  
 714/756-8341  NEWPORT BEAC CA     231    234   219   204   190   175   161    476   476   476   476   476   476  
 714/852-8141  NEWPORT BEAC CA     197     -1   -82  -163  -244  -326  -407    476   476   476   476   476   476  
 804/596-0898  NEWPORT NEWS VA     256    276   294   312   330   348   366    274   285   295   306   317   327  
 716/285-2561  NIAGARA FALL NY      78     96   101   107   112   117   122    112   118   123   128   134   139  
 513/874-1744  NO. CINCINNA OH      14     11    10     9     8     7     6     21    21    21    21    21    21  
 804/855-7751  NORFOLK      VA      82     73    68    63    58    53    48    179   179   179   179   179   179  
 804/857-0148  NORFOLK      VA     385    677   710   744   777   810   843    800   845   890   935   980  1025  
 #NO/222-0555  NORRISTOWN   PA    1287   1460  1510  1560  1610  1660  1710   1493  1513  1531  1549  1567  1584  
 215/666-9190  NORRISTOWN   PA     322    156   146   137   128   119   110    326   343   361   378   396   413  
 803/553-0860  NORTH CHARLE SC     428    568   609   650   690   731   772    934  1116  1321  1552  1811  2098  
 603/964-7779  NORTH HAMPTO NH      22     29    29    30    31    32    33     31    32    34    36    38    39  
 203/773-0082  NORTH HAVEN  CT       0    -34   -53   -71   -90  -108  -126    111   111   111   111   111   111  
 203/787-4674  NORTH HAVEN  CT       0    -27   -44   -61   -78   -94  -111    102   102   102   102   102   102  
 708/501-4536  NORTHFIELD   IL      86     87    89    91    93    95    97     90    91    93    94    95    97  
 205/758-1116  NORTHPORT    AL     128    166   175   183   191   199   208    186   191   195   200   205   209  
 618/632-3993  O'FALLON     IL     356    438   458   507   556   605   655    657   827  1030  1269  1550  1877  
 615/482-1466  OAK RIDGE    TN     131    148   159   171   182   194   205    212   247   286   328   375   425  
 415/430-2900  OAKLAND      CA       0    -74  -114  -154  -194  -234  -274    191   191   191   191   191   191  
 415/633-1896  OAKLAND      CA       0    -95  -146  -198  -249  -300  -351    245   245   245   245   245   245  
 510/430-2900  OAKLAND      CA     143    142   135   129   122   115   108    252   252   252   252   252   252  
 510/633-1896  OAKLAND      CA     269    274   270   267   264   261   258    303   304   304   304   305   305  
 904/732-3707  OCALA        FL     196    221   233   252   271   290   308    232   251   269   289   308   328  
 801/393-5280  OGDEN        UT      46     54    54    55    55    56    57     57    57    57    57    58    58  
 405/495-8201  OKLAHOMA CIT OK      78     63    54    45    36    27    18    223   223   223   223   223   223  
 405/495-9201  OKLAHOMA CIT OK     198    296   240   184   128    72    16    566   566   566   566   566   566  
 206/357-0261  OLYMPIA      WA      62     70    71    71    72    73    74     88    93    97   102   107   112  
 402/393-0903  OMAHA        NE     105    109   105   102    98    94    90    178   178   178   178   178   178  
 402/393-1305  OMAHA        NE     422    495   517   547   577   608   638    500   526   552   577   603   628  
 205/742-9040  OPELIKA      AL      97    118   129   139   150   161   171    140   151   161   172   183   194  
 407/841-0020  ORLANDO      FL     103    104    98    93    87    82    77    224   224   224   224   224   224  
 407/841-0217  ORLANDO      FL     222     90    85    80    74    69    63    217   226   235   244   253   262  
 904/673-0034  ORMOND BEACH FL     298    323   346   368   391   414   437    346   365   384   403   422   442  
 414/235-7473  OSHKOSH      WI      80     85    90    95   100   105   110     84    87    90    93    96    99  
 613/563-2910  OTTAWA       ON     110     42    38    35    32    28    25    110   110   111   111   111   111  
 515/682-0857  OTTUMWA      IA       0      0     0     0     0     0     0      0     0     0     0     1     1 +
 502/685-0959  OWENSBORO    KY      90    106   115   125   134   143   153    136   156   179   203   229   257  
 502/443-1086  PADUCAH      KY       2      3     4     5     6     7     8      5    15    42   113   291   717 +
 708/991-7171  PALATINE     IL     140    215   200   189   190   190   190    240   214   214   214   214   214  
 904/769-0709  PANAMA CITY  FL     177    192   205   217   230   242   255    197   205   214   222   230   238  
 304/485-3067  PARKERSBURG  WV     100    124   129   134   140   145   150    132   135   139   143   146   150  
 601/769-0121  PASCAGOULA   MS     116     51    53    54    56    57    59    122   133   144   156   168   181  
 201/742-0752  PATERSON     NJ     179    177   181   185   189   193   197    182   182   182   182   182   182  
 609/665-5600  PENNSAUKEN   NJ     100     94    86    79    72    65    58    210   210   210   210   210   210  
 609/665-5902  PENNSAUKEN   NJ     184    208   220   232   244   256   268    240   253   266   279   292   305  
 904/477-3344  PENSACOLA    FL     362    404   437   469   501   533   566    410   432   454   477   499   522  
 309/637-5961  PEORIA       IL     224    275   294   312   330   348   367    280   290   299   308   318   327  
 603/924-7090  PETERBOROUGH NH      60     70    75    79    84    89    94     81    85    90    94    99   103  
 804/861-1788  PETERSBURG   VA     131     64    64    64    64    64    64    137   150   163   177   191   206  
 215/592-8309  PHILADELPHIA PA     222    210   198   185   173   161   148    437   437   437   437   437   437  
 215/592-8750  PHILADELPHIA PA     545    518   528   539   550   560   571    555   566   576   586   595   605  
 602/254-5811  PHOENIX      AZ     177    155   140   124   108    93    77    479   479   479   479   479   479  
 602/258-0554  PHOENIX      AZ     402    432   440   448   456   464   471    428   429   430   432   433   434  
 605/224-7700  PIERRE       SD      19     24    24    26    27    29    30     29    32    35    38    41    44  
 501/535-2629  PINE BLUFF   AR      62     72    75    78    81    84    87     81    83    85    87    89    91  
 908/562-9700  PISCATAWAY   NJ      99     84    81    79    76    73    71    131   131   131   131   131   131  
 908/562-8550  PISCATAWAY   NJ     157    162   165   163   161   159   156    187   187   187   187   187   188  
 412/642-6778  PITTSBURGH   PA     195    189   185   180   176   171   166    348   348   348   348   348   348  
 412/642-2015  PITTSBURGH   PA     575    760   761   756   776   796   816    954   866  1094  1188  1285  1385  
 413/499-0971  PITTSFIELD   MA      95    119   127   134   142   149   157    130   137   144   151   157   164  
 716/385-5817  PITTSFORD    NY     112    104   102   100    99    97    95    218   218   218   218   218   218  
 716/385-5710  PITTSFORD    NY     219    222   229   236   243   250   257    234   237   240   243   246   249  
 415/462-2101  PLEASANTON   CA       0    -32   -50   -67   -85  -102  -120     84    84    84    84    84    84  
 510/462-2101  PLEASANTON   CA      71     80    79    78    78    77    77     89    89    89    89    89    89  
 313/451-2400  PLYMOUTH     MI     102    136   128   120   113   105    97    241   246   252   257   262   267  
 208/233-2501  POCATELLO    ID      59     64    64    63    63    62    61     72    72    72    72    72    73  
 313/338-8384  PONTIAC      MI     123    124   132   140   148   156   165    157   178   201   225   251   279  
 206/452-6800  PORT ANGELES WA      96    118   125   133   140   147   155    120   126   132   138   145   151  
 409/721-3400  PORT ARTHUR  TX     226    257   268   279   290   301   312    299   315   330   346   361   377  
 805/985-7843  PORT HUENEME CA     119    123   124   124   125   126   126    135   136   137   138   139   141  
 313/982-0301  PORT HURON   MI      87    103   111   120   128   136   145    123   136   150   165   180   196  
 407/337-1992  PORT ST. LUC FL     200    238   259   280   301   322   342    271   300   331   363   396   431  
 207/775-5971  PORTLAND     ME     217    220   228   235   243   250   257    221   221   222   222   222   222  
 503/222-0900  PORTLAND     OR     180    171   162   152   143   134   124    298   298   298   298   298   298  
 503/222-2151  PORTLAND     OR     272     89    77    64    51    38    25    276   281   286   290   295   299  
 914/473-0401  POUGHKEEPSIE NY      81     79    78    77    76    75    74    100   100   100   100   100   100  
 619/679-0200  POWAY        CA      64     66    68    71    74    77    79     67    67    67    67    67    67  
 207/764-4167  PRESQUE ISLE ME       1      2     4     5     6     8     9      1     1     1     1     1     1 +
 401/273-0200  PROVIDENCE   RI     578    625   648   680   713   745   778    612   627   642   656   670   684  
 801/373-2192  PROVO        UT      40    109   116   123   131   138   145    342   457   603   785  1010  1286  
 719/543-9712  PUEBLO       CO      86     50    50    50    50    49    49     96    99   102   105   107   110  
 509/332-3760  PULLMAN      WA      60     79    80    81    83    84    86     88    90    92    94    96    97  
 418/647-1116  QUEBEC CITY  PQ      27     30    30    31    33    34    36     32    37    39    42    44    47  
 217/223-9531  QUINCY       IL       1      1     2     2     2     3     3      2     4    10    24    52   111 +
 908/396-0000  RAHWAY       NJ       0    -16   -18   -21   -24   -26   -29     75    75    75    75    75    75  
 908/396-8550  RAHWAY       NJ      56     53    51    50    48    47    45     69    69    69    69    69    69  
 919/829-0536  RALEIGH      NC     345    344   375   407   439   471   502    371   414   460   508   558   611  
 617/986-0500  RANDOLPH     MA      72     81    84    88    92    96    99    102   113   124   137   150   163  
 605/341-4007  RAPID CITY   SD     105    133   140   147   154   161   168    144   150   157   163   169   175  
 215/796-9000  READING      PA     227    330   475   540   428   495   562    482   681   416   624   920  1334 +
 201/758-0337  RED BANK     NJ       0    -69   -87  -105  -122  -140  -158    323   323   323   323   323   323  
 908/758-0337  RED BANK     NJ     467    521   551   581   611   642   672    613   668   725   784   844   906  
 916/241-4820  REDDING      CA     164    183   191   199   208   216   225    180   185   189   193   197   201  
 415/366-1092  REDWOOD CITY CA      82     73    69    65    60    56    52    164   164   164   164   164   164  
 415/361-8701  REDWOOD CITY CA     189    239   250   262   273   284   296    254   262   270   278   286   293  
 509/375-3367  RICHLAND     WA     156    168   170   175   181   187   193    196   212   226   240   254   269  
 804/330-2465  RICHMOND     VA     111    110   110   109   109   109   108    178   178   178   178   178   178  
 804/330-2673  RICHMOND     VA     821    956  1041  1127  1212  1298  1384   1098  1213  1334  1460  1592  1730  
 703/344-2762  ROANOKE      VA     285    325   345   365   385   404   424    338   351   363   375   387   399  
 507/282-0830  ROCHESTER    MN     240    281   287   298   310   321   333    303   314   325   336   346   357  
 309/788-3713  ROCK ISLAND  IL     262    308   322   335   344   362   380    326   348   333   407   436   467  
 301/294-4522  ROCKVILLE    MD     254    263   276   290   303   316   330    263   268   272   277   282   286  
 919/937-4828  ROCKY MOUNT  NC     100    117   123   130   137   143   150    128   134   140   146   151   157  
 314/364-2084  ROLLA        MO      37     37    37    37    37    37    37     42    42    42    42    42    42  
 404/234-0102  ROME         GA      71     90    96   102   108   114   120     99   103   107   112   116   120  
 708/698-9800  ROSEMONT     IL       8     14    22    30    38    45    53      7    38   184   832  3508 13912 +
 313/774-1000  ROSEVILLE    MI     101    103   109   115   121   127   133    121   130   140   151   161   172  
 505/623-3591  ROSWELL      NM       0      0     0     0     0     0     0      0     0     0     0     0     0 +
 916/448-4300  SACRAMENTO   CA     155    139   134   129   124   119   114    270   270   270   270   270   270  
 916/447-7434  SACRAMENTO   CA     247    213   211   208   205   202   199    248   248   248   248   248   248  
 503/370-4314  SALEM        OR     217    244   259   274   290   305   320    261   274   286   299   311   324  
 913/825-4845  SALINA       KS      71     82    86    90    94    98   102     78    79    81    82    83    84  
 408/754-2206  SALINAS      CA     149    167   173   183   194   204   214    196   173   180   187   194   201  
 301/860-0480  SALISBURY    MD       0    -46   -71   -96  -121  -147  -172    120   120   120   120   120   120  
 410/860-0480  SALISBURY    MD     173    189   203   218   232   246   260    196   208   219   231   244   256  
 801/364-0780  SALT LAKE CI UT     125    136   135   134   133   132   131    195   195   195   195   195   195  
 801/533-8152  SALT LAKE CI UT     159     67    56    46    36    25    15    181   181   181   181   181   181  
 915/658-4590  SAN ANGELO   TX     108    128   135   143   150   158   165    141   148   154   160   166   172  
 512/225-8002  SAN ANTONIO  TX     142    136   131   125   120   115   109    279   279   279   279   279   279  
 512/222-9877  SAN ANTONIO  TX     310    452   415   379   342   306   270    707   707   707   707   707   707  
 714/240-9424  SAN CLEMENTE CA     242    319   327   321   347   373   398    502   307   331   357   383   410  
 619/296-3370  SAN DIEGO    CA     181    170   160   151   142   133   123    348   348   348   348   348   348  
 619/296-8747  SAN DIEGO    CA     357    322   318   315   312   309   306    367   367   367   367   367   367  
 #SF/222-0555  SAN FRANCISC CA     300    292   250   208   166   125    83    551   551   551   551   551   551  
 415/974-1300  SAN FRANCISC CA     219    189   174   159   144   129   114    509   509   509   509   509   509  
 415/543-0691  SAN FRANCISC CA     469    418   440   461   483   505   526    460   470   480   490   500   509  
 408/432-3430  SAN JOSE     CA     184    169   156   143   130   117   104    352   352   352   352   352   352  
 408/432-8618  SAN JOSE     CA     423    415   423   432   440   449   457    432   440   448   456   463   470  
 800/289-6638  SAN JOSE     CA       0      0     0     0     1     1     1      8     8     8     8     8     8  
 805/549-0770  SAN LUIS OBI CA     207    243   257   270   284   297   311    267   279   291   302   314   326  
 415/453-2087  SAN RAFAEL   CA     100    138   121   103   103   102   102    186   113   113   113   113   113  
 805/564-2354  SANTA BARBAR CA      57     50    49    48    47    46    45     81    81    81    81    81    81  
 805/965-1612  SANTA BARBAR CA      35     33    30    27    23    20    17     53    53    53    53    53    53  
 408/475-0981  SANTA CRUZ   CA     262    274   286   297   309   320   331    281   289   297   305   313   321  
 505/471-0606  SANTA FE     NM     159    180   193   205   217   230   242    189   202   215   227   240   253  
 805/922-3308  SANTA MARIA  CA     131    130   141   151   162   173   183    142   157   173   190   208   226  
 707/527-6180  SANTA ROSA   CA     408    432   458   484   510   535   561    452   479   505   532   559   586  
 813/952-9000  SARASOTA     FL     577    676   722   767   813   859   904    731   762   792   823   853   883  
 912/232-6751  SAVANNAH     GA     247    264   284   304   324   344   364    273   286   298   310   323   335  
 717/348-0765  SCRANTON     PA     167    197   206   219   232   245   258    200   211   221   231   241   251  
 206/285-0109  SEATTLE      WA     179    177   163   149   135   121   107    419   419   419   419   419   419  
 206/281-7141  SEATTLE      WA     468    425   428   431   434   437   440    544   544   544   544   544   544  
 215/543-3045  SECANE       PA     166    209   232   255   279   302   325    358   437   527   630   747   880  
 615/453-0401  SEVIERVILLE  TN      67     64    65    67    68    70    71     67    68    68    68    69    69  
 414/457-6128  SHEBOYGAN    WI      72     93    99   106   113   119   126     94    98   101   105   108   112  
 903/868-0089  SHERMAN      TX     103    112   121   130   139   148   157    105   105   105   105   105   106  
 818/789-9002  SHERMAN OAKS CA     174    177   174   170   166   163   159    282   282   282   282   282   282  
 818/789-9557  SHERMAN OAKS CA     278    311   318   326   333   341   348    363   381   400   418   436   454  
 318/688-5840  SHREVEPORT   LA     338    359   381   403   425   447   469    368   380   392   404   415   426  
 712/255-3834  SIOUX CITY   IA     102     69    69    68    68    68    68    109   112   115   118   121   124  
 605/334-0085  SIOUX FALLS  SD     132    156   164   172   180   188   196    183   195   208   220   233   245  
 504/646-2900  SLIDELL      LA     155    257   256   278   300   322   344    456   582   734   915  1129  1382  
 203/763-3521  SOMERS       CT      49     52    58    65    71    78    84     57    65    74    83    93   104  
 508/676-3087  SOMERSET     MA      41     75    71    67    62    58    54    136   145   154   163   172   181  
 219/234-5005  SOUTH BEND   IN      45     45    42    40    37    35    33     84    84    84    84    84    84  
 219/234-6410  SOUTH BEND   IN     196    297   297   321   346   370   394    383   441   504   573   647   727  
 609/452-1018  SOUTH BRUNSW NJ      86    127   105    94    91    87    84    188   161   161   161   161   161  
 609/452-9529  SOUTH BRUNSW NJ     124    177   166   155   136   140   144    234   283   125   126   127   127  
 916/544-3091  SOUTH LAKE T CA       0      0     0     0     0     0     0      0     0     0     0     0     0 +
 415/588-3043  SOUTH SAN FR CA     113    108   108   108   108   108   108    125   125   125   125   125   125  
 313/424-8024  SOUTHFIELD   MI     246    216   208   200   193   185   177    273   273   273   273   273   273  
 803/579-7088  SPARTANBURG  SC     124    139   145   153   161   170   178    144   152   160   168   175   183  
 509/624-1549  SPOKANE      WA      56     50    47    44    41    38    35    100   100   100   100   100   100  
 509/747-3011  SPOKANE      WA     280    262   277   292   307   322   337    392   411   430   449   467   486  
 217/525-8025  SPRINGFIELD  IL      48     46    45    44    43    42    42     80    80    80    80    80    80  
 217/544-0312  SPRINGFIELD  IL     163    192   207   222   237   252   267    191   199   207   215   223   231  
 413/787-0048  SPRINGFIELD  MA     430    328   392   455   519   583   647    457   475   492   510   527   544  
 413/785-1762  SPRINGFIELD  MA       0    247   190   160   129    98    68      1   486   504   521   539   556  
 417/881-6225  SPRINGFIELD  MO     226    367   377   390   415   441   466    557   449   480   511   542   574  
 513/322-8855  SPRINGFIELD  OH      79     86    86    84    86    88    90    116   108   148   164   181   198  
 612/656-1280  ST. CLOUD    MN      92    117   124   131   137   144   151    166   184   204   224   246   269  
 816/232-1455  ST. JOSEPH   MO      63     75    79    83    87    91    95     81    85    89    93    97   101  
 514/747-2996  ST.-LAURENT  PQ     110    159   137   121   114   108   102    337   186   186   186   186   186  
 203/965-0000  STAMFORD     CT      73     77    75    74    72    71    69    129   129   129   129   129   129  
 203/327-2974  STAMFORD     CT     105    120   123   125   128   130   132    129   130   131   132   132   133  
 814/234-3853  STATE COLLEG PA     131    154   160   166   172   178   184    166   170   173   177   180   183  
 614/284-0020  STEUBENVILLE OH      94    115   110   105   100    95    90    253   314   387   471   569   681 +
 209/467-0601  STOCKTON     CA      70     65    64    64    64    64    64     74    74    74    74    74    74  
 206/572-2026  TACOMA       WA     159    166   169   172   175   178   182    172   174   176   178   179   181  
 904/422-0149  TALLAHASSEE  FL     350    380   401   422   443   465   486    388   398   409   420   430   440  
 813/932-7070  TAMPA        FL     104    107   101    95    89    83    76    224   224   224   224   224   224  
 813/933-6210  TAMPA        FL     199     98    95    92    88    85    81    200   201   202   203   204   204  
 508/824-3816  TAUNTON      MA      62    111   107   102    97    93    88    144   146   148   149   151   152  
 817/773-2545  TEMPLE       TX      76     39    35    32    30    28    26     75    83    90    97   103   111  
 812/232-0112  TERRE HAUTE  IN      80     96    99   101   103   105   107    124   130   135   141   146   152  
 903/792-4521  TEXARKANA    TX      92    101   111   117   124   131   137    102   105   109   112   115   118  
 419/255-7790  TOLEDO       OH      84     77    76    74    73    71    70    136   136   136   136   136   136  
 419/255-7705  TOLEDO       OH     360    469   491   531   571   611   651    506   544   583   623   663   704  
 913/234-3070  TOPEKA       KS     216    238   253   268   283   298   313    261   277   293   310   326   343  
 416/365-7630  TORONTO      ON     338    303   313   322   332   342   351    347   347   347   347   347   347  
 616/947-0050  TRAVERSE CIT MI     118    136   146   157   167   177   187    157   169   182   194   207   221  
 609/394-1900  TRENTON      NJ      79     80    78    78    77    77    77     78    83    83    83    83    83  
 602/297-2239  TUCSON       AZ     406    355   347   339   331   323   314    517   517   517   517   517   517  
 918/585-2010  TULSA        OK      88     77    72    68    63    58    53    169   169   169   169   169   169  
 918/585-2706  TULSA        OK     569   1006   991   942   950  1000  1051   2424  1679   938   973  1007  1041  
 601/841-0090  TUPELO       MS      60     65    67    68    72    75    78     73    71    76    80    85    90  
 208/734-0221  TWIN FALLS   ID      54     62    63    65    67    68    70     61    62    63    63    64    65  
 903/581-8652  TYLER        TX     204    212   228   243   259   274   289    204   205   205   206   206   206  
 201/864-8468  UNION CITY   NJ      85     75    68    61    53    46    39    129   129   129   129   129   129  
 714/985-1153  UPLAND       CA     126     78    71    68    65    62    58    123   127   132   136   140   144  
 217/344-3400  URBANA       IL     193    261   276   291   306   321   336    296   310   325   339   353   367  
 315/797-7001  UTICA        NY     197    243   256   270   284   297   311    261   273   285   298   310   322  
 707/644-1192  VALLEJO      CA     184    202   214   227   240   253   266    231   251   272   293   315   338  
 206/574-0427  VANCOUVER    WA     293    394   401   393   418   443   468    581   382   402   422   442   462  
 604/683-7620  VANCOUVER    BC     129    117   121   125   129   133   137    132   138   144   149   155   161  
 213/587-0030  VERNON       CA     286    286   263   240   217   194   170    756   756   756   756   756   756  
 213/587-7514  VERNON       CA     432    471   486   502   517   533   548    503   505   506   507   508   509  
 407/569-8207  VERO BEACH   FL     128    144   152   160   168   176   184    153   160   166   173   180   186  
 601/638-1551  VICKSBURG    MS      49     51    54    57    61    65    68     49    54    57    59    61    63  
 512/576-9200  VICTORIA     TX      45     47    49    52    55    58    61     55    58    61    64    67    70  
 619/955-7050  VICTORVILLE  CA      45     72    99   127   154   181   208     80   202   489  1135  2535  5474 +
 609/692-8943  VINELAND     NJ     184    126   122   122   122   121   121    198   205   213   221   228   236  
 209/625-4891  VISALIA      CA     150    173   186   200   214   227   241    184   195   206   217   229   240  
 619/941-6700  VISTA        CA     123    127   128   129   130   131   133    131   131   131   132   132   132  
 817/776-0880  WACO         TX     162    259   277   295   313   331   349    478   570   674   791   921  1065  
 415/935-0370  WALNUT CREEK CA       0     19     6     7     8    10    11    132   155   155   155   155   155  
 510/935-1507  WALNUT CREEK CA     331    378   387   396   405   414   423    356   358   360   361   363   364  
 912/923-7590  WARNER ROBIN GA     233    242   246   247   255   263   271    270   262   274   285   297   308  
 216/392-2555  WARREN       OH     133    175   188   201   214   227   241    241   277   316   358   403   452  
 203/755-5994  WATERBURY    CT      40     39    39    40    40    41    41     58    58    58    58    58    58  
 319/236-9020  WATERLOO     IA      97    113   120   126   132   139   145    133   139   145   151   158   164  
 315/788-1816  WATERTOWN    NY       3      3     4     5     5     6     7      3     3     3     4     4     4 +
 715/848-6171  WAUSAU       WI     107    133   144   156   167   178   189    152   164   176   189   202   215  
 414/334-1755  WEST BEND    WI      60     67    73    78    84    90    96     78    87    97   107   118   130  
 515/277-7752  WEST DES MOI IA      85     78    74    69    65    60    55    181   181   181   181   181   181  
 515/277-9684  WEST DES MOI IA     315    400   417   429   435   457   480    432   468   430   566   616   669  
 407/471-9310  WEST PALM BE FL     146    141   143   144   145   147   148    154   155   155   156   156   157  
 203/454-2129  WESTPORT     CT      78     84    85    87    89    91    92     96    96    96    96    97    97  
 304/233-7676  WHEELING     WV     132    150   157   166   175   185   194    185   157   163   168   174   179  
 914/328-7730  WHITE PLAINS NY     153    153   152   150   149   148   147    268   268   268   268   268   268  
 914/761-9590  WHITE PLAINS NY     296    266   294   323   351   379   407    292   304   317   329   341   353  
 310/945-1984  WHITTIER     CA       0      0     0     0     0     0     0      0     0     0     0     0     0 +
 316/681-0832  WICHITA      KS      59     58    55    52    49    45    42    119   119   119   119   119   119  
 316/681-2719  WICHITA      KS     393    449   482   514   546   578   610    490   520   550   581   611   642  
 817/723-2386  WICHITA FALL TX     131    146   157   168   178   189   200    154   166   177   189   201   214  
 717/826-8991  WILKES-BARRE PA     205    229   243   256   269   283   296    248   264   280   296   312   328  
 804/229-6786  WILLIAMSBURG VA     105    129   133   136   142   148   154    179   174   181   196   212   228  
 717/321-8520  WILLIAMSPORT PA      93    116   124   131   139   146   154    135   146   157   168   179   191  
 302/652-2060  WILMINGTON   DE      93     90    85    80    75    70    65    178   178   178   178   178   178  
 302/652-2036  WILMINGTON   DE     115    145   137   143   148   153   159      1   128   129   129   129   130  
 919/392-7913  WILMINGTON   NC     138     82    73    67    61    56    50    137   143   149   154   160   166  
 519/977-7256  WINDSOR      ON       9     10    10     9     9     9     8     16    16    16    16    16    16  
 204/654-4041  WINNIPEG     MB       6    -36   -71  -108  -144  -181  -217     51    51    51    51    51    51 +
 416/654-4041  WINNIPEG     MB       0    -38   -66   -94  -122  -150  -178     65    65    65    65    65    65 +
 919/765-1221  WINSTON-SALE NC     362    487   523   560   596   633   669    763   903  1059  1233  1427  1640  
 614/266-2170  WINTERSVILLE OH       0     24     8    -6   -20   -35   -49    100   103   106   109   112   115  
 401/766-2000  WOONSOCKET   RI      70     91    95   100   104   109   113     98   101   105   108   111   114  
 508/791-9000  WORCESTER    MA     190    206   207   207   207   207   207    238   238   238   238   238   238  
 509/248-1462  YAKIMA       WA     107    129   133   136   139   143   146    145   150   156   162   167   173  
 717/852-8186  YORK         PA     192    220   237   255   272   289   307    204   209   215   220   226   231  
 216/759-8892  YOUNGSTOWN   OH     213    237   252   268   283   298   313    249   261   273   284   295   307  
 602/343-9000  YUMA         AZ      78     95   100   107   114   122   129     89    91    92    94    95    97  
 614/454-2893  ZANESVILLE   OH       0      0     0     0     1     1     1      0     1     1     1     2     3 +
 i@/