 1.54    2.80    22.55    52.07     9.19    21.50     202.21     209  ANN ARBOR
 5.65    8.53    14.54    21.17    38.86    54.28     854.81    2315  SAN FRAN
  .01     .15     9.09   100.00      .01      .15        .18    2359  UNION CTY
 3.25    4.00    13.35    22.66    26.09    37.52     574.02    2605  SACRAMNTO
 1.18    1.87    25.01    43.08     5.31    10.42     116.83    2688  CINCI
 5.53    7.62    13.75    17.01    40.20    51.23     884.44    4210  DALLAS
  .09     .92    24.13   100.00      .15     2.17       3.36    4291  PROVDENC
  .00     .00      .00      .00      .00      .00        .00    4342  MEMPHIS
 1.36    2.57    16.46    25.17     9.29    31.47     204.40    4401  BRMINGHAM
  .02     .23    11.87   100.00      .02      .30        .43    4418  CALGARY
 2.90    8.72     6.22    19.60    47.46    67.37    1044.17          CHICAGO
 1.62    2.77    19.81    30.15     8.65    15.77     190.24    4773  CLEVELAND
 2.24    3.55    12.55    17.51    18.31    26.00     402.88    4789  NEWARK
 6.70   19.52    29.61   100.00   115.63   199.75    2543.77          NEW YORK
 5.24   13.42    27.87   100.00    93.12   123.90    2048.58          FAIRFAX
 2.72    4.43    14.56    19.16    19.63    41.52     431.94    4871  MINN
 3.83    6.58    15.01    20.19    26.59    48.18     585.07    5017  DENVER
  .64    1.78    44.21   100.00     1.77     5.33      39.01    5798  JACKVILLE
 3.12    5.07    15.21    19.61    20.58    29.27     452.66    6231  SEATTLE
 2.60    4.60    13.96    20.94    19.28    37.10     424.08    6232  NWPRTBCH
 3.68    5.45    13.00    19.11    28.50    40.25     626.94    6233  SAN JOSE
 2.56    3.43    15.60    20.61    16.82    26.88     370.12    6239  BALTIMORE
 3.06    9.88     6.56    15.86    46.50    62.30    1022.90          VERNON
 4.57    8.75    14.08    19.03    32.41    48.45     713.07    6646  HOUSTON
  .51    1.02    43.06   100.00     1.13     4.85      24.87    6939  NASHVILLE
  .40    1.75    52.75   100.00      .96     6.38      21.05    6942  TULSA
  .00     .00      .00      .00      .00      .00        .00    7725  TALLAHASE
 3.16    5.50    17.23    34.90    18.96    31.17     417.02    8114  HAZELWD
 1.35    3.25    22.83    40.52     6.47    14.97     142.43    8579  PHOENIX
 2.88    3.57    16.18    25.55    18.38    26.17     404.45    8702  DETROIT
 1.41    2.92    23.85    37.02     6.23    14.52     137.06    8754  COLUMBUS
 1.31    2.62    18.67    36.18     7.30    15.58     160.69    8951  BLOOMFLD
 1.11    2.23    21.78    48.25     5.53    10.93     121.70    9032  SAN DIEGO
 5.27   21.60    14.83    30.58    79.18   107.05    1742.05          BOSTON
 5.92    9.73    15.02    21.52    39.28    53.40     864.16    9791  DORAVLLE
 1.09    1.77    23.61    39.53     4.89     9.37     107.64    9792  MIAMI
 1.84    2.88    17.75    25.31    10.96    30.40     241.10    9855  SOUTHFLD
 1.06    2.05    26.65    56.25     5.03    11.63     110.67    9858  OAKLAND
 1.00    2.02    23.20    33.43     4.40     8.22      96.75    9872  GRND RPDS
 1.39    3.78    26.10    47.06     5.90    17.52     129.82   10691  LTTL ROCK
  .71    1.32    37.05   100.00     2.43     6.13      53.41   10873  NEW ORLNS
 2.71    4.58    13.29    63.64    25.58    42.48     562.81   10902  PHLDLPHIA
 1.49    3.02    23.89    55.05     8.22    18.73     180.74   11136  PORTLAND
 2.15    3.77    18.15    27.83    12.14    20.60     267.16   11148  PITTSBRGH
 1.36    3.28    33.78   100.00     6.91    22.58     151.92   11149  CLRWATER
  .55    1.73    27.92   100.00     2.35     8.43      51.66   11556  TAMPA
  .85    1.37    35.14   100.00     3.10     6.53      68.23   11588  INDIANPLS
 1.48    1.88    20.35    27.02     7.49    10.20     164.83   11608  SLT LK CT
  .18     .73    33.17   100.00      .39     2.37       8.64   11612  HEMPSTEAD
 1.32    2.57    21.02    35.80     7.08    15.95     155.67   11644  S BRUNSWK
  .35    1.08    41.33   100.00      .93     3.20      20.54   11662  OTTAWA
  .05     .33    12.42    86.96      .05      .38        .38   11666  PITTSFORD
  .68    1.00    28.33    45.45     2.76     7.08      60.74   11708  NORRISTWN
  .68    1.13    37.36    67.24     2.40     6.03      52.85   11717  ST LRENT
 1.15    2.15    28.14    54.12     5.01    11.77     110.24   11739  COLTON
  .00     .00      .00      .00      .00      .00        .00   11741  WHITE PLNS
 1.24    2.08    26.65    49.64     5.28    12.33     116.06   11746  MISSION
 2.12    3.50    20.33    33.33    10.69    24.80     235.16   11753  BROOKFLD
  .71    1.40    39.75    81.82     2.03     4.33      44.70   11803  AUSTIN
 1.76    3.05    16.90    38.10    11.07    16.72     243.54   11808  REDWD CTY
  .03     .58     2.37    52.24      .05     1.12       1.12   11809  FT LAUDER
 1.86    3.22    19.06    33.59    10.47    18.33     230.24   11810  OK CITY
 1.81    3.67    25.35    49.66     7.43    16.60     163.52   11811  SAN ANTNO
  .00     .00      .00      .00      .00      .00        .00   11819  HUNTSVILE
                                                    21401.73          TY96BD TOT
