1
 
                   MAX
            TOTAL  SIM                MAXIMUM CPS                   CONNECT
 DATE  HOUR USERS USERS            IN         OUT       TOTAL         HOURS
 
 
 920401   1     2     2         21.72        2.05       23.77          2.00
 920401   2     2     2         21.72        2.05       23.77          0.75
 920401   3     0     0          0.00        0.00        0.00          0.00
 920401   4     0     0          0.00        0.00        0.00          0.00
 920401   5     0     0          0.00        0.00        0.00          0.00
 920401   6     0     0          0.00        0.00        0.00          0.00
 920401   7    23     1          2.28        1.60        3.58          0.40
 920401   8    24     3        183.07        2.42      185.48          0.73
 920401   9    21     3        220.53        3.68      224.22          0.98
 920401  10    19     1          2.28        1.30        3.58          0.35
 920401  11    26     3          5.15       14.12       18.97          0.87
 920401  12    21     4        229.58       25.40      232.85          0.98
 920401  13    53    20        172.87      230.35      365.95          5.83
 920401  14    69    26        135.78      232.88      368.60         14.13
 920401  15   119    42        324.70      316.73      576.97         23.05
 920401  16   178    59        498.65      590.20      994.60         44.42
 920401  17   166    56        455.32      679.62     1134.93         41.88
 920401  18   144    50        355.78      555.17      910.95         35.37
 920401  19   135    56        403.15      643.75     1041.47         43.37
 920401  20   142    49        372.58      666.02      999.90         36.62
 920401  21   159    56        326.07      536.32      838.75         37.78
 920401  22   112    40        314.97      384.05      670.10         21.02
 920401  23    93    26        183.77      121.48      290.75         13.22
 920401  24    28    13        141.80      173.35      315.00          5.22
1
 
                   MAX
            TOTAL  SIM                MAXIMUM CPS                   CONNECT
 DATE  HOUR USERS USERS            IN         OUT       TOTAL         HOURS
 
 
 920402   1    33    14        233.40      129.73      286.55          9.83
 920402   2    20     9        119.20       50.22      169.42          3.83
 920402   3     5     3         20.90       51.92       60.88          1.48
 920402   4     4     3         21.95        2.85       24.80          1.92
 920402   5     4     3          4.28        6.98        9.72          1.53
 920402   6     4     2         27.02       16.38       43.40          1.13
 920402   7     2     2          2.07        2.40        4.47          1.02
 920402   8     2     2          2.07        2.40        4.47          0.33
 920402   9     2     1          8.77       15.85       24.62          0.08
 920402  10     2     1          1.18        2.58        3.77          0.05
 920402  11     2     1         21.15        1.60       22.40          0.03
 920402  12     2     1          2.15        9.57       11.72          0.10
 920402  13    20    11        361.03       74.88      435.92          2.63
 920402  14    75    39        514.60      309.17      814.60         17.43
 920402  15    92    44        533.87      316.60      846.88         27.92
 920402  16    16    16        351.85       54.52      406.37         11.12
 920402  17    22    22         94.55      168.02      262.57         10.57
 920402  18   150    51        402.68      701.83     1093.25         40.52
 920402  19   117    56        449.42      662.30     1098.82         34.25
 920402  20   118    50        408.45      530.02      900.43         36.22
 920402  21   146    54        432.82      647.07     1078.85         40.55
 920402  22   160    55        361.83      577.13      938.97         34.42
 920402  23    77    25        191.38      159.60      309.40         17.05
 920402  24    43    13        168.07      195.65      363.72          7.42
1
 
                   MAX
            TOTAL  SIM                MAXIMUM CPS                   CONNECT
 DATE  HOUR USERS USERS            IN         OUT       TOTAL         HOURS
 
 
 920403   1    53    20        273.03      266.13      498.05         15.23
 920403   2    26    11        154.13      108.67      219.83          4.27
 920403   3    14     6        103.35       36.17      139.52          1.68
 920403   4     0     0          0.00        0.00        0.00          0.00
 920403   5     0     0          0.00        0.00        0.00          0.00
 920403   6     0     0          0.00        0.00        0.00          0.00
 920403   7     0     0          0.00        0.00        0.00          0.00
 920403   8     0     0          0.00        0.00        0.00          0.00
 920403   9     0     0          0.00        0.00        0.00          0.00
 920403  10     0     0          0.00        0.00        0.00          0.00
 920403  11     0     0          0.00        0.00        0.00          0.00
 920403  12    10     6          5.20        1.60        6.80          0.17
 920403  13    19    13         62.37      148.02      210.38          1.42
 920403  14    73    30        204.18      356.60      560.78         16.73
 920403  15   165    55        375.40      481.68      845.23         38.07
 920403  16   121    58        508.10      518.23      977.40         42.63
 920403  17   139    64        518.10      759.80     1277.90         46.47
 920403  18   156    53        524.05      575.80     1095.35         40.22
 920403  19   107    46        444.33      551.60      995.93         35.28
 920403  20   129    55        446.13      693.45     1097.82         40.77
 920403  21    93    43        272.22      391.10      654.78         31.50
 920403  22   134    49        386.15      686.42     1072.57         31.43
 920403  23    84    33        238.58      299.73      523.25         15.70
 920403  24    36    13        109.40       53.70      137.42          4.83
1
 
                   MAX
            TOTAL  SIM                MAXIMUM CPS                   CONNECT
 DATE  HOUR USERS USERS            IN         OUT       TOTAL         HOURS
 
 
 920404   1    39    18        135.42       62.05      189.45          9.67
 920404   2    36    17        120.38       51.38      160.78         10.57
 920404   3    27    14        143.25       28.32      171.57          8.55
 920404   4    19    10         33.62        5.68       39.30          4.58
 920404   5    14     9         28.42        4.08       32.50          3.27
 920404   6    15    13         47.95        3.37       50.45          3.27
 920404   7    13    11          8.03        2.83       10.87          3.17
 920404   8    17    13         49.63        3.92       53.55          3.32
 920404   9    15    10          6.73        2.43        9.17          3.22
 920404  10    12    10          6.93        2.13        9.07          2.17
 920404  11    12    11          7.37        2.27        9.63          2.18
 920404  12    12    10          6.93        2.13        9.07          2.17
 920404  13    12    10          6.50        2.00        8.50          2.18
 920404  14    12    11          7.80        2.40       10.20          2.17
 920404  15    13     9          6.07        1.87        7.93          2.30
 920404  16    23    13         69.38        2.95       70.47          4.57
 920404  17    28    18        238.42       44.60      278.68          7.53
 920404  18    17    10        144.75       57.68      145.97          4.92
 920404  19    36    14         41.00       69.92      110.92          8.53
 920404  20    31    15         39.80       70.22      107.17          6.35
 920404  21    21    14         61.32       55.15      115.45          8.08
 920404  22    38    15         82.33      167.90      248.88          9.42
 920404  23    28    20         89.27      168.68      257.95          6.93
 920404  24    17    14         82.42       37.07      119.48          3.73
1
 
                   MAX
            TOTAL  SIM                MAXIMUM CPS                   CONNECT
 DATE  HOUR USERS USERS            IN         OUT       TOTAL         HOURS
 
 
 920405   1    16    12         63.55      161.37      224.92          2.25
 920405   2    11     7          5.25        1.65        6.90          0.75
 920405   3    10     8          6.50        2.00        8.50          0.18
 920405   4    11     6         13.52        2.60       16.12          0.20
 920405   5    13    11         41.03        4.07       45.10          1.00
 920405   6    11     7         13.92        2.27       16.18          0.70
 920405   7     2     2          1.73        0.53        2.27          0.03
 920405   8    10     8          6.93        2.13        9.07          0.17
 920405   9    10     6          5.20        1.60        6.80          0.17
 920405  10    10    10          8.67        2.67       11.33          0.17
 920405  11    10     6          4.77        1.47        6.23          0.18
 920405  12    10     7          5.63        1.73        7.37          0.18
 920405  13    10     6          4.77        1.47        6.23          0.18
 920405  14    10     6          4.77        1.47        6.23          0.18
 920405  15    12     9          7.18        2.23        9.42          0.97
 920405  16    12     7          5.45       12.98       16.55          1.20
 920405  17    11     7          5.45        1.70        7.15          1.17
 920405  18    11     9          7.18        2.23        9.42          1.17
 920405  19     9     6          5.85        2.23        8.08          1.20
 920405  20    16    13         14.85       17.87       32.72          1.50
 920405  21    15    13         28.27       45.22       73.48          4.58
 920405  22    12     5         21.33       43.08       64.42          0.20
 920405  23    10     6          5.20        1.60        6.80          0.17
 920405  24     4     4          3.47        1.07        4.53          0.07
1
 
                   MAX
            TOTAL  SIM                MAXIMUM CPS                   CONNECT
 DATE  HOUR USERS USERS            IN         OUT       TOTAL         HOURS
 
 
 920406   1    10     9          7.80        2.40       10.20          0.17
 920406   2    10     9          7.37        2.27        9.63          0.18
 920406   3    10    10          8.67        2.67       11.33          0.17
 920406   4    10    10          8.67        2.67       11.33          0.17
 920406   5    10     8          6.50        2.00        8.50          0.18
 920406   6    14     6          9.72       12.13       19.45          0.45
 920406   7    10     6          5.20        1.60        6.80          0.17
 920406   8     8     7          6.07        1.87        7.93          0.13
 920406   9    11     9          7.37        2.27        9.63          0.20
 920406  10    10     9          7.37        2.27        9.63          0.18
 920406  11    10     6          5.20        1.60        6.80          0.17
 920406  12    40    12         12.22        4.23       16.45          0.73
 920406  13    95    25        132.42      274.53      406.95         10.12
 920406  14   179    44        215.95      349.02      564.97         23.90
 920406  15   208    59        456.13      474.98      928.87         39.12
 920406  16   212    63        394.47      404.13      773.78         40.18
 920406  17   193    55        536.88      536.60     1001.05         39.52
 920406  18   140    43        403.38      596.70     1000.08         25.43
 920406  19   152    51        501.37      588.37     1071.05         39.10
 920406  20   166    50        455.32      531.73      987.05         34.43
 920406  21    45    36        382.18      297.70      679.88         15.67
 920406  22     1     1         42.73        0.20       42.93          1.00
 920406  23     1     1         42.73        0.20       42.93          1.00
 920406  24     1     1         42.73        0.20       42.93          0.10
1
 
                   MAX
            TOTAL  SIM                MAXIMUM CPS                   CONNECT
 DATE  HOUR USERS USERS            IN         OUT       TOTAL         HOURS
 
 
 920407   1     2     2          3.03        0.57        3.60          2.00
 920407   2     2     2          3.03        0.57        3.60          2.00
 920407   3     2     2          3.03        0.57        3.60          2.00
 920407   4     2     2          3.03        0.57        3.60          2.00
 920407   5     2     2          3.03        0.57        3.60          2.00
 920407   6    23     4          6.02        2.67        8.30          2.47
 920407   7    24     4         21.02        3.23       24.25          2.60
 920407   8    25     3          5.32        2.17        7.18          2.42
 920407   9    28     4          5.32        2.90        7.18          1.47
 920407  10    25     4          3.75       40.12       43.43          2.28
 920407  11    31     4          6.28       38.27       42.98          2.28
 920407  12    26     4          6.77       28.92       35.68          2.30
 920407  13    54    27        594.65      415.33     1009.98         16.55
 920407  14   149    57        728.35      631.77     1360.12         37.98
 920407  15   173    59        629.88      631.08     1244.98         38.82
 920407  16   126    65        832.60      763.93     1596.53         47.95
 920407  17   161    43        596.75      533.95     1130.70         26.60
 920407  18   124    47        362.93      494.25      855.67         36.07
 920407  19   156    52        389.28      486.77      862.57         39.23
 920407  20   143    63        421.60      617.27     1038.87         41.32
 920407  21   158    34        360.85      297.05      591.18         24.07
 920407  22   130    41        377.87      351.45      729.32         30.32
 920407  23    55    16        140.05      127.08      266.60          9.50
 920407  24    58    15        106.87      169.80      248.48          7.70
1
 
                   MAX
            TOTAL  SIM                MAXIMUM CPS                   CONNECT
 DATE  HOUR USERS USERS            IN         OUT       TOTAL         HOURS
 
 
 920408   1    45     8        193.98       73.77      258.17          4.77
 920408   2    40     6         88.72       49.30       93.68          3.35
 920408   3    28     4         25.95       36.32       56.75          2.87
 920408   4    25     3         19.38        2.90       21.68          1.03
 920408   5    25     2         48.20        1.60       49.73          0.50
 920408   6     0     0          0.00        0.00        0.00          0.00
 920408   7     0     0          0.00        0.00        0.00          0.00
 920408   8     0     0          0.00        0.00        0.00          0.00
 920408   9     0     0          0.00        0.00        0.00          0.00
 920408  10    12     2          3.28        1.60        4.85          0.22
 920408  11    20     2          2.80        1.43        4.23          0.35
 920408  12    39    12        109.40      215.53      324.93          3.57
 920408  13    94    31        236.95      495.88      732.83         16.70
 920408  14   164    51        310.73      578.25      888.98         32.88
 920408  15   155    65        380.38      640.65      998.77         45.00
 920408  16   161    64        500.77      694.63     1183.23         50.47
 920408  17   194    71        474.50      675.43     1149.93         49.67
 920408  18   132    52        406.02      619.13      976.45         33.43
 920408  19   130    54        448.90      685.78     1111.65         42.10
 920408  20   141    63        445.62      733.30     1178.92         44.57
 920408  21   121    54        429.28      572.57     1001.85         36.23
 920408  22    38    27        281.95      394.58      675.63         18.47
 920408  23     6     6         82.05      181.12      263.17          0.93
 920408  24     0     0          0.00        0.00        0.00          0.00
1
 
                   MAX
            TOTAL  SIM                MAXIMUM CPS                   CONNECT
 DATE  HOUR USERS USERS            IN         OUT       TOTAL         HOURS
 
 
 920409   1    13    12         88.38       52.23      137.00          5.27
 920409   2     1     1          1.00        0.58        1.58          1.00
 920409   3     1     1          1.00        0.58        1.58          1.00
 920409   4     1     1          1.00        0.58        1.58          1.00
 920409   5     1     1          1.00        0.58        1.58          1.00
 920409   6     2     2          2.05        2.18        4.23          1.02
 920409   7     2     2          2.05        2.18        4.23          1.02
 920409   8     5     2          2.28        1.60        3.58          0.37
 920409   9    26     3          4.42       17.83       22.25          0.62
 920409  10    25     2          3.30        4.30        7.60          0.47
 920409  11    26     2          4.50       17.53       21.63          0.75
 920409  12    28     6         48.17      121.62      169.48          3.50
 920409  13   102    31        202.67      360.08      562.75         17.10
 920409  14   154    58        270.03      419.87      689.90         33.78
 920409  15   170    60        435.95      611.47     1046.65         45.95
 920409  16   161    63        547.32      693.28     1240.60         53.35
 920409  17   148    49        424.35      591.72      982.82         37.17
 920409  18   112    33        320.78      441.55      762.33         27.03
 920409  19   162    52        359.78      538.02      890.55         34.72
 920409  20   183    61        316.63      530.70      838.37         34.00
 920409  21   111    35        385.73      267.33      650.65         26.92
 920409  22    89    29        345.87      253.82      599.68         17.85
 920409  23    60    19        175.60      108.22      276.67         10.07
 920409  24    44     8         87.15       50.95      101.47          4.37
1
 
                   MAX         TOTAL  SIM                MAXIMUM CPS                   CONNECT
 DATE  HOUR USERS USERS            IN         OUT       TOTAL         HOURS
 
 
 920410   1    46    11        177.97       31.20      198.95          5.67
 920410   2    39     8         77.08       26.95       85.93          4.95
 920410   3    35     5         60.95       24.67       76.17          3.55
 920410   4    33     7        119.02       10.20      124.85          3.58
 920410   5    27     4         70.50        6.78       76.18          2.52
 920410   6    24     3         17.57        3.62       21.18          2.40
 920410   7    25     3         17.57        3.92       21.18          2.40
 920410   8    17     8         21.90        4.95       26.85          1.62
 920410   9    11     7         19.42        3.48       22.90          1.17
 920410  10    32     8         20.47        5.05       25.52          1.62
 920410  11    43    11         24.30        5.58       29.88          1.73
 920410  12    28     7         68.37      146.87      215.23          3.17
 920410  13    87    23        130.18      230.37      360.55         11.67
 920410  14   132    39        284.65      561.65      846.30         31.13
 920410  15   172    57        428.65      577.82     1006.47         39.57
 920410  16   186    64        432.65      559.62      923.90         45.67
 920410  17   158    49        305.27      420.28      725.55         36.25
 920410  18   142    44        431.02      485.25      842.00         33.85
 920410  19   164    50        414.57      529.55      897.87         37.08
 920410  20   154    55        376.65      667.65     1027.38         34.23
 920410  21   132    50        362.52      668.30     1029.17         26.60
 920410  22    49    25        239.67      291.03      530.70          9.07
 920410  23     1     1         19.00        1.20       20.20          0.58
 920410  24     0     0          0.00        0.00        0.00          0.00
1
 
                   MAX
            TOTAL  SIM                MAXIMUM CPS                   CONNECT
 DATE  HOUR USERS USERS            IN         OUT       TOTAL         HOURS
 
 
 920411   1    45    11        139.50       53.58      143.13          5.30
 920411   2    49    15         41.17        8.78       49.95          4.02
 920411   3    40    11         53.13       35.15       87.87          3.52
 920411   4    34     6         14.28        2.42       16.12          1.90
 920411   5    33    12         12.65       23.82       36.47          1.62
 920411   6    32     8          6.48        2.15        8.40          1.20
 920411   7    32    11         10.95        3.97       14.92          0.55
 920411   8    32     8          6.93        2.13        9.07          0.58
 920411   9    32     8          6.93        2.13        9.07          0.57
 920411  10    32    10          8.67        2.67       11.33          0.57
 920411  11    32     9          8.07        2.78       10.85          0.57
 920411  12    32     6          5.20        1.72        6.80          0.55
 920411  13    32     6         13.32       16.85       30.17          0.68
 920411  14    32     7          7.48        2.90       10.38          0.53
 920411  15    33     8          6.93        2.13        9.07          0.58
 920411  16    40     9        120.28       12.75      122.58          2.90
 920411  17    38     9         12.15       39.92       48.73          1.70
 920411  18    42     8         72.50       39.63       88.42          1.97
 920411  19    37    12         17.83       36.37       44.53          1.77
 920411  20    40     8         58.48       28.00       74.05          2.15
 920411  21    35     7         29.95        2.63       32.58          1.38
 920411  22    35    10         19.45        2.30       21.75          1.93
 920411  23    33     8          6.93        2.13        9.07          0.65
 920411  24    34     9         29.60        8.67       38.27          0.68
1
 
                   MAX
            TOTAL  SIM                MAXIMUM CPS                   CONNECT
 DATE  HOUR USERS USERS            IN         OUT       TOTAL         HOURS
 
 
 920412   1    34     9         60.15        5.97       66.12          1.63
 920412   2    35    10         56.10       11.88       61.12          1.97
 920412   3    33    10         29.27        6.02       35.28          1.55
 920412   4    33    12         30.57        6.42       36.98          1.60
 920412   5    34    10         55.73        6.02       60.15          1.65
 920412   6    29     5         24.93        4.68       29.62          1.55
 920412   7    33    10         27.85        4.98       32.83          1.57
 920412   8    33    12         29.42        5.77       35.18          1.58
 920412   9    23     2         22.33        3.88       26.22          1.38
 920412  10    43     8         27.53        5.48       33.02          1.23
 920412  11    32     7          7.48        2.90       10.38          0.57
 920412  12    32     7          7.48        2.90       10.38          0.57
 920412  13    21     1          2.28        1.30        3.58          0.40
 920412  14    32     7          7.48       28.08       31.60          0.62
 920412  15    32     6          5.20        1.60        6.80          0.57
 920412  16    34     6          5.03       10.75       13.15          0.63
 920412  17    37     6         19.62        9.45       24.77          1.03
 920412  18    34    10         23.42       10.75       26.73          1.20
 920412  19    32     7         41.13        9.42       44.72          0.65
 920412  20    42     9          9.22        3.43       12.65          0.73
 920412  21    33     9          7.37       20.07       26.10          0.60
 920412  22    22     1          2.28        1.30        3.58          0.40
 920412  23    33     6         12.15        2.10       12.55          0.58
 920412  24    41     9          9.22        3.43       12.65          0.70
1
 
                   MAX
            TOTAL  SIM                MAXIMUM CPS                   CONNECT
 DATE  HOUR USERS USERS            IN         OUT       TOTAL         HOURS
 
 
 920413   1    32     9          9.22        3.43       12.65          0.55
 920413   2    32     9          9.22        3.43       12.65          0.55
 920413   3    34     8         24.72       16.22       29.85          0.88
 920413   4    33     9         14.95        2.27       16.43          0.67
 920413   5    33     9         14.95        3.43       16.43          1.08
 920413   6    32     9          9.22        3.43       12.65          0.57
 920413   7    33     6          5.75        8.55       11.28          0.63
 920413   8    33    10          9.65        3.57       13.22          0.62
 920413   9    33     7          6.07        5.02        8.75          0.58
 920413  10    27     8          6.50        2.00        8.50          0.48
 920413  11    11     8          6.93        7.30        9.07          0.27
 920413  12    16    13         36.32       44.33       80.65          2.88
 920413  13    78    33        116.15      187.80      303.50         14.27
 920413  14   139    41        190.78      326.20      516.98         27.83
 920413  15   128    39        250.90      287.58      533.70         21.38
 920413  16   181    68        389.48      505.37      894.75         44.27
 920413  17   126    58        364.10      434.47      757.17         48.23
 920413  18   190    44        447.87      517.03      964.90         30.32
 920413  19   135    56        517.77      579.52     1048.85         48.58
 920413  20   126    67        537.77      755.97     1293.73         46.65
 920413  21    97    38        326.85      368.55      695.40         24.58
 920413  22    15    15        180.25       68.42      248.67          4.97
 920413  23     1     1         41.20        4.03       45.23          0.90
 920413  24     0     0          0.00        0.00        0.00          0.00
1     MAXIMUM OF MAXIMUM SIMULTANEOUS USERS
 
 
                   MAX
            TOTAL  SIM                MAXIMUM CPS                   CONNECT
 DATE  HOUR USERS USERS            IN         OUT       TOTAL         HOURS
 
 920408  17   194    71        474.50      675.43     1149.93         49.67
 
 
     MAXIMUM OF CONNECT HOURS
 
 
                   MAX
            TOTAL  SIM                MAXIMUM CPS                   CONNECT
 DATE  HOUR USERS USERS            IN         OUT       TOTAL         HOURS
 
 920409  16   161    63        547.32      693.28     1240.60         53.35
1
   & B‘