GO (ANALYSIS)PORTS
1
     0
   69.40
Y
100
0
1
1
     0
   75.17
Y
100
0
1
1
     0
   26.73
Y
100
0
1
1
201396
    6.45
Y
100
0
1
1
201539
   16.70
Y
100
0
1
1
201562
   11.08
Y
100
0
1
1
201562
   20.17
Y
100
0
1
1
201567
    8.41
Y
100
0
1
1
201567
   11.13
Y
100
0
1
1
201742
   15.63
Y
100
0
1
1
201758
   11.58
Y
100
0
1
1
201824
   36.82
Y
100
0
1
1
201824
   31.36
Y
100
0
1
1
201864
    2.70
Y
100
0
1
1
201864
    8.13
Y
100
0
1
1
203242
   23.32
Y
100
0
1
1
203242
   27.00
Y
100
0
1
1
203327
   11.76
Y
100
0
1
1
203332
    5.29
Y
100
0
1
1
203444
    3.76
Y
100
0
1
1
203454
    8.88
Y
100
0
1
1
203579
   12.06
Y
100
0
1
1
203634
    6.39
Y
100
0
1
1
203755
    5.72
Y
100
0
1
1
203763
    1.93
Y
100
0
1
1
203773
   11.50
Y
100
0
1
1
203787
   10.06
Y
100
0
1
1
203797
    7.13
Y
100
0
1
1
203965
   18.51
Y
100
0
1
1
205236
    3.96
Y
100
0
1
1
205265
   11.48
Y
100
0
1
1
205343
   10.30
Y
100
0
1
1
205460
    4.09
Y
100
0
1
1
205543
    1.68
Y
100
0
1
1
205742
    1.61
Y
100
0
1
1
205758
    3.77
Y
100
0
1
1
205760
    3.99
Y
100
0
1
1
205794
    3.91
Y
100
0
1
1
205880
    1.92
Y
100
0
1
1
205882
   19.19
Y
100
0
1
1
205942
   22.13
Y
100
0
1
1
205942
   10.52
Y
100
0
1
1
206258
    6.38
Y
100
0
1
1
206281
   31.08
Y
100
0
1
1
206285
   52.79
Y
100
0
1
1
206377
    1.41
Y
100
0
1
1
206383
    0.76
Y
100
0
1
1
206423
    2.94
Y
100
0
1
1
206452
    0.94
Y
100
0
1
1
206572
   10.79
Y
100
0
1
1
206574
    6.14
Y
100
0
1
1
206574
    0.10
Y
100
0
1
1
206671
    4.84
Y
100
0
1
1
206735
    4.80
Y
100
0
1
1
206943
    5.78
Y
100
0
1
1
207622
    3.28
Y
100
0
1
1
207775
   16.04
Y
100
0
1
1
207795
    5.13
Y
100
0
1
1
207989
    6.71
Y
100
0
1
1
208233
    4.46
Y
100
0
1
1
208343
   14.29
Y
100
0
1
1
208345
    6.82
Y
100
0
1
1
208522
    6.27
Y
100
0
1
1
208734
    1.78
Y
100
0
1
1
209383
    3.38
Y
100
0
1
1
209442
   18.09
Y
100
0
1
1
209467
    7.18
Y
100
0
1
1
209527
    6.78
Y
100
0
1
1
209625
    3.73
Y
100
0
1
1
212809
   86.95
Y
100
0
1
1
212943
  190.00
Y
100
0
1
1
213435
   22.82
Y
100
0
1
1
213436
   12.89
Y
100
0
1
1
213587
  105.78
Y
100
0
1
1
213587
   46.10
Y
100
0
1
1
213643
   20.68
Y
100
0
1
1
213643
   10.93
Y
100
0
1
1
214236
    5.21
Y
100
0
1
1
214542
    2.93
Y
100
0
1
1
214581
    6.41
Y
100
0
1
1
214630
   35.99
Y
100
0
1
1
214631
    0.10
Y
100
0
1
1
214638
   81.89
Y
100
0
1
1
214792
    2.77
Y
100
0
1
1
214868
    2.53
Y
100
0
1
1
215383
    5.92
Y
100
0
1
1
215543
    4.43
Y
100
0
1
1
215592
   52.23
Y
100
0
1
1
215592
   41.40
Y
100
0
1
1
215666
   23.12
Y
100
0
1
1
215779
    6.08
Y
100
0
1
1
215865
   13.26
Y
100
0
1
1
215943
    7.53
Y
100
0
1
1
216241
   47.05
Y
100
0
1
1
216324
    3.72
Y
100
0
1
1
216376
   15.02
Y
100
0
1
1
216376
    7.01
Y
100
0
1
1
216392
    5.03
Y
100
0
1
1
216456
    5.81
Y
100
0
1
1
216759
    7.20
Y
100
0
1
1
216861
   34.87
Y
100
0
1
1
217344
    6.09
Y
100
0
1
1
217429
    6.25
Y
100
0
1
1
217442
    3.99
Y
100
0
1
1
217525
   10.44
Y
100
0
1
1
217544
    2.13
Y
100
0
1
1
218722
    5.09
Y
100
0
1
1
219234
    9.62
Y
100
0
1
1
219234
    1.55
Y
100
0
1
1
219293
    5.13
Y
100
0
1
1
219422
    8.28
Y
100
0
1
1
219885
    8.99
Y
100
0
1
1
301269
    8.42
Y
100
0
1
1
301273
    4.64
Y
100
0
1
1
301293
   10.81
Y
100
0
1
1
301528
   18.18
Y
100
0
1
1
301547
   37.84
Y
100
0
1
1
301777
    2.90
Y
100
0
1
1
301860
    1.09
Y
100
0
1
1
301869
    5.35
Y
100
0
1
1
301869
    0.19
Y
100
0
1
1
302652
    4.75
Y
100
0
1
1
302652
   20.83
Y
100
0
1
1
302678
    5.82
Y
100
0
1
1
303224
    3.87
Y
100
0
1
1
303241
    0.99
Y
100
0
1
1
303352
    3.66
Y
100
0
1
1
303498
    0.10
Y
100
0
1
1
303830
   51.80
Y
100
0
1
1
303832
   29.13
Y
100
0
1
1
304233
    3.97
Y
100
0
1
1
304292
    6.48
Y
100
0
1
1
304345
   11.00
Y
100
0
1
1
304485
    4.98
Y
100
0
1
1
304523
    6.16
Y
100
0
1
1
305463
   22.57
Y
100
0
1
1
305467
   15.86
Y
100
0
1
1
305599
   29.85
Y
100
0
1
1
305599
   18.62
Y
100
0
1
1
307234
    6.04
Y
100
0
1
1
307638
    5.47
Y
100
0
1
1
307742
    1.45
Y
100
0
1
1
308382
    3.08
Y
100
0
1
1
309637
    8.06
Y
100
0
1
1
309788
   10.17
Y
100
0
1
1
309829
    5.34
Y
100
0
1
1
312295
    9.74
Y
100
0
1
1
312345
   11.14
Y
100
0
1
1
312474
    4.87
Y
100
0
1
1
312615
    0.10
Y
100
0
1
1
312790
   24.83
Y
100
0
1
1
312790
   20.31
Y
100
0
1
1
312844
    6.16
Y
100
0
1
1
312888
    6.49
Y
100
0
1
1
312922
  116.34
Y
100
0
1
1
312922
   47.85
Y
100
0
1
1
312991
   12.62
Y
100
0
1
1
313338
    7.01
Y
100
0
1
1
313424
   20.52
Y
100
0
1
1
313451
    6.48
Y
100
0
1
1
313557
    4.64
Y
100
0
1
1
313743
    8.06
Y
100
0
1
1
313778
    5.70
Y
100
0
1
1
313962
   50.05
Y
100
0
1
1
313963
   22.48
Y
100
0
1
1
313973
    5.60
Y
100
0
1
1
313973
   10.02
Y
100
0
1
1
313982
    3.79
Y
100
0
1
1
314335
    2.61
Y
100
0
1
1
314364
    3.38
Y
100
0
1
1
314634
    4.58
Y
100
0
1
1
314731
   50.52
Y
100
0
1
1
314731
   26.27
Y
100
0
1
1
314874
    9.20
Y
100
0
1
1
315433
    3.77
Y
100
0
1
1
315437
   22.03
Y
100
0
1
1
315797
    7.61
Y
100
0
1
1
316681
   16.13
Y
100
0
1
1
316681
    4.93
Y
100
0
1
1
317284
    4.58
Y
100
0
1
1
317423
    4.94
Y
100
0
1
1
317453
    4.19
Y
100
0
1
1
317631
   28.86
Y
100
0
1
1
317632
   17.78
Y
100
0
1
1
317662
    3.66
Y
100
0
1
1
318234
    7.76
Y
100
0
1
1
318388
    4.89
Y
100
0
1
1
318445
    4.95
Y
100
0
1
1
318494
    4.12
Y
100
0
1
1
318688
    9.11
Y
100
0
1
1
319236
    5.43
Y
100
0
1
1
319354
    5.51
Y
100
0
1
1
319363
    9.56
Y
100
0
1
1
319582
    3.81
Y
100
0
1
1
401273
   18.72
Y
100
0
1
1
401274
    8.94
Y
100
0
1
1
401765
    2.92
Y
100
0
1
1
401849
    4.74
Y
100
0
1
1
402393
   19.23
Y
100
0
1
1
402393
    6.40
Y
100
0
1
1
402464
    8.29
Y
100
0
1
1
403232
    9.87
Y
100
0
1
1
404234
    3.10
Y
100
0
1
1
404327
    7.96
Y
100
0
1
1
404451
   77.33
Y
100
0
1
1
404451
   41.51
Y
100
0
1
1
404548
    5.02
Y
100
0
1
1
404855
    8.14
Y
100
0
1
1
404855
    0.38
Y
100
0
1
1
405226
    3.10
Y
100
0
1
1
405234
    3.88
Y
100
0
1
1
405353
    4.99
Y
100
0
1
1
405495
   23.68
Y
100
0
1
1
405495
    9.99
Y
100
0
1
1
406252
    6.41
Y
100
0
1
1
406443
    3.75
Y
100
0
1
1
406494
    2.91
Y
100
0
1
1
406585
    4.03
Y
100
0
1
1
406721
    5.55
Y
100
0
1
1
406727
    4.78
Y
100
0
1
1
407272
    8.14
Y
100
0
1
1
407337
    2.83
Y
100
0
1
1
407337
    0.10
Y
100
0
1
1
407466
    4.72
Y
100
0
1
1
407471
   12.97
Y
100
0
1
1
407569
    3.72
Y
100
0
1
1
407639
   11.69
Y
100
0
1
1
407841
   22.08
Y
100
0
1
1
407841
   11.58
Y
100
0
1
1
407933
    1.00
Y
100
0
1
1
408375
    6.04
Y
100
0
1
1
408432
   35.88
Y
100
0
1
1
408432
   24.05
Y
100
0
1
1
408475
    7.96
Y
100
0
1
1
408754
    4.56
Y
100
0
1
1
409721
   10.43
Y
100
0
1
1
409762
    4.80
Y
100
0
1
1
409823
    6.91
Y
100
0
1
1
412283
    3.70
Y
100
0
1
1
412642
   17.56
Y
100
0
1
1
412642
   41.50
Y
100
0
1
1
412658
    3.09
Y
100
0
1
1
412836
    6.47
Y
100
0
1
1
413499
    4.56
Y
100
0
1
1
413785
    4.46
Y
100
0
1
1
413787
   14.53
Y
100
0
1
1
414235
    3.71
Y
100
0
1
1
414334
    2.37
Y
100
0
1
1
414432
    7.72
Y
100
0
1
1
414457
    3.37
Y
100
0
1
1
414553
    5.20
Y
100
0
1
1
414730
    6.64
Y
100
0
1
1
414785
   18.47
Y
100
0
1
1
414785
   26.67
Y
100
0
1
1
415361
   17.39
Y
100
0
1
1
415366
   16.39
Y
100
0
1
1
415430
   26.31
Y
100
0
1
1
415453
    7.18
Y
100
0
1
1
415453
    0.25
Y
100
0
1
1
415462
    9.79
Y
100
0
1
1
415490
    9.87
Y
100
0
1
1
415543
   33.51
Y
100
0
1
1
415588
   10.65
Y
100
0
1
1
415633
   12.99
Y
100
0
1
1
415754
    4.78
Y
100
0
1
1
415935
   15.02
Y
100
0
1
1
415935
   23.48
Y
100
0
1
1
415974
   64.29
Y
100
0
1
1
416365
   37.63
Y
100
0
1
1
417781
    4.04
Y
100
0
1
1
417881
    8.00
Y
100
0
1
1
418647
    2.25
Y
100
0
1
1
419228
    5.09
Y
100
0
1
1
419255
    3.33
Y
100
0
1
1
419255
   13.55
Y
100
0
1
1
419529
    5.01
Y
100
0
1
1
501442
    5.96
Y
100
0
1
1
501535
    4.06
Y
100
0
1
1
501623
    3.76
Y
100
0
1
1
501666
    3.75
Y
100
0
1
1
501666
   12.04
Y
100
0
1
1
501782
    5.67
Y
100
0
1
1
501935
    3.66
Y
100
0
1
1
502223
    2.64
Y
100
0
1
1
502499
   30.93
Y
100
0
1
1
502499
   13.95
Y
100
0
1
1
502685
    2.96
Y
100
0
1
1
502781
    3.67
Y
100
0
1
1
503222
   36.03
Y
100
0
1
1
503222
   26.65
Y
100
0
1
1
503343
    5.66
Y
100
0
1
1
503344
    0.69
Y
100
0
1
1
503370
    5.39
Y
100
0
1
1
503757
    2.79
Y
100
0
1
1
503772
    4.49
Y
100
0
1
1
504291
    5.03
Y
100
0
1
1
504522
   27.77
Y
100
0
1
1
504525
   20.68
Y
100
0
1
1
504646
    3.49
Y
100
0
1
1
504924
   15.88
Y
100
0
1
1
505242
   19.12
Y
100
0
1
1
505242
   11.11
Y
100
0
1
1
505471
    6.41
Y
100
0
1
1
505525
    4.82
Y
100
0
1
1
505527
    0.44
Y
100
0
1
1
507282
    0.10
Y
100
0
1
1
507289
    5.91
Y
100
0
1
1
507387
    4.04
Y
100
0
1
1
508226
    4.70
Y
100
0
1
1
508448
    2.61
Y
100
0
1
1
508452
   10.56
Y
100
0
1
1
508459
    0.21
Y
100
0
1
1
508481
    7.56
Y
100
0
1
1
508481
    0.10
Y
100
0
1
1
508526
    0.17
Y
100
0
1
1
508537
    9.63
Y
100
0
1
1
508676
    4.93
Y
100
0
1
1
508683
    4.30
Y
100
0
1
1
508791
   16.83
Y
100
0
1
1
508824
    4.48
Y
100
0
1
1
508999
    7.88
Y
100
0
1
1
509248
    4.72
Y
100
0
1
1
509332
    1.18
Y
100
0
1
1
509375
    8.75
Y
100
0
1
1
509457
    0.69
Y
100
0
1
1
509624
   12.34
Y
100
0
1
1
509747
    4.24
Y
100
0
1
1
512222
   14.30
Y
100
0
1
1
512225
   27.49
Y
100
0
1
1
512444
   25.05
Y
100
0
1
1
512448
   14.97
Y
100
0
1
1
512548
    4.97
Y
100
0
1
1
512631
    6.71
Y
100
0
1
1
512727
    4.67
Y
100
0
1
1
512883
   11.69
Y
100
0
1
1
512887
    2.91
Y
100
0
1
1
513325
    5.11
Y
100
0
1
1
513530
   27.92
Y
100
0
1
1
513530
   23.23
Y
100
0
1
1
513874
    2.13
Y
100
0
1
1
513898
   15.22
Y
100
0
1
1
513898
    9.48
Y
100
0
1
1
514747
   14.30
Y
100
0
1
1
515232
    0.99
Y
100
0
1
1
515277
   20.29
Y
100
0
1
1
515277
    4.26
Y
100
0
1
1
515753
    2.04
Y
100
0
1
1
516420
   20.67
Y
100
0
1
1
516420
    8.32
Y
100
0
1
1
516471
    1.54
Y
100
0
1
1
516471
    7.13
Y
100
0
1
1
516481
    8.60
Y
100
0
1
1
516485
   27.30
Y
100
0
1
1
517482
   13.20
Y
100
0
1
1
517484
    3.82
Y
100
0
1
1
517695
   10.13
Y
100
0
1
1
517788
    4.48
Y
100
0
1
1
518458
   23.10
Y
100
0
1
1
518458
    8.61
Y
100
0
1
1
519579
    4.42
Y
100
0
1
1
519977
    1.81
Y
100
0
1
1
601355
   19.10
Y
100
0
1
1
601482
    4.32
Y
100
0
1
1
601582
    1.72
Y
100
0
1
1
601638
    7.01
Y
100
0
1
1
601769
    3.73
Y
100
0
1
1
601841
    1.68
Y
100
0
1
1
601868
    6.23
Y
100
0
1
1
602254
   44.11
Y
100
0
1
1
602258
   23.50
Y
100
0
1
1
602343
    0.86
Y
100
0
1
1
602575
    4.85
Y
100
0
1
1
602774
    2.55
Y
100
0
1
1
602797
   16.09
Y
100
0
1
1
603228
    5.97
Y
100
0
1
1
603623
   13.95
Y
100
0
1
1
603643
    5.61
Y
100
0
1
1
603868
    5.77
Y
100
0
1
1
603882
   12.25
Y
100
0
1
1
604683
   11.43
Y
100
0
1
1
605224
    2.13
Y
100
0
1
1
605334
    7.37
Y
100
0
1
1
605341
    3.85
Y
100
0
1
1
606266
   13.70
Y
100
0
1
1
606266
    2.27
Y
100
0
1
1
607257
    5.85
Y
100
0
1
1
607724
    8.39
Y
100
0
1
1
607737
    3.94
Y
100
0
1
1
607962
    2.30
Y
100
0
1
1
608221
   12.79
Y
100
0
1
1
608362
    3.73
Y
100
0
1
1
608784
    5.30
Y
100
0
1
1
609345
    5.39
Y
100
0
1
1
609394
    6.75
Y
100
0
1
1
609452
   24.08
Y
100
0
1
1
609452
    5.88
Y
100
0
1
1
609665
   22.31
Y
100
0
1
1
609665
    6.31
Y
100
0
1
1
609691
    4.83
Y
100
0
1
1
612251
    4.50
Y
100
0
1
1
612332
   39.49
Y
100
0
1
1
612333
   54.96
Y
100
0
1
1
613563
    8.75
Y
100
0
1
1
614221
   14.05
Y
100
0
1
1
614221
   27.16
Y
100
0
1
1
614266
    4.06
Y
100
0
1
1
614345
    4.21
Y
100
0
1
1
615265
   11.20
Y
100
0
1
1
615378
    3.05
Y
100
0
1
1
615453
    3.74
Y
100
0
1
1
615482
    5.78
Y
100
0
1
1
615483
    0.10
Y
100
0
1
1
615645
    4.40
Y
100
0
1
1
615690
   12.67
Y
100
0
1
1
615693
    8.36
Y
100
0
1
1
615885
   27.33
Y
100
0
1
1
615889
    9.59
Y
100
0
1
1
615928
    4.08
Y
100
0
1
1
616388
    8.57
Y
100
0
1
1
616458
    7.50
Y
100
0
1
1
616459
   20.01
Y
100
0
1
1
616739
    4.75
Y
100
0
1
1
616775
    2.47
Y
100
0
1
1
616925
    5.04
Y
100
0
1
1
616947
    5.06
Y
100
0
1
1
616964
    3.26
Y
100
0
1
1
617271
   11.47
Y
100
0
1
1
617439
   94.47
Y
100
0
1
1
617439
   54.56
Y
100
0
1
1
617585
    0.10
Y
100
0
1
1
617585
    1.42
Y
100
0
1
1
617593
    8.23
Y
100
0
1
1
617986
    7.09
Y
100
0
1
1
618632
    6.37
Y
100
0
1
1
618874
    4.60
Y
100
0
1
1
619296
   37.99
Y
100
0
1
1
619296
   24.62
Y
100
0
1
1
619321
    0.84
Y
100
0
1
1
619324
    7.45
Y
100
0
1
1
619679
    5.34
Y
100
0
1
1
619941
   10.54
Y
100
0
1
1
701255
    5.03
Y
100
0
1
1
701280
    6.97
Y
100
0
1
1
701746
    5.71
Y
100
0
1
1
701839
    4.18
Y
100
0
1
1
702293
   13.32
Y
100
0
1
1
702294
    2.31
Y
100
0
1
1
702885
   10.40
Y
100
0
1
1
703344
   13.04
Y
100
0
1
1
703352
   61.46
Y
100
0
1
1
703433
    0.28
Y
100
0
1
1
703691
  132.71
Y
100
0
1
1
704253
    6.67
Y
100
0
1
1
704253
    0.31
Y
100
0
1
1
704374
   15.87
Y
100
0
1
1
704377
   26.74
Y
100
0
1
1
704867
    4.45
Y
100
0
1
1
704932
    3.74
Y
100
0
1
1
707257
    3.85
Y
100
0
1
1
707426
    6.73
Y
100
0
1
1
707445
    2.20
Y
100
0
1
1
707445
    5.63
Y
100
0
1
1
707527
    8.31
Y
100
0
1
1
707644
    6.14
Y
100
0
1
1
712255
    5.74
Y
100
0
1
1
713420
    3.14
Y
100
0
1
1
713496
   33.15
Y
100
0
1
1
713556
   81.93
Y
100
0
1
1
714240
    5.52
Y
100
0
1
1
714370
   17.11
Y
100
0
1
1
714422
    6.39
Y
100
0
1
1
714496
    0.10
Y
100
0
1
1
714737
    4.51
Y
100
0
1
1
714756
   50.24
Y
100
0
1
1
714852
   38.97
Y
100
0
1
1
714860
   13.11
Y
100
0
1
1
714985
    6.03
Y
100
0
1
1
715833
    4.18
Y
100
0
1
1
715848
    4.98
Y
100
0
1
1
716285
    4.57
Y
100
0
1
1
716385
   14.81
Y
100
0
1
1
716385
   24.69
Y
100
0
1
1
716488
    4.04
Y
100
0
1
1
716893
    9.26
Y
100
0
1
1
716893
   22.62
Y
100
0
1
1
717323
    4.08
Y
100
0
1
1
717348
    7.22
Y
100
0
1
1
717569
    7.11
Y
100
0
1
1
717763
   16.95
Y
100
0
1
1
717826
    8.10
Y
100
0
1
1
717848
    8.80
Y
100
0
1
1
717975
    4.64
Y
100
0
1
1
719543
    3.88
Y
100
0
1
1
719590
   11.79
Y
100
0
1
1
800289
    1.00
Y
100
0
1
1
800824
   19.86
Y
100
0
1
1
801364
   20.01
Y
100
0
1
1
801373
    3.99
Y
100
0
1
1
801393
    4.83
Y
100
0
1
1
801533
   10.15
Y
100
0
1
1
802229
    3.25
Y
100
0
1
1
802864
    8.79
Y
100
0
1
1
803233
    2.68
Y
100
0
1
1
803252
    2.63
Y
100
0
1
1
803254
   15.42
Y
100
0
1
1
803271
   14.81
Y
100
0
1
1
803448
    4.86
Y
100
0
1
1
803553
   11.19
Y
100
0
1
1
803585
    4.63
Y
100
0
1
1
803664
    4.19
Y
100
0
1
1
804229
    4.16
Y
100
0
1
1
804330
   17.55
Y
100
0
1
1
804330
   11.51
Y
100
0
1
1
804596
    9.96
Y
100
0
1
1
804727
    3.63
Y
100
0
1
1
804846
    7.18
Y
100
0
1
1
804855
   16.57
Y
100
0
1
1
804857
    9.84
Y
100
0
1
1
804861
    6.11
Y
100
0
1
1
804977
    9.93
Y
100
0
1
1
805325
    7.90
Y
100
0
1
1
805523
    8.95
Y
100
0
1
1
805523
    0.59
Y
100
0
1
1
805549
    6.65
Y
100
0
1
1
8055640.25
Y
100
0
1
1
805723
    0.34
Y
100
0
1
1
805922
    2.15
Y
100
0
1
1
805945
    7.14
Y
100
0
1
1
805965
    4.10
Y
100
0
1
1
805985
   10.17
Y
100
0
1
1
806355
    5.44
Y
100
0
1
1
806358
    0.65
Y
100
0
1
1
806797
    8.40
Y
100
0
1
1
808242
    4.21
Y
100
0
1
1
808528
   17.52
Y
100
0
1
1
808545
   25.92
Y
100
0
1
1
808935
    3.61
Y
100
0
1
1
812232
    3.81
Y
100
0
1
1
812332
    7.85
Y
100
0
1
1
812464
    8.42
Y
100
0
1
1
813337
    7.88
Y
100
0
1
1
813434
    1.87
Y
100
0
1
1
813441
    5.03
Y
100
0
1
1
813441
   21.23
Y
100
0
1
1
813858
    7.96
Y
100
0
1
1
813859
    0.10
Y
100
0
1
1
813932
   27.38
Y
100
0
1
1
813933
   14.45
Y
100
0
1
1
813952
    8.82
Y
100
0
1
1
814234
    8.05
Y
100
0
1
1
814456
    6.14
Y
100
0
1
1
814539
    3.66
Y
100
0
1
1
814943
    5.48
Y
100
0
1
1
815232
    2.95
Y
100
0
1
1
815633
    3.65
Y
100
0
1
1
815654
    7.39
Y
100
0
1
1
815727
    7.70
Y
100
0
1
1
815935
    5.32
Y
100
0
1
1
816232
    3.48
Y
100
0
1
1
817332
   12.52
Y
100
0
1
1
817387
    0.62
Y
100
0
1
1
817526
    0.39
Y
100
0
1
1
817526
    4.92
Y
100
0
1
1
817565
    5.88
Y
100
0
1
1
817723
    6.71
Y
100
0
1
1
817773
    3.10
Y
100
0
1
1
817776
    5.72
Y
100
0
1
1
817776
    0.77
Y
100
0
1
1
817877
   25.81
Y
100
0
1
1
818308
   23.95
Y
100
0
1
1
818308
    9.87
Y
100
0
1
1
818789
   25.78
Y
100
0
1
1
818789
   18.05
Y
100
0
1
1
818841
    9.88
Y
100
0
1
1
901423
    8.09
Y
100
0
1
1
901527
   26.83
Y
100
0
1
1
901527
   11.24
Y
100
0
1
1
904335
   10.29
Y
100
0
1
1
904351
    4.07
Y
100
0
1
1
904378
    8.60
Y
100
0
1
1
904477
    8.92
Y
100
0
1
1
904721
   26.60
Y
100
0
1
1
904721
   13.30
Y
100
0
1
1
904769
    5.81
Y
100
0
1
1
904788
    6.77
Y
100
0
1
1
904878
   10.97
Y
100
0
1
1
906228
    4.28
Y
100
0
1
1
912232
   10.90
Y
100
0
1
1
912888
    5.08
Y
100
0
1
1
912923
    8.66
Y
100
0
1
1
913234
    7.90
Y
100
0
1
1
913384
   41.55
Y
100
0
1
1
913384
   21.20
Y
100
0
1
1
913651
    3.13
Y
100
0
1
1
913776
    4.11
Y
100
0
1
1
913825
    2.82
Y
100
0
1
1
913843
    3.78
Y
100
0
1
1
914328
   29.43
Y
100
0
1
1
914336
    3.83
Y
100
0
1
1
914473
    9.19
Y
100
0
1
1
914561
    3.26
Y
100
0
1
1
914638
    0.58
Y
100
0
1
1
914761
   17.94
Y
100
0
1
1
915532
    2.28
Y
100
0
1
1
915533
   20.96
Y
100
0
1
1
915561
    6.98
Y
100
0
1
1
915658
    3.57
Y
100
0
1
1
915676
    5.73
Y
100
0
1
1
915683
    3.32
Y
100
0
1
1
916241
    6.26
Y
100
0
1
1
916343
    5.68
Y
100
0
1
1
916447
   18.55
Y
100
0
1
1
916448
   30.05
Y
100
0
1
1
916758
    4.68
Y
100
0
1
1
918585
   18.36
Y
100
0
1
1
918585
   11.99
Y
100
0
1
1
919273
   21.24
Y
100
0
1
1
919486
    8.40
Y
100
0
1
1
919549
   15.59
Y
100
0
1
1
919549
    8.81
Y
100
0
1
1
919758
    5.37
Y
100
0
1
1
919762
    5.53
Y
100
0
1
1
919765
   13.00
Y
100
0
1
1
919829
   17.65
Y
100
0
1
1
919883
    4.61
Y
100
0
1
1
919937
    5.17
Y
100
0
1
 
 
LOGOUT
QUIT
 M¶