 3.27    5.85    18.49    44.09    21.81    39.57     675.98    2315  SAN FRAN
  .07    1.00    10.08   100.00      .14     2.17       4.19    2605  SACRAMNTO
  .01     .12     9.68   100.00      .01      .12        .20    2688  CINCI
 1.74    3.83    28.87   100.00     9.17    17.35     284.24    4210  DALLAS
  .04     .95    12.08   100.00      .08     2.30       2.51    4401  BRMINGHAM
 1.24    4.72     8.55    61.54     9.15    33.78     567.35          CHICAGO
  .45    1.55    37.00   100.00     1.57     6.87      48.70    4773  CLEVELAND
 1.10    2.95    38.27   100.00     6.00    20.45     186.05    4789  NEWARK
 3.17   13.73    11.58   100.00    21.83    86.90    1353.58          NEW YORK
 2.28    7.27    18.50   100.00    19.45    90.20    1205.98          FAIRFAX
 2.78    5.17    22.22    75.00    17.40    62.12     539.32    4871  MINN
 1.25    2.35    32.31   100.00     5.58    10.00     173.10    5017  DENVER
  .19     .58    45.93   100.00      .27     1.18       8.33    5798  JACKVILLE
 2.32    4.97    25.94   100.00    14.11    32.57     437.53    6231  SEATTLE
  .96    2.93    25.62    55.56     4.15    10.02     128.74    6232  NWPRTBCH
 1.74    3.63    15.83    33.02    12.19    35.28     377.92    6233  SAN JOSE
  .68    2.23    41.59   100.00     2.09     8.58      64.84    6239  BALTIMORE
 1.21    5.32     8.97    57.14     8.25    36.83     511.37          VERNON
 1.33    3.52    27.42    66.67     6.19    17.37     191.80    6646  HOUSTON
  .25    1.80    22.13   100.00     1.52    11.82      47.05    6942  TULSA
 1.33    3.03    32.87   100.00     5.94    15.33     184.10    8114  HAZELWD
 1.40    2.53    31.77   100.00     6.82    24.22     211.46    8579  PHOENIX
 2.00    3.00    24.04   100.00    12.89    25.80     399.60    8702  DETROIT
  .18    1.00    51.37   100.00      .31     2.35       9.70    8951  BLOOMFLD
  .18     .93    44.20   100.00      .38     2.53      11.70    9032  SAN DIEGO
 1.39    3.98    29.05   100.00     7.44    32.60     461.37          BOSTON
 2.34    5.22    27.14   100.00    14.23    35.28     441.02    9791  DORAVLLE
  .73    2.35    36.30   100.00     2.57     9.50      79.69    9792  MIAMI
  .12     .82    35.16   100.00      .18     1.55       5.52    9858  OAKLAND
  .01     .23     2.26    70.00      .01      .33        .33    9872  GRND RPDS
  .06    1.00     5.67    88.46      .10     1.85       3.05   10691  LTTL ROCK
  .00     .03     1.38    28.57      .01      .23        .35   10873  NEW ORLNS
 1.09    2.28    22.40    42.02     5.28    13.50     163.68   10902  PHLDLPHIA
  .01     .30     5.24   100.00      .01      .30        .43   11136  PORTLAND
  .46    1.70    35.92   100.00     1.27     5.87      39.39   11148  PITTSBRGH
  .01     .25     7.41   100.00      .02      .25        .66   11149  CLRWATER
  .29    1.57    35.17   100.00      .72     3.75      22.32   11556  TAMPA
  .11     .60    31.45   100.00      .17     1.05       5.42   11588  INDIANPLS
  .00     .00      .00      .00      .00      .00        .00   11608  SLT LK CT
  .00     .00      .00      .00      .00      .00        .00   11664  S BRUNSWK
  .00     .02     1.61    50.00      .00      .03        .03   11708  NORRISTWNS
  .00     .00      .00      .00      .00      .00        .00   11739  COLTON
  .21    1.00    36.25   100.00      .30     1.45       9.36   11746  MISSION
  .50    1.40    33.14   100.00     1.83    15.77      56.63   11753  BROOKFLD
  .00     .00      .00      .00      .00      .00        .00   11803  AUSTIN
  .21    1.65    52.33   100.00      .64     7.25      19.96   11808  REDWD CTY
  .02     .23     6.24   100.00      .03      .33        .94   11810  OK CITY
  .08    1.00    11.28   100.00      .17     2.23       5.26   11811  SAN ANTNO
                                                     8940.75          TY96TL TOT
