 1.16    3.55    20.16    42.19     8.06    51.42     241.90    2315  SAN FRAN
  .57    1.37    39.54   100.00     2.14     8.98      64.09    4210  DALLAS
 2.25    4.52    17.96    66.67    15.41    34.10     462.44    4686  CHICAGO
 1.87    4.67    25.56   100.00    10.14    27.67     304.22    4840  NEW YORK
 2.11    4.12    21.97    71.43    13.78    31.82     413.35    4844  FAIRFAX
 1.06    2.25    32.33   100.00     4.97    12.02     149.06    4871  MINN
  .90    2.15    32.68   100.00     4.06    10.17     121.88    5017  DENVER
 1.35    3.10    26.58   100.00     6.65    16.78     199.47    6231  SEATTLE
  .78    1.83    31.68   100.00     3.80    13.47     113.91    6232  NWPRTBCH
 1.11    2.22    21.49    72.00     6.26    14.08     187.89    6233  SAN JOSE
 2.30    4.48    22.77   100.00    17.02    34.12     510.70    6448  VERNON
 1.52    3.00    25.68    72.97     7.95    25.93     238.56    6646  HOUSTON
 2.30    5.22    30.93   100.00    13.78    43.97     413.26    7633  BOSTON
 1.53    3.22    29.21   100.00     7.98    17.60     239.50    8114  HAZELWD
  .48    1.20    56.52   100.00     1.28     5.43      38.41    8579  PHOENIX
  .42    1.50    43.59   100.00     1.15     4.48      34.39    8702  DETROIT
 2.25    4.50    22.97   100.00    13.03    27.30     390.90    9791  DORAVLLE
  .42    1.70    31.71   100.00     2.12    21.38      63.69    9792  MIAMI
                                                     4187.62          TY96TL TOT
