  .00     .00      .00      .00      .00      .00        .00     167  TYLER
  .17     .90    31.93    83.08      .28     1.15       6.26     169  WRNR ROBS
  .83    1.10    31.81    61.70     3.05     6.57      67.02     174  SAN L OBIS
 5.30   11.08    14.98    23.30    39.19    82.07     862.10     209  ANN ARBOR
 1.25    3.48    26.14   100.00     7.92    36.20     174.17    1168  RCK ISL
  .80    1.65    39.59    70.00     2.55     7.35      56.07    1252  RED BNK
  .41    1.17    45.89   100.00     1.15     4.53      25.33    1505  PROVO
 7.39   15.22    11.33    26.27    48.56   121.98    1068.39    1612  800#
 1.30    2.42    28.62    94.74     7.13    17.93     156.92    2082  LOWELL
 1.02    2.38    23.12    50.00     5.11    17.12     112.39    2183  SAN RAF
  .74    1.67    25.28    69.39     3.75    10.18      82.52    2193  KNOXVLE
 1.01    2.22    44.53   100.00     3.39    10.37      74.57    2212  TACOMA
  .00     .00      .00      .00      .00      .00        .00    2264  BRIDGEP
  .35    1.10    32.77   100.00      .92     2.95      20.23    2299  FREELND
11.36   28.70    12.79    20.52    95.93   210.30    2110.53    2315  SAN FRAN
 2.96    5.97    17.63    50.00    19.83    47.93     436.22    2359  UNION CTY
  .92    2.12    32.45    80.65     3.46     8.57      76.01    2565  FAIRFLD
 6.63   13.13    13.88    18.56    48.00    95.90    1055.93    2605  SACRAMNTO
 7.21   16.08    14.93    26.30    55.68   117.97    1224.94    2688  CINCI
 1.28    2.37    21.91    35.67     6.95    14.17     152.94    2754  BURBANK
  .26     .77    48.26   100.00      .47     1.90      10.25    2771  REDDING
  .76    1.82    47.70   100.00     2.12     4.90      46.54    2907  PRT HUNME
 2.56    4.82    16.95    38.13    17.28    32.67     380.08    3317  GLEN ELYN
  .08     .38    30.33   100.00      .12      .55       2.56    3521  ST CLOUD
  .00     .00      .00      .00      .00      .00        .00    3651  EUREKA
  .59    1.43    33.02    66.13     2.03     5.48      44.64    3765  MADSON
 1.04    4.10    36.22   100.00     5.42    26.27     119.17    3882  SAVNNAH
  .07     .73    20.14   100.00      .12     1.70       2.60    4064  CTDRL CTY
12.61   24.38    10.78    16.27   111.61   187.57    2455.52    4210  DALLAS
  .39    1.00    48.67   100.00     1.05     5.37      23.06    4211  CAR CITY
 2.27    4.88    17.03    36.51    15.83    36.28     348.25    4291  PROVDENC
  .63    1.07    42.40   100.00     1.75     5.45      38.57    4298  MOORPRK
 4.08    7.23    14.54    34.68    32.11    55.63     706.45    4342  MEMPHIS
 2.48    4.28    21.68    55.00    13.70    28.67     301.48    4358  LNG BCH
 4.12    8.22    14.72    27.45    30.68    60.52     674.96    4401  BRMINGHAM
 1.74    3.40    21.29    37.87     9.64    21.02     212.04    4418  CALGARY
 1.20    2.70    26.71   100.00     6.75    23.53     148.45    4455  CHATTNGA
  .59    1.00    34.99    78.95     1.96     8.63      43.18    4492  GADSDN
  .91    2.32    34.13    86.15     3.65     9.83      80.32    4523  S SN FRN
 3.10    5.38    12.58    23.14    26.87    46.28     591.08    4573  ORLANDO
 1.34    3.02    24.87    38.03     6.01    16.43     132.20    4617  BTLE CRK
 5.71   12.62    14.09    25.97    45.80   111.02    1007.49    4676  TORONTO
15.53   28.50    10.42    13.25   142.44   252.60    3133.79    4686  CHICAGO
 1.77    3.57    22.03    81.82    10.89    29.17     239.48    4703  WORCHSTR
 6.36   13.13    14.15    20.92    48.85    97.70    1074.77    4773  CLEVELAND
 9.42   17.20    11.75    19.27    82.00   151.27    1804.08    4789  NEWARK
14.46   31.62    16.15   100.00   250.34   373.63    5507.51          NEW YORK
 8.15   27.40    26.16   100.00   156.08   267.27    3433.82          FAIRFAX
 7.71   13.63    11.05    16.87    72.42   127.65    1593.25    4871  MINN
 6.04   11.10    12.46    15.98    51.00    95.58    1121.94    5017  DENVER
  .19    1.62    16.13   100.00      .31     3.23       6.71    5107  LAS CRUC
  .71    1.03    55.76   100.00     1.64     5.42      36.06    5137  MODESTO
 1.68    2.55    19.28    35.10    10.44    24.92     229.64    5153  DIMND BR
 1.01    2.78    30.97    75.00     4.36    11.02      95.88    5170  WNSTN SLM
 1.01    2.87    29.77   100.00     4.65    14.55     102.36    5338  BUFFALO
  .51    1.05    38.40    86.49     1.70     5.87      37.46    5569  VISTA
  .82    1.45    40.99    85.25     2.50     6.92      55.08    5632  SN CLMNTE
  .17    1.25    22.95   100.00      .30     2.33       6.49    5736  BAT RGE
  .38    1.05    47.97   100.00      .87     3.23      19.23    5768  SALEM
 2.87    5.95    17.94    31.69    17.96    35.22     395.21    5798  JACKVILLE
  .77    1.40    43.54   100.00     2.38     7.70      52.41    5870  STCKTN
 1.49    4.13    32.24    96.15     6.23    16.15     137.14    5881  RICHMND
  .68    2.10    38.47   100.00     2.85    14.75      62.59    5978  VALLEJO
  .52    1.00    53.40   100.00     1.27     4.65      28.02    6012  DURHAM
  .08     .50    24.54   100.00      .10      .70       2.11    6075  LANCASTER
 7.26   13.97    10.97    14.67    65.26   112.40    1435.78    6231  SEATTLE
 9.12   14.33    10.26    12.40    87.54   136.13    1925.86    6232  NWPRTBCH
 8.42   13.50     9.90    14.62    87.32   150.65    1920.96    6233  SAN JOSE
 6.04   11.48    13.38    21.50    45.71    95.43    1005.60    6239  BALTIMORE
  .00     .00      .00      .00      .00      .00        .00       0  VANCOUVER
  .95    1.73    32.90   100.00     3.52    11.12      77.51    6277  FREMONT
 1.07    1.65    26.78    56.10     4.92     8.22     108.32    6280  PLSNTON
 1.15    2.58    24.44    50.57     4.97    12.10     109.30    6348  PENNSAUKN
  .79    1.88    40.15    86.21     2.68    13.95      58.87    6423  FRESNO
 9.71   26.03    11.66    23.14    74.88   186.10    1647.29    6448  VERNON
  .07    1.00    15.60   100.00      .09     1.47       2.04    6476  BAKSFILD
  .44    1.00    49.82   100.00      .91     2.63      20.11    6530  LANSING
 1.10    3.53    25.20    46.15     5.90    20.62     129.76    6587  BEDFORD
  .46    1.00    41.19    85.71      .99     2.93      21.76    6623  MARLBRO
10.27   19.60    11.95    17.15    86.59   186.20    1905.03    6646  HOUSTON
 1.19    2.30    26.42    79.37     6.27    12.67     137.92    6805  DAYTON
  .54    1.22    47.42   100.00     1.60     4.27      35.25    6822  GARY
  .72    1.82    43.59   100.00     2.56     6.88      56.29    6929  LOUSVLLE
 3.73    8.07    14.28    31.90    30.34    63.40     667.53    6939  NASHVILLE
 1.08    2.07    32.00    72.16     4.31     9.70      94.91    6942  TULSA
  .33     .78    48.02    84.62      .77     2.38      16.83    7010  EL PASO
  .34    1.00    39.36   100.00      .93     3.85      20.55    7221  BOISE
 4.85    8.18    12.29    23.97    41.78    80.97     919.15    7272  WALNT CRK
  .46    1.02    42.61   100.00     1.61     5.68      35.35    7380  OMAHA
  .20    1.10    45.44   100.00      .45     3.52       9.82    7413  CANTON
  .40    1.02    40.91   100.00     1.27     8.30      28.03    7423  MONTREY
 1.08    1.85    24.85    48.05     4.96    11.32     109.19    7556  SANTA CRZ
  .81    1.75    43.76   100.00     2.51     5.02      55.15    7725  TALLAHASE
  .07     .73    26.73   100.00      .15     1.93       3.40    7840  LAKELND
  .46    1.00    41.44   100.00     1.16     4.35      25.50    7863  ROANOKE
  .98    2.10    34.26   100.00     4.14    13.10      91.02    7931  FRT WYNE
  .21     .90    44.29   100.00      .37     1.77       8.18    7948  SALINAS
  .38    1.00    45.10   100.00     1.06     3.08      23.36    8026  BETHLM
 1.54    3.40    16.94    33.59    10.08    28.75     221.67    8073  FT WRTH
  .87    1.93    29.90   100.00     3.77     9.33      82.98    8234  MOBILE
  .27    1.00    43.81    83.33      .53     2.78      11.74    8388  LINCOLN
  .75    1.53    37.58   100.00     2.26     5.52      49.79    8429  SPRNGFLD
 5.30   10.30    12.30    21.87    46.27    94.62    1017.91    8579  PHOENIX
  .00     .00      .00      .00      .00      .00        .00    8670  SHRVPRT
11.20   21.47    14.42    26.72    83.63   168.78    1839.87    8702  DETROIT
 1.39    6.82    11.50    51.26    16.81    42.38     369.87          COLUMBUS
 4.66    7.82    13.00    22.60    37.77    63.97     830.87    8951  BLOOMFLD
 6.86   14.10    12.03    17.14    62.68   115.50    1378.95    9032  SAN DIEGO
 2.13    3.80    17.05    37.88    17.52    35.83     385.44    9074  GRENVLLE
  .01     .10     7.79   100.00      .01      .12        .22    9455  GREENBY
11.85   30.20    22.78   100.00   221.12   334.60    4864.64          BOSTON
 9.75   18.92    12.19    16.10    84.15   168.23    1851.21    9791  DORAVLLE
 4.05    8.80    14.55    25.00    33.65    87.25     740.27    9792  MIAMI
  .56    1.00    44.17   100.00     1.56     4.05      34.38    9823  ORMNDBCH
 5.17   10.98    14.38    27.59    40.47    91.55     890.43    9855  SOUTHFLD
 6.73   10.60    11.19    15.64    62.37   111.00    1372.14    9858  OAKLAND
 5.40   11.33    21.31    88.24    37.85    84.70     832.62    9872  GRND RPDS
  .04     .48     9.87    87.50      .05      .67       1.06    9921  WCHTA FLS
  .00     .00      .00      .00      .00      .00        .00    9938  DOVER
  .49    1.00    32.82   100.00     1.80     4.02      39.70   10002  TUCSON
  .87    1.42    40.13   100.00     3.17     8.95      69.81   10100  COLO SPRG
 2.41    3.88    20.47    56.90    16.65    37.23     366.39   10423  ALBANY
  .96    1.88    26.92    76.67     4.54    12.92      99.88   10563  SPOKANE
 2.09    3.80    15.31    23.50    14.80    28.27     325.59   10691  LTTL ROCK
 2.38    4.92    16.95    25.52    16.01    31.63     352.22   10873  NEW ORLNS
10.35   21.22    11.07    16.55    91.72   167.27    2017.77   10902  PHLDLPHIA
  .78    1.88    37.12   100.00     3.47    10.25      76.45   11001  NASHUA
 2.62    5.73    14.97    24.86    19.76    46.17     434.78   11037  NEW HAVEN
 4.11    7.28    12.93    20.55    34.13    60.68     750.91   11136  PORTLAND
 3.80    7.53    15.92    25.29    28.12    58.07     618.70   11148  PITTSBRGH
 1.86    2.82    16.94    32.27    12.65    23.07     278.34   11149  CLRWATER
  .63    1.27    33.66    60.71     2.03     3.83      44.73   11419  CORPUS CR
  .83    1.70    37.51   100.00     2.95     7.37      64.92   11454  TOLEDO
 3.49    6.52    16.80    28.40    24.67    55.78     542.67   11556  TAMPA
 5.21    9.47    13.94    20.53    39.65    77.93     872.20   11588  INDIANPLS
 2.03    3.88    19.04    35.25    12.28    23.72     270.06   11608  SLT LK CT
 3.73    5.82    11.58    15.38    33.01    52.40     726.16   11612  HEMPSTEAD
 5.17    9.80    16.29    24.69    34.14    65.72     751.10   11644  S BRUNSWK
 2.23    4.70    14.09    22.40    16.49    37.32     362.88   11662  OTTAWA
 3.24    7.42    18.71    35.89    22.23    56.02     489.16   11666  PITTSFORD
 3.86    8.62    12.19    16.58    32.70    65.30     719.35   11708  NORRISTWN
 2.43    6.02    24.08    81.82    15.90    32.13     349.88   11717  ST LRENT
 2.45    4.02    16.91    30.10    18.47    40.85     406.45   11739  COLTON
 6.84   11.43    11.57    15.53    61.77   102.87    1358.87   11741  WHITE PLS
 4.40    8.65    17.48    30.61    30.31    67.45     666.78   11746  MISSION
 5.78   11.28    14.60    30.30    45.53    85.77    1001.69   11753  BROOKFLD
 3.12    5.57    12.52    21.72    27.06    56.18     595.27   11803  AUSTIN
  .62    1.80    36.29   100.00     1.83     6.60      40.32   11805  S BEND
 4.88   10.73    10.29    12.87    45.89   102.55    1009.48   11808  REDWD CTY
 4.01    5.82    12.46    22.05    35.22    61.00     774.95   11809  FT LAUDER
 2.24    4.75    20.47    54.27    12.43    26.87     273.53   11810  OK CITY
 1.94    4.43    27.38    69.57    10.28    25.35     226.25   11811  SAN ANTNO
 2.48    5.17    17.04    28.04    17.85    38.57     392.68   11817  STAMFORD
 4.39    8.60    20.42    42.86    33.05    71.13     727.10   11823  CHARLOTTE
 3.19    5.98    18.89    47.00    24.01    49.28     528.21   11976  HUNTSVLLE
  .37    1.57    43.47   100.00     1.24     7.65      27.18   12421  SNT BRBRA
 1.16    2.08    20.89    53.47     6.16     9.67     135.43   12525  LAS VEGS
  .01     .23     4.55   100.00      .01      .23        .23   12802  BISMARK
  .45    1.02    38.24   100.00     1.75     8.25      38.47   13633  VISALIA
 2.46    4.12    13.60    31.01    20.04    40.95     440.93   13919  EL SEGNDO
 1.07    1.97    19.49    42.39     6.07    13.53     133.63   13951  ALHAMBRA
  .53    1.00    41.09   100.00     1.58     4.80      34.68   14301  KALAMZOO
  .09     .58    30.80   100.00      .17     1.55       3.83   14530  WACO
  .08     .50    22.35   100.00      .16      .90       3.41   14748  SAN ANGL
 1.16    2.38    24.79    37.37     5.28    12.30     116.20   14836  MANCHSTR
  .76    1.00    42.61    71.79     2.02     4.63      44.42   14911  LEMOYNE
  .33    1.00    47.49   100.00      .97     5.17      21.29   15043  EUGENE
  .24     .62    43.05   100.00      .67     1.97      14.83   15172  SIOX FLS
  .59    1.07    58.16   100.00     1.47     5.00      32.40   15583  PATTRSON
 1.63    4.65    29.96   100.00    10.79    34.38     237.43   16231  RANDLPH
 3.81    8.83    13.99    17.23    29.42    77.08     647.27   16499  BRDGTON
  .04     .55     4.10    47.83      .10     1.15       2.13   16735  LAWRENCE
  .06     .30    39.30   100.00      .12      .90       2.53   16741  MANKATO
  .32     .97    27.39   100.00      .78     1.97      17.22   16799  ATHENS
                                                    86888.02          TY96BD TOT
 