  .00     .02     4.55   100.00      .00      .02        .02     169  WRNR ROBS
  .40     .88    58.06   100.00      .61     1.75      13.51     174  SAN L OBIS
 7.53    9.92    14.96    35.88    55.97    75.25    1231.44     209  ANN ARBOR
  .00     .05     4.55   100.00      .00      .05        .05    1168  RCK ISL
  .04     .23    35.32   100.00      .05      .33       1.13    1252  RED BNK
  .21     .80    31.21   100.00      .59     3.07      12.90    1505  PROVO
12.55   16.22    20.73    77.08    73.10   140.65    1608.24    1612  800#
  .07     .77    35.08   100.00      .08      .87       1.68    2082  LOWELL
  .56    1.18    46.57   100.00     1.80    10.32      39.61    2183  SAN RAF
  .72    1.30    27.18    59.57     3.11     7.55      68.41    2193  KNOXVLE
  .01     .13     4.55   100.00      .01      .13        .13    2212  TACOMA
  .00     .00      .00      .00      .00      .00        .00    2264  BRIDGEP
  .15     .62    33.30   100.00      .34      .98       7.43    2299  FREELND
15.01   21.10    11.77    17.73   133.54   176.13    2937.80    2315  SAN FRAN
 3.18    5.57    14.41    19.50    22.37    34.88     492.18    2359  UNION CTY
  .71    1.43    46.10    90.00     2.01     7.28      44.28    2565  FAIRFLD
 8.24   11.18    16.43    31.80    54.96    75.53    1209.02    2605  SACRAMNTO
 9.53   14.65    14.85    30.11    69.32    97.78    1525.11    2688  CINCI
  .82    1.65    46.60    85.00     2.00     4.23      43.98    2754  BURBANK
  .03     .35    11.77   100.00      .04      .40        .77    2771  REDDING
  .66    1.40    47.33    81.25     1.64     4.93      36.14    2907  PRT HUNME
 2.08    3.98    16.68    34.21    13.94    26.55     306.74    3317  GLEN ELYN
  .31     .75    60.70   100.00      .58     1.77      12.74    3521  ST CLOUD
  .07     .92    12.49   100.00      .13     1.65       2.79    3651  EUREKA
  .18    1.25    19.64    71.43      .34     2.55       7.55    3765  MADSON
  .07     .55    17.25   100.00      .11      .93       2.52    4064  CTDRL CTY
14.68   18.20    12.73    26.62   124.73   158.45    2744.05    4210  DALLAS
  .00     .00      .00      .00      .00      .00        .00       0  CAR CITY
 2.28    3.55    13.32    18.12    17.25    25.28     379.51    4291  PROVDENC
  .06     .73    24.73   100.00      .12     1.52       2.55    4298  MOORPRK
 5.23    7.03    16.55    34.93    34.66    46.37     762.52    4342  MEMPHIS
  .79    1.72    37.01   100.00     3.34     9.53      73.37    4358  LNG BCH
 5.61    9.37    13.93    21.15    42.49    59.43     934.69    4401  BRMINGHAM
 2.44    3.87    18.45    33.33    15.55    28.42     342.14    4418  CALGARY
  .14    1.00    46.28   100.00      .24     1.68       5.21    4455  CHATTNGA
  .03     .45     9.09   100.00      .03      .45        .67    4492  GADSDN
 1.07    1.87    28.26    97.62     5.35    11.72     117.77    4523  S SN FRN
 3.83    4.77    14.94    25.64    27.65    36.25     608.22    4573  ORLANDO
 1.63    2.62    22.86    42.90     8.15    14.15     179.32    4617  BTLE CRK
 9.04   13.42    13.79    23.55    67.44    91.88    1483.75    4676  TORONTO
22.80   28.75    12.78    23.87   191.98   245.70    4223.62    4686  CHICAGO
  .94    2.00    26.36    75.71     5.38    14.47     118.33    4703  WORCHSTR
 8.56    9.38    12.46    24.97    74.68    92.80    1642.85    4773  CLEVELAND
14.68   17.52    14.25    36.13   114.66   155.03    2522.41    4789  NEWARK
20.65   30.53    18.91    85.29   352.63   371.40    7757.81          NEW YORK
11.05   29.20    17.66   100.00   195.63   241.68    4303.91          FAIRFAX
 9.25   12.30    13.20    26.83    75.88   109.33    1669.34    4871  MINN
 7.15   10.57    12.13    16.45    59.85    87.32    1316.75    5017  DENVER
  .00     .00      .00      .00      .00      .00        .00    5107  LAS CRUC
  .18     .60    63.70   100.00      .23      .78       5.02    5137  MODESTO
  .83    1.62    39.66   100.00     3.75    12.07      82.48    5153  DIMND BR
  .57    1.45    52.56   100.00     2.02    10.75      44.43    5170  WNSTN SLM
15.02   18.33    10.37    15.63   148.03   197.32    3256.70    5314  BELOIT
 1.18    2.05    30.83    72.73     4.33     6.98      95.33    5338  BUFFALO
  .51    1.13    44.59   100.00     1.22     3.22      26.73    5569  VISTA
  .42     .93    69.13   100.00      .64     1.87      13.99    5632  SN CLMNTE
  .09     .53    18.80   100.00      .12      .97       2.56    5736  BAT RGE
  .39     .83    52.69   100.00      .66     1.57      14.52    5768  SALEM
 1.48    2.77    25.57    48.08     6.64    11.92     146.05    5798  JACKVILLE
  .59    2.00    30.61   100.00     3.03    18.93      66.60    5870  STCKTN
 1.05    2.08    24.94    51.95     5.02    10.85     110.35    5881  RICHMND
  .00     .00      .00      .00      .00      .00        .00       0  VALLEJO
  .15     .97    37.23   100.00      .24     1.65       5.34    6012  DURHAM
  .00     .00      .00      .00      .00      .00        .00    6075  LANCASTER
 8.92   12.58    11.51    15.12    79.01    97.67    1738.23    6231  SEATTLE
13.07   15.03    11.03    16.41   123.85   161.03    2724.72    6232  NWPRTBCH
 8.75   11.73     8.98    11.86    99.52   132.90    2189.33    6233  SAN JOSE
 8.41   11.02    15.18    27.68    58.48    84.80    1286.59    6239  BALTIMORE
  .00     .00      .00      .00      .00      .00        .00       0  VANCOUVER
  .00     .00      .00      .00      .00      .00        .00    6277  FREMONT
  .50    1.07    45.85    83.87     1.15     3.60      25.24    6280  PLSNTON
 1.24    2.07    22.50    41.18     6.34    11.75     139.50    6348  PENNSAUKN
  .31     .67    52.25   100.00      .66     1.38      14.50    6423  FRESNO
15.58   20.05    13.23    24.93   128.57   169.83    2828.43    6448  VERNON
  .03     .33     5.35    58.82      .05      .57       1.14    6476  BAKSFILD
  .03     .18    11.50   100.00      .05      .55       1.13    6530  LANSING
 1.10    1.60    33.46    95.56     5.17    11.10     113.63    6587  BEDFORD
  .02     .17    16.67   100.00      .02      .17        .47    6623  MARLBRO
13.45   16.88    13.55    24.90   106.64   148.82    2345.97    6646  HOUSTON
 1.32    2.50    21.63    35.05     6.49    12.87     142.83    6805  DAYTON
  .57    1.00    29.87    48.84     1.94     3.47      42.60    6822  GARY
  .68    1.98    54.59   100.00     1.87     7.32      41.04    6929  LOUSVLLE
 6.31    8.67    13.46    24.63    49.17    66.08    1081.63    6939  NASHVILLE
 1.79    3.50    20.65    34.68     9.19    13.83     202.26    6942  TULSA
  .03     .23    11.21   100.00      .03      .30        .75    7010  EL PASO
  .22    1.00    58.45   100.00      .42     2.10       9.19    7221  BOISE
 5.00    8.12    11.97    18.34    42.66    66.08     938.51    7272  WALNT CRK
  .67    1.42    28.43    40.51     2.52     5.73      55.37    7380  OMAHA
  .06     .77    24.64   100.00      .12     1.92       2.74    7413  CANTON
  .52    1.00    62.90   100.00     1.09     3.77      24.08    7423  MONTREY
  .11     .48    30.54   100.00      .29     1.93       6.42    7556  SANTA CRZ
 1.06    2.57    26.11    56.06     4.25     8.62      93.48    7725  TALLAHASE
  .08     .60    17.92   100.00      .10      .67       2.16    7840  LAKELND
  .02     .18     6.25    68.75      .02      .27        .54    7863  ROANOKE
  .18    3.70    19.44   100.00      .47    10.08      10.41    7931  FRT WYNE
  .38    1.02    67.55   100.00      .97     6.18      21.35    7948  SALINAS
  .00     .02     4.55   100.00      .00      .02        .02    8026  BETHLM
 1.43    2.37    26.45    67.90     6.46    13.57     142.12    8073  FT WRTH
 5.55    7.48    14.74    29.10    41.31    55.08     908.91    8114  HAZELWD
  .78    1.47    42.37    83.33     2.27     6.82      49.83    8234  MOBILE
  .00     .05     4.55   100.00      .00      .05        .05    8388  LINCOLN
  .06     .22    23.93   100.00      .17      .45       3.83    8429  SPRNGFLD
 5.49    7.98    13.80    34.49    42.27    68.90     929.84    8579  PHOENIX
17.34   21.12    15.38    34.63   122.28   160.02    2690.09    8702  DETROIT
 6.30    6.87    11.05    19.53    60.39    87.85    1328.65    8754  COLUMBUS
 7.39    8.73    11.88    24.19    66.51   101.53    1463.12    8951  BLOOMFLD
 6.17    8.00     9.68    13.07    65.51    98.82    1441.15    9032  SAN DIEGO
 2.86    3.93    11.94    19.46    25.37    41.43     558.10    9074  GRENVLLE
13.64   29.95    16.86    41.14   256.46   312.03    5642.17          BOSTON
12.29   14.83    12.28    28.16   109.81   140.17    2415.83    9791  DORAVLLE
 4.18    6.35    16.27    31.59    27.52    39.28     605.34    9792  MIAMI
 8.50   10.80    14.96    30.55    61.22    86.60    1346.91    9855  SOUTHFLD
 8.12   11.45    11.53    19.90    74.16    92.47    1631.45    9858  OAKLAND
 7.51    8.85    14.32    23.70    55.97    74.60    1231.34    9872  GRND RPDS
  .63    1.57    37.44    66.67     2.21     7.08      48.58   10002  TUCSON
  .40    1.62    32.99   100.00     1.40     5.65      30.82   10100  COLO SPRG
 1.55    2.75    19.59    43.21     9.37    19.87     206.16   10423  ALBANY
  .31     .87    43.14    83.78      .77     3.12      16.95   10563  SPOKANE
 3.36    4.47    17.43    44.29    22.15    31.37     487.19   10691  LTTL ROCK
 2.84    7.68    16.24    27.83    17.95    44.98     394.98   10873  NEW ORLNS
13.92   16.70    11.58    19.24   125.53   161.00    2761.76   10902  PHLDLPHIA
  .40    1.20    33.49   100.00     2.05    12.50      45.16   11001  NASHUA
 2.74    3.87    16.47    28.43    17.69    29.37     389.20   11037  NEW HAVEN
 5.02    7.13    13.89    21.69    37.98    53.05     835.56   11136  PORTLAND
 4.90    6.93    16.54    30.09    32.61    52.42     717.39   11148  PITTSBRGH
 2.39    3.95    15.45    24.77    16.51    29.88     363.11   11149  CLRWATER
  .82    1.75    37.39   100.00     2.86     5.95      62.82   11419  CORPUS CR
  .49    1.22    51.15   100.00     1.01     2.97      22.24   11454  TOLEDO
 3.32    6.10    15.56    31.39    22.91    32.47     503.95   11556  TAMPA
 5.52    8.33    14.71    22.05    39.69    56.58     873.08   11588  INDIANPLS
 3.09    5.00    14.82    24.63    22.01    38.43     484.21   11608  SLT LK CT
 3.76    5.05    10.90    19.01    36.56    50.40     804.35   11612  HEMPSTEAD
 5.94    8.90    13.42    19.30    46.11    80.07    1014.43   11644  S BRUNSWK
 2.59    4.85    14.85    24.32    18.66    31.02     410.61   11662  OTTAWA
 4.72    6.08    16.50    39.07    33.75    54.87     742.44   11666  PITTSFORD
 5.01    8.07    13.58    30.83    41.60    68.95     915.11   11708  NORRISTWN
 3.08    4.82    20.38    42.29    17.09    25.17     375.95   11717  ST LRENT
 2.65    4.40    13.81    21.95    20.13    30.73     442.76   11739  COLTON
 8.92   11.57    13.34    21.69    71.26    93.55    1567.65   11741  WHITE PLS
 6.29    8.47    15.48    37.89    45.10    62.25     992.29   11746  MISSION
 7.32    9.55    13.48    24.36    58.70    84.17    1291.47   11753  BROOKFLD
 4.37    5.48    10.78    15.01    43.01    76.22     946.23   11803  AUSTIN
  .19     .72    42.26   100.00      .45     1.20       9.91   11805  S BEND
 8.34   10.98    11.11    16.09    78.38   107.72    1724.46   11808  REDWD CTY
 2.89    4.18    12.69    28.08    24.81    42.68     545.91   11809  FT LAUDER
 2.60    4.02    16.18    23.40    16.75    25.13     368.52   11810  OK CITY
 3.26    4.08    18.10    35.69    19.47    28.68     428.41   11811  SAN ANTNO
 3.47    5.02    15.49    33.41    24.76    38.40     544.70   11817  STAMFORD
 5.44    7.15    14.26    32.84    42.27    66.12     929.86   11823  CHARLOTTE
 1.21    2.38    24.42    50.94     5.62    10.10     123.73   11976  HUNTSVLLE
  .62    1.12    43.79   100.00     3.74    14.58      82.32   12421  SNT BRBRA
  .83    1.67    36.10    68.07     2.62     6.03      57.73   12525  LAS VEGS
  .00     .02     4.55   100.00      .00      .02        .02   12802  BISMARK
  .12     .58    29.83   100.00      .13      .83       2.89   13633  VISALIA
 2.66    4.48    13.31    24.20    21.62    38.15     475.60   13919  EL SEGNDO
  .96    2.20    19.44    31.58     5.98    16.88     131.66   13951  ALHAMBRA
  .00     .00      .00      .00      .00      .00        .00   14166  LAWRNC
  .00     .07     9.09   100.00      .00      .07        .10   14301  KALAMZOO
  .27     .78    43.06   100.00      .63     1.70      13.83   14530  WACO
  .01     .20     4.55   100.00      .01      .20        .20   14748  SAN ANGL
  .68    1.98    35.21    57.14     2.32    10.43      51.13   14836  MANCHSTR
  .07     .85    29.50   100.00      .12     1.68       2.54   15043  EUGENE
  .23    1.00    47.35   100.00      .51     2.70      11.15   15172  SIOX FLS
  .82    2.07    33.83   100.00     3.52    13.22      77.49   16231  RANDLPH
  .00     .00      .00      .00      .00      .00        .00   16741  MANKATO
  .00     .00      .00      .00      .00      .00        .00       0  ATHENS
                                                    *****.**          TY96BD TOT
 