 9.72   22.82    16.42    44.44    75.63   163.47    2344.44    1612  800#
15.99   25.33    11.32    20.68   150.16   242.52    4655.00    2315  SAN FRANCISCO
18.31   26.43     9.70    12.30   182.66   258.60    5662.31    4210  DALLAS
 8.84   14.70    12.54    18.44    70.04   124.12    2171.16    4676  TORONTO
20.82   31.75    16.56   100.00   392.57   421.32   12169.80          NEW YORK
13.29   29.62    13.81    44.96   259.84   382.22    8054.95          FAIRFAX
 9.85   15.95     8.39    13.28   109.89   193.17    3406.72    6233  SAN JOSE
14.90   29.85    16.80   100.00   294.28   355.93    9122.55          BOSTON
10.23   15.35    11.24    16.52    96.95   158.23    3005.37   11741  WHITE PLAINS
  .22    1.00    36.43   100.00      .32     1.65       9.99   16947  PUERTO RICO
                                                     50602.29          TY96TL TOT
