10.71   24.90    14.88   100.00   268.80   220.50    8332.88               800#
17.16   27.02    12.25    21.38   152.63   248.05    4731.65    2315  SAN FRANCISCO
16.90   28.28     9.47    11.16   171.82   274.12    5326.41    4210  DALLAS
 7.84   14.75    13.22    25.07    65.73   124.27    2037.53    4676  TORONTO
20.08   30.95    14.80   100.00   405.40   416.45   12567.52          NEW YORK
12.21   29.00    14.28    42.67   241.25   340.53    7478.65          FAIRFAX
 6.41   28.00     5.18    20.72   128.55   265.92    3984.91          SAN JOSE
15.08   29.58    19.15   100.00   297.93   380.02    9235.85          BOSTON
 7.72   20.27    11.17    13.60    68.29   149.07    2117.03   11741  WHITE PLAINS
  .25    1.00    38.08   100.00      .51     3.52      15.93   16947  PUERTO RICO
                                                     55828.36          TY96TL TOT
