11.67   28.57    17.81   100.00   302.90   260.22    6057.99               800#
15.83   24.32    11.79    23.69   142.23   229.35    4266.77    2315  SAN FRANCISCO
18.00   27.53     9.65    14.81   183.91   285.87    5517.43    4210  DALLAS
 9.67   17.67    13.52    25.24    78.44   143.92    2353.07    4676  TORONTO
21.19   32.05    17.50   100.00   413.21   416.22   12396.38          NEW YORK
14.11   29.65    11.47    31.99   273.32   357.88    8199.48          FAIRFAX
 3.65   14.58     3.89    14.01    77.84   161.10    1946.02          SAN JOSE
16.56   30.75    18.25   100.00   332.61   411.25    9978.31          BOSTON
 8.38   13.47    11.49    19.64    78.16   148.53    2344.70   11741  WHITE PLAINS
  .11     .67    37.31   100.00      .14     1.27       4.13   16947  PUERTO RICO
                                                     53568.76          TY96TL TOT
