  .35     .98    43.37   100.00      .90     3.67      19.83     167  TYLER
  .31    1.00    56.40   100.00      .72     3.00      15.92     169  WARNER ROBBINS
  .99    1.72    36.24    67.32     3.05     6.70      67.09     174  SAN LUIS OBISPO
 9.90   11.73    12.67    15.63    78.60    98.62    1729.29     209  ANN ARBOR
 1.25    1.58    21.74    34.69     6.07     9.50     133.45     232  JACKSON, MI
 1.13    3.57    35.17    66.67     5.08    25.88     111.67    1168  ROCK ISLAND
  .05     .47    18.18   100.00      .05      .47       1.16    1175  BURTON
  .77    1.68    40.16    77.69     2.29     6.68      50.36    1252  RED BANK
 1.31    2.08    21.66    32.43     6.23    10.35     137.10    1380  AKRON
  .55    1.00    62.36    92.50     1.00     2.00      21.89    1505  PROVO
14.16   19.10    14.21    23.83   106.96   165.32    2353.20    1612  800#
 1.73    2.63    16.75    36.60    11.74    21.17     258.30    2082  LOWELL
 1.97    3.07    14.07    22.59    14.69    25.05     323.13    2183  SAN RAFAEL
  .82    1.38    23.19    33.53     3.66     5.78      80.48    2193  KNOXVILLE
 1.09    2.20    30.31    48.96     3.74     7.20      82.32    2212  TACOMA
  .00     .00      .00      .00      .00      .00        .00    2264  BRIDGEPORT
  .64    1.15    30.18    55.95     2.16     3.68      47.59    2299  FREELAND
13.20   18.65    10.86    18.13   123.32   184.52    2713.04    2315  SAN FRANCISCO
 5.23    7.08    13.05    15.61    40.53    58.87     891.61    2359  UNION CITY
 1.05    2.00    27.04    56.00     4.90    20.85     107.84    2565  FAIRFIELD
 9.08   13.15    13.03    16.47    70.15    92.48    1543.37    2605  SACRAMENTO
 1.21    1.57    26.65    38.38     5.19     7.22      20.74    2618  ALBUQUERQUE
10.33   14.52    13.19    15.27    78.55   101.90    1728.05    2688  CINCINNATI
 1.85    3.95    16.52    35.83    12.16    20.90     267.59    2754  BURBANK
  .21     .93    40.50   100.00      .33     1.33       7.18    2771  REDDING
  .00     .00      .00      .00      .00      .00        .00    2900  LEXINGTON
  .59    1.32    47.67   100.00     1.51     5.57      33.26    2907  PORT HUENEME
 1.34    2.63    27.44    51.69     6.26    21.40     137.75    2972  COLUMBUS, GA
  .11     .65    25.12   100.00      .12      .68       2.55    2982  SPRINGFIELD, MO
 3.83    5.22    12.40    16.80    30.87    41.02     679.14    3317  GLEN ELLYN
  .28    1.77    44.46   100.00      .68     5.45      14.85    3521  ST CLOUD
  .24     .93    45.40   100.00      .30     1.58       5.39    3531  EAU CLAIRE
  .01     .25     9.09   100.00      .01      .25        .27    3651  EUREKA
  .89    1.62    27.80    63.16     3.74     6.58      67.33    3740  ROCHESTER
  .77    1.35    25.72    52.60     3.16     6.98      69.45    3765  MADISON
  .93    2.08    24.45    39.13     4.44    11.78      79.83    3847  MARTINEZ
 2.00    4.00    22.53    50.00    10.47    27.63     230.24    3882  SAVANNAH
  .40    1.05    39.11   100.00     1.02     3.83      22.54    4064  CATHEDRAL CITY
20.11   24.93    10.30    12.08   195.69   236.13    4305.15    4210  DALLAS
  .61    1.03    40.74    65.12     1.69     3.90      37.10    4211  CARSON CITY
  .00     .00      .00      .00      .00      .00        .00       0  MONTGOMERY
 2.90    4.65    13.22    19.68    22.36    35.50     491.92    4291  PROVIDENCE
  .75    1.30    46.83   100.00     2.17     5.48      47.73    4298  MOORPARK
 6.56    7.53    12.47    15.87    52.73    62.42    1160.05    4342  MEMPHIS
 3.11    5.93    16.06    24.47    20.08    35.75     441.67    4358  LONG BEACH
 5.84    8.33    13.21    17.05    44.82    68.35     985.94    4401  BIRMINGHAM
 2.90    3.85    15.06    31.74    20.38    26.10     448.36    4418  CALGARY
 3.00    5.18    11.36    21.39    27.03    38.43     486.59    4450  SHERMAN OAKS
 1.21    2.00    29.29    63.64     5.26    13.52     115.65    4455  CHATTANOOGA
  .38    1.02    46.63   100.00     1.01     5.73      22.24    4492  GADSDEN
 1.33    3.18    23.41    84.85     7.34    21.23     161.45    4523  S SAN FRANCISCO
 3.15    5.00     7.05    21.20    32.17    57.92     707.64    4573  ORLANDO
 2.00    9.88    18.66    33.45    10.22    29.55     224.93    4617  BATTLE CREEK
11.25   15.78    12.68    14.58    87.68   111.12    1929.07    4676  TORONTO
26.01   28.05    10.69    12.68   244.82   290.22    5385.94    4686  CHICAGO
 2.22    6.07    20.17    34.63    11.93    41.67     262.45    4703  WORCESTER
11.71   14.17    12.16    14.21    96.61   109.43    2125.42    4773  CLEVELAND
13.33   14.95    10.12    11.63   132.35   166.07    2911.74    4789  NEWARK
25.30   31.12    12.75    21.26   472.83   381.62   10402.31          NEW YORK
13.21   28.55    28.24   100.00   256.19   293.05    5636.27          FAIRFAX
11.91   14.20    10.84    13.61   110.25   134.92    2425.49    4871  MINNEAPOLIS
10.76   12.02    10.18    11.66   106.29   124.57    2338.30    5017  DENVER
  .31     .82    62.47   100.00      .46     1.35      10.10    5107  LAS CRUCES
  .55    1.03    38.21    73.68     1.57     4.12      28.24    5118  URBANA
  .53    3.57    61.68   100.00     1.95    30.65      42.96    5137  MODESTO
 1.50    2.78    18.95    44.23     8.99    16.62     197.72    5153  DIAMOND BAR
 1.36    2.92    19.43    28.83     7.29    13.75     160.45    5170  WINSTON SALEM
 2.19    5.28    20.05    28.69    10.92    18.42     240.34    5338  BUFFALO
 1.29    2.85    23.41    44.04     6.37    14.78     140.22    5569  VISTA
  .72    1.83    42.78    88.89     2.49     8.07      54.82    5632  SAN CLEMENTE
  .40    1.00    42.77   100.00     1.11     3.15      24.38    5736  BATON ROUGE
  .52    1.02    60.77   100.00      .99     2.55      21.73    5768  SALEM
 4.14    5.27    13.64    19.06    30.63    37.08     673.89    5798  JACKSONVILLE
  .00     .00      .00      .00      .00      .00        .00    5858  BLOOMINGTON
  .92    1.75    42.82   100.00     3.23     8.88      70.96    5870  STOCKTON
 3.66    7.52    18.91    26.87    18.83    34.75     414.25    5881  RICHMOND
  .75    1.47    38.73    77.78     2.22     4.68      48.81    5978  VALLEJO
  .93    2.20    32.84   100.00     4.79    20.77     105.43    6012  DURHAM
  .29    1.00    31.97   100.00      .77     4.30      16.89    6075  LANCASTER, CA
10.84   13.22    10.00    12.83   109.62   134.18    2411.56    6231  SEATTLE
14.27   18.23    10.82    12.90   131.50   150.40    2892.91    6232  NEWPORT BEACH
12.24   15.53     9.18    11.93   135.45   213.28    2979.97    6233  SAN JOSE
10.27   13.53    13.28    17.11    77.53    96.13    1705.66    6239  BALTIMORE
  .00     .00      .00      .00      .00      .00        .00       0  VANCOUVER
 1.23    2.87    33.30    67.39     5.17    13.47     113.63    6277  FREMONT
 1.78    5.28    18.21    34.68    10.63    21.92     233.90    6280  PLEASANTON
 1.73    3.35    19.32    31.02     9.26    14.18     203.83    6348  PENNSAUKEN
  .89    1.48    35.40    68.18     2.71     5.88      59.55    6423  FRESNO
18.94   23.07    12.02    14.24   158.18   190.77    3479.91    6448  VERNON
  .00     .00      .00      .00      .00      .00        .00    6468  SLIDELL
  .13     .85    43.05   100.00      .18     1.08       4.01    6476  BAKERSFIELD
  .40     .95    45.07    66.67      .95     2.42      20.95    6530  LANSING
  .14     .70    61.82   100.00      .22     1.97       4.94    6560  WICHITA
 2.25    3.30    13.58    17.76    17.14    30.68     376.98    6587  BEDFORD
  .55    1.90    49.54   100.00     1.41     8.95      30.92    6623  MARLBOROUGH
15.82   17.62    11.37    13.19   140.14   180.77    3083.08    6646  HOUSTON
  .72    1.63    24.14    37.50     3.06     6.93      67.28    6822  GARY
 1.46    2.70    16.80    24.08     8.66    13.83     190.52    6805  DAYTON
  .00     .00      .00      .00      .00      .00        .00    6869  CHARLOTTESVILLE
 1.17    2.03    23.41    33.99     5.16     8.53     113.42    6929  LOUISVILLE
 6.67   10.10    11.69    15.79    57.37    70.42    1262.24    6939  NASHVILLE
 1.52    2.88    17.88    24.64     8.61    14.97     189.43    6942  TULSA
  .65    1.03    32.67    46.94     2.12     4.07      46.65    7010  EL PASO
  .07     .40    19.32   100.00      .11      .62       1.93    7142  MYERSVILLE
  .15    1.00    24.57   100.00      .27     1.65       5.99    7146  SALISBURY
  .01     .27      .94    20.78      .06     1.28       1.28    7167  PORTLAND, ME
  .49    1.87    33.54   100.00     4.11    24.55      90.42    7221  BOISE
  .71    1.30    32.38    57.01     2.24     4.00      40.37    7245  WEST DES MOINES
 6.79    9.35    10.71    13.73    63.88    82.18    1405.47    7272  WALNUT CREEK
 1.05    1.73    28.21    75.26     4.49    10.90      98.86    7317  SANTA ROSA
  .95    1.83    27.93   100.00     4.16     8.53      91.42    7380  OMAHA
  .71    1.75    31.05    78.57     3.47    11.28      76.41    7413  CANTON
  .65    1.00    37.55    63.08     2.12     9.10      46.65    7423  MONTEREY
  .02     .25    25.76   100.00      .02      .25        .51    7529  YAKIMA
  .07    1.00     6.94    81.58      .25     4.72       5.48    7534  ENGLEWOOD
 1.11    1.57    20.70    40.34     6.69    12.65     147.07    7556  SANTA CRUZ
  .69    1.20    31.99    54.76     2.29     3.87      50.45    7725  TALLAHASSEE
  .38    1.05    49.08   100.00     1.01     3.10      22.21    7840  LAKELAND
  .28     .97    51.33   100.00      .52     2.45      11.44    7863  ROANOKE
 2.15   14.32    17.68    38.01    15.23   141.30     334.95    7931  FORT WAYNE
  .47    1.03    51.43   100.00      .88     3.63      19.39    7948  SALINAS
  .06    1.03     1.74    31.31      .18     3.30       3.30    7969  GAINESVILLE
  .45     .97    44.79   100.00     1.31     3.50      28.91    8026  BETHLEHEM
 1.89    2.98    16.65    27.51    11.96    26.67     263.14    8073  FT WORTH
  .95    1.97    21.72    40.88     4.33     7.32      95.27    8234  MOBILE
  .07    1.00     9.65   100.00      .27     5.37       5.89    8354  DANBURY
  .63    1.33    57.99   100.00     1.48     6.25      32.50    8388  LINCOLN
 1.17    1.82    21.91    36.45     5.55     8.28     122.17    8429  SPRINGFIELD, IL
  .01     .17     4.55   100.00      .01      .17        .17    8545  ALEXANDRIA
  .27    1.13    31.69   100.00      .73     3.82      16.11    8550  LANCASTER, PA
 8.68   12.95    11.06    14.38    79.40   103.50    1746.83    8579  PHOENIX
  .14    1.00    12.63   100.00      .43     4.28       9.56    8580  MYRTLE BEACH
  .00     .02     4.55   100.00      .00      .02        .02    8587  ERIE
  .00     .05    13.64   100.00      .00      .05        .10    8670  SHREVEPORT
  .00     .00      .00      .00      .00      .00        .00       0  NORTHPORT
22.09   27.15    12.34    13.72   179.52   206.95    3949.50    8702  DETROIT
 2.94    8.15     6.46    15.14    44.84    59.73     964.03          DUBLIN
 7.09   10.82    11.37    15.22    62.98    94.52    1385.58    8951  BLOOMFIELD
10.69   13.53    10.50    13.67   102.58   142.60    2256.76    9032  SAN DIEGO
 2.77    3.37    13.70    18.70    20.80    35.30     457.61    9074  GREENVILLE
  .34    1.48    54.09   100.00     1.18     8.67      25.99    9455  GREEN BAY
  .15     .58    51.56   100.00      .23      .92       5.11    9646  ATLANTIC CITY
18.55   30.17    16.11    34.55   349.86   358.05    7696.96          BOSTON
15.49   19.03    10.80    13.01   143.90   175.70    3165.72    9791  DORAVILLE
 6.84    9.63    11.32    14.78    60.98    80.15    1341.52    9792  MIAMI
  .66    1.30    24.74    56.58     2.84     5.20      62.57    9823  ORMOND BEACH
10.48   12.37    12.10    14.03    86.97   105.40    1913.44    9855  SOUTHFIELD
10.99   12.42    10.33    12.94   107.85   148.15    2372.64    9858  OAKLAND
 7.97   10.33    13.00    18.62    61.54    79.30    1353.83    9872  GRAND RAPIDS
  .36     .80    72.84   100.00      .55     1.58      12.06    9921  WICHITA FALLS
  .02     .23    12.83   100.00      .02      .28        .44    9938  DOVER
  .00     .00      .00      .00      .00      .00        .00    9949  DENTON
  .92    1.88    23.38    34.29     3.96     8.13      87.22   10002  TUCSON
  .91    1.87    32.56    55.29     3.14     5.92      69.01   10100  COLORADO SPRINGS
 4.33    7.38    14.58    17.57    30.32    64.42     666.96   10423  ALBANY
 1.28    2.00    19.82    32.23     6.85    15.08     150.61   10563  SPOKANE
 3.07    4.25    12.41    17.67    24.79    31.57     545.36   10691  LITTLE ROCK
 3.41    5.72    14.84    20.93    23.82    36.55     523.99   10873  NEW ORLEANS
18.61   22.08    11.09    12.65   168.30   194.78    3702.67   10902  PHILADELPHIA
  .97    2.22    25.49    39.34     4.07    11.78      89.51   11001  NASHUA
 2.07    3.47    14.66    20.66    14.52    21.45     319.38   11037  NEW HAVEN
 5.40    7.17    11.66    16.87    47.14    62.32    1037.17   11136  PORTLAND, OR
 6.53    9.40    12.99    17.89    50.50    66.03    1111.05   11148  PITTSBURGH
 2.14    2.92    12.86    18.44    17.14    28.12     377.04   11149  CLEARWATER
 1.04    1.75    26.44    42.13     4.38    10.28      96.33   11419  CORPUS CHRISTI
 1.99    3.10    21.14    27.97     9.95    20.53     218.82   11454  TOLEDO
 4.71    6.52    13.36    17.52    35.64    47.53     784.19   11556  TAMPA
 8.70    9.60    11.23    13.55    78.41    99.67    1724.94   11588  INDIANAPOLIS
 3.71    5.05    13.22    21.61    28.50    35.00     627.06   11608  SALT LAKE CITY
 5.79    7.92    10.39    13.26    56.36    76.48    1239.93   11612  HEMPSTEAD
 7.09   11.57    13.09    20.74    53.94    72.28    1186.70   11644  SOUTH BRUNSWICK
 2.69    3.82    12.68    19.57    21.75    33.88     478.55   11662  OTTAWA
 5.28    7.33    14.72    18.97    36.31    53.65     798.81   11666  PITTSFORD
 6.76    8.92    12.35    16.94    55.38    74.62    1218.37   11708  NORRISTOWN
 5.74    6.88    13.87    18.00    41.96    51.27     923.10   11717  ST LAURENT
 3.55    5.45    13.77    20.92    26.27    36.37     577.91   11739  COLTON
 3.46    4.33    12.40    18.96    28.21    41.77     620.72   11740  NORFOLK
10.75   12.40    11.02    12.81    97.88   114.65    2153.43   11741  WHITE PLAINS
 7.51   10.75    12.77    16.84    58.99    81.27    1297.87   11746  MISSION
 9.36   12.53    12.99    17.43    72.49    96.65    1594.77   11753  BROOKFIELD
 4.46    6.62    10.40    14.82    45.34    81.90     997.39   11803  AUSTIN
 1.12    2.87    25.88    50.59     4.58     7.92     100.79   11805  SOUTH BEND
 9.59   11.75    11.22    14.85    86.07   108.93    1893.61   11808  REDWOOD CITY
 4.15    5.60    11.80    17.80    36.23    63.73     796.97   11809  FT LAUDERDALE
 2.89    5.45    14.79    22.63    19.51    35.90     429.12   11810  OKLAHOMA CITY
 2.83    4.22    14.32    19.25    19.83    29.93     436.26   11811  SAN ANTONIO
 5.29    7.15    12.18    16.53    43.72    58.55     961.79   11817  STAMFORD
 7.72    8.92    11.96    14.25    64.83    79.43    1426.31   11823  CHARLOTTE
 2.23    7.18    16.00    24.34    15.55    50.78     342.14   11976  HUNTSVILLE
 1.16    2.90    30.33    66.67     6.08    26.82     133.83   12421  SANTA BARBARA
 1.65    3.15    18.80    38.27     9.23    20.48     203.13   12525  LAS VEGAS
  .40    1.00    28.87   100.00      .97     3.82      21.33   12802  BISMARCK
  .00     .00      .00      .00      .00      .00        .00       0  ANTIOCH
  .30    1.00    54.15   100.00      .52     3.43      11.33   13633  VISALIA
  .00     .00      .00      .00      .00      .00        .00       0  LAWRENCE, MA
 3.41    4.80    10.57    14.27    32.48    39.57     714.56   13919  EL SEGUNDO
 1.64    2.77    16.69    27.38    11.16    23.52     245.50   13951  ALHAMBRA
  .85    1.37    32.30    63.46     2.83     5.07      59.36   14301  KALAMAZOO
  .35    1.00    57.89   100.00      .71     3.13      12.10   14321  BRYAN
  .00     .00      .00      .00      .00      .00        .00   14384  LONGVIEW
  .82    4.47    50.45   100.00     2.13    13.97      44.66   14530  WACO
  .11     .57    34.97   100.00      .16      .72       3.32   14748  SAN ANGELO
 1.38    2.92    17.88    36.52     8.33    15.43     174.96   14836  MANCHESTER
  .63    1.28    42.36    84.72     2.11     9.45      44.40   14911  LEMOYNE
  .48    1.12    51.84   100.00     1.19     3.72      24.90   15043  EUGENE
 2.86    5.02    14.09    22.12    22.14    50.15     376.46   15143  ROCKVILLE
  .57    1.62    33.48    71.93     1.81     4.53      37.91   15172  SIOUX FALLS
  .11     .87    29.01   100.00      .17     1.82       2.93   15379  AMARILLO
 1.33    1.87    21.69    39.07     6.63    10.92     139.13   15583  PATTERSON
 4.31    7.38    12.22    15.31    36.32    64.82     762.72   16231  RANDOLPH
 7.15    9.40    11.91    16.45    61.15    93.60    1284.24   16499  BRIDGETON
  .37    1.00    25.18   100.00     1.22     7.13      25.55   16735  LAWRENCE, KS
  .24     .90    55.91   100.00      .48     1.92      10.00   16741  MANKATO
  .05     .57    23.31   100.00      .06      .63       1.25   16796  FAYETTEVILLE
  .48    1.05    35.95    51.58     1.36     2.70      28.63   16799  ATHENS
  .09     .70    20.41   100.00      .16      .98       3.27   16829  PEORIA
  .01     .25     3.40    71.43      .02      .35        .35   16834  NAPA
  .02     .33     4.76   100.00      .02      .33        .33   16891  LUBBOCK
 1.62    2.53    22.70    44.44     8.58    15.38      51.46   16936  PISCATAWAY
  .16     .70    62.11   100.00      .27     1.75       5.75   16942  FT MYERS
  .81    1.80    40.48   100.00     2.63    10.15      55.23   16957  HONOLULU
  .01     .15    14.29   100.00      .01      .15        .25   16962  EAST SYRACUSE
  .11     .58    19.53   100.00      .38     3.17       7.98   16967  GREENSBORO
  .00     .00      .00      .00      .00      .00        .00   16978  IOWA CITY
  .00     .00      .00      .00      .00      .00        .00   16991  COLUMBIA
  .37    1.05    25.65    58.82      .77     2.33       4.59   16994  O'FALLON
  .00     .00      .00      .00      .00      .00        .00   17012  SARASO .00     .00      .00      .00      .00      .00        .00   17068  RAHWAY
  .71    1.05    31.72    87.88     3.04     6.98      63.79   17076  MELVILLE
  .30     .82    62.55   100.00      .46     1.43       9.73   17088  NAPLES
  .01     .17     7.27   100.00      .02      .32        .42   17100  READING
  .00     .00      .00      .00      .00      .00        .00   17140  NEWPORT NEWS
  .02     .38     7.43   100.00      .04      .68        .81   17207  WILKES-BARRE
  .92    1.53    23.97    51.43     4.35     8.48      73.94   17228  WILMINGTON
                                                    147743.40          TY96BD TOT
   'W­