 9.82   15.15    12.29    30.00    70.49   141.20    2114.76    1612  800#
13.80   23.38    10.60    16.59   136.35   236.32    4090.52    2315  SAN FRANCISCO
17.96   26.47    10.92    14.44   160.53   254.47    4815.76    4210  DALLAS
 9.69   14.57    14.44    35.61    73.14   113.93    2194.30    4676  TORONTO
20.59   32.22    14.02    41.89   382.05   394.20   11461.38          NEW YORK
13.54   30.47    16.68    73.85   255.12   341.98    7653.45          FAIRFAX
10.60   14.60     9.29    18.62   119.41   173.50    3582.23    6233  SAN JOSE
15.23   29.78    15.87   100.00   293.59   349.20    8807.58          BOSTON
10.84   15.05    11.31    18.01   100.71   148.32    3021.34   11741  WHITE PLAINS
  .13    1.00    27.99   100.00      .16     1.40       4.77   16947  PUERTO RICO
                                                    177912.34          TY96TL TOT
