 202116719 4274   0   548601271856    550  31485   32035860129  18 1761 1 1800
 202117519 4177   0   558601281933    392  24783   25175860129 140  367 2 1800
 202117319 2021   0 18008601281932  12043 304901  316944860129 332  480 2  267
 202117319 2374   0   228601281932    125   5581    5706860129 601  629 2 1800
 322035412 2021   0 1800860129 742   3671  84002   87673860129 832   50 2 2750
 202116619 3115   0   378601271856    417  25722   261398601292058 300284 1800
 202114519 4274   0   54860129 321     91  29978   300698601292311 1190 3 1800
 202115712 4177   0   55860129 829  13897 495010  5089078601302316 2327 2 1800
 202117019 3115   0   378601301817     51   3614    36658601302259  28384 1800
 202115719 2021   0 1800860131  17   4966 155731  160697860131 138   81 2  267
 202117219 4274   0   548601301817    217  11535   11752860131 522  665 1 1800
 202115219 2374   0   22860131 135      1    625     626860131 600  265 2 1800
 202117119 6415   0   338601282334    685  17728   18413860131 654 3320 2 1800
 322025212 2021   0 1800860131 630   4405 117019  121424860131 739   69 2 2750
 202115019 4525   0   578601272201    269  23106   233758601311136 5135 2 1800
 202115119 2100   0   348601281933    283  16614   168978601311430 4018 2 1800
 202114519 6415   0   338601312014      9   2142    21518601312135   82 2 1800
 202121119 2100   0   348601312229     30   1553    15838601312303   34 2 1800
 202116119 2021   0 18008601311913  16789 424763  4415528601312334  261 2  267
