1
 
                   MAX
            TOTAL  SIM                MAXIMUM CPS                   CONNECT
 DATE  HOUR USERS USERS            IN         OUT       TOTAL         HOURS
 
 
 901106   1     4     2          2.05       85.58       86.17          0.95
 901106   2     2     1          2.05       67.52       68.48          0.40
 901106   3     0     0          0.00        0.00        0.00          0.00
 901106   4     0     0          0.00        0.00        0.00          0.00
 901106   5     0     0          0.00        0.00        0.00          0.00
 901106   6     0     0          0.00        0.00        0.00          0.00
 901106   7     0     0          0.00        0.00        0.00          0.00
 901106   8     1     1          0.35       59.15       59.50          0.38
 901106   9     0     0          0.00        0.00        0.00          0.00
 901106  10     0     0          0.00        0.00        0.00          0.00
 901106  11     1     1          0.23       71.97       72.20          0.15
 901106  12     0     0          0.00        0.00        0.00          0.00
 901106  13     2     1          0.25       41.18       41.43          0.42
 901106  14     3     1          1.85      135.85      137.70          0.88
 901106  15     2     2          0.43       56.35       56.78          1.13
 901106  16     4     2          0.67       92.98       93.65          1.23
 901106  17     2     1          0.38       37.95       38.33          1.00
 901106  18     2     1          0.38       37.95       38.33          0.18
 901106  19    11     3          1.15      152.52      153.67          2.05
 901106  20     6     2          0.67       95.47       96.08          1.28
 901106  21     5     3          0.77      121.45      122.22          1.72
 901106  22     4     2          1.40       53.42       54.82          1.13
 901106  23     4     1          0.35       53.52       53.87          0.32
 901106  24     4     1          0.90       80.67       81.57          0.53
1
 
                   MAX
            TOTAL  SIM                MAXIMUM CPS                   CONNECT
 DATE  HOUR USERS USERS            IN         OUT       TOTAL         HOURS
 
 
 901107   1     3     1          0.78       30.58       30.83          0.40
 901107   2     2     2          0.98       68.28       69.27          1.12
 901107   3     1     1          0.78       15.45       16.23          0.30
 901107   4     2     1          0.83       87.30       88.13          0.18
 901107   5     0     0          0.00        0.00        0.00          0.00
 901107   6     0     0          0.00        0.00        0.00          0.00
 901107   7     0     0          0.00        0.00        0.00          0.00
 901107   8     0     0          0.00        0.00        0.00          0.00
 901107   9     0     0          0.00        0.00        0.00          0.00
 901107  10     0     0          0.00        0.00        0.00          0.00
 901107  11     0     0          0.00        0.00        0.00          0.00
 901107  12     0     0          0.00        0.00        0.00          0.00
 901107  13     1     1          0.22       35.65       35.87          0.30
 901107  14     3     2          1.92      119.82      121.73          0.55
 901107  15    10     4          2.00       74.05       75.63          2.07
 901107  16    10     3          0.93       48.30       48.97          1.03
 901107  17     2     2          0.52       38.85       39.37          1.40
 901107  18     3     2          0.95       84.85       85.80          1.07
 901107  19     3     2          1.02       95.07       96.08          1.18
 901107  20     4     3          1.68       81.87       83.55          2.50
 901107  21     6     3          2.87      119.38      120.67          2.20
 901107  22     2     2          0.45       70.32       70.77          0.50
 901107  23     0     0          0.00        0.00        0.00          0.00
 901107  24     1     1          0.82       58.28       59.10          0.17
1
 
                   MAX
            TOTAL  SIM                MAXIMUM CPS                   CONNECT
 DATE  HOUR USERS USERS            IN         OUT       TOTAL         HOURS
 
 
 901108   1     1     1          0.33       41.72       42.05          0.28
 901108   2     0     0          0.00        0.00        0.00          0.00
 901108   3     0     0          0.00        0.00        0.00          0.00
 901108   4     1     1          1.60       93.37       94.97          0.02
 901108   5     0     0          0.00        0.00        0.00          0.00
 901108   6     0     0          0.00        0.00        0.00          0.00
 901108   7     0     0          0.00        0.00        0.00          0.00
 901108   8     1     1          0.25       48.27       48.52          0.17
 901108   9     0     0          0.00        0.00        0.00          0.00
 901108  10     0     0          0.00        0.00        0.00          0.00
 901108  11     0     0          0.00        0.00        0.00          0.00
 901108  12     1     1          0.47       61.05       61.52          0.15
 901108  13     2     2          1.07       88.53       89.60          0.58
 901108  14     3     2          0.35       59.92       60.27          1.02
 901108  15     2     2          0.22       40.75       40.97          1.07
 901108  16     2     2          0.35       47.35       47.70          0.20
 901108  17     2     1          0.43       71.25       71.68          0.15
 901108  18     1     1          0.23       28.77       29.00          0.05
 901108  19     0     0          0.00        0.00        0.00          0.00
 901108  20     0     0          0.00        0.00        0.00          0.00
 901108  21     1     1          0.37       19.52       19.88          0.23
 901108  22     0     0          0.00        0.00        0.00          0.00
 901108  23     1     1          0.40       40.67       41.07          0.17
 901108  24     2     1          0.67       50.57       51.23          0.50
1
 
                   MAX
            TOTAL  SIM                MAXIMUM CPS                   CONNECT
 DATE  HOUR USERS USERS            IN         OUT       TOTAL         HOURS
 
 
 901109   1     1     1          1.37       21.98       23.35          0.47
 901109   2     1     1          1.37       21.98       23.35          1.00
 901109   3     2     1          1.37       48.73       49.17          0.57
 901109   4     1     1          0.43       48.73       49.17          0.20
 901109   5     0     0          0.00        0.00        0.00          0.00
 901109   6     0     0          0.00        0.00        0.00          0.00
 901109   7     0     0          0.00        0.00        0.00          0.00
 901109   8     1     1          0.48       68.30       68.78          0.15
 901109   9     1     1          0.48       68.30       68.78          0.83
 901109  10     0     0          0.00        0.00        0.00          0.00
 901109  11     0     0          0.00        0.00        0.00          0.00
 901109  12     0     0          0.00        0.00        0.00          0.00
 901109  13     4     1          0.78       45.55       45.85          0.35
 901109  14     4     2          0.77      116.67      117.30          1.23
 901109  15     5     3          1.32      116.67      117.30          1.92
 901109  16     9     3          1.02      166.35      167.37          1.82
 901109  17     1     1          0.27       50.07       50.33          0.85
 901109  18     2     1          0.77       22.33       22.62          0.23
 901109  19     3     2          0.37       33.12       33.48          1.20
 901109  20     1     1          0.15       14.60       14.75          0.35
 901109  21     2     1          0.90       82.67       83.57          0.25
 901109  22     3     2          0.25       49.38       49.63          0.67
 901109  23     1     1          1.53       33.55       35.08          0.37
 901109  24     1     1          0.85       75.35       76.20          0.50
1     MAXIMUM OF MAXIMUM SIMULTANEOUS USERS
 
 
                   MAX
            TOTAL  SIM                MAXIMUM CPS                   CONNECT
 DATE  HOUR USERS USERS            IN         OUT       TOTAL         HOURS
 
 901107  15    10     4          2.00       74.05       75.63          2.07
 
 
     MAXIMUM OF CONNECT HOURS
 
 
                   MAX
            TOTAL  SIM                MAXIMUM CPS                   CONNECT
 DATE  HOUR USERS USERS            IN         OUT       TOTAL         HOURS
 
 901107  20     4     3          1.68       81.87       83.55          2.50
1
