1
 
                   MAX
            TOTAL  SIM                MAXIMUM CPS                   CONNECT
 DATE  HOUR USERS USERS            IN         OUT       TOTAL         HOURS
 
 
 900723   1     1     1          4.73       17.60       22.33          0.10
 900723   2     1     1          4.73       17.60       22.33          0.08
 900723   3     1     1          3.03       14.55       17.58          0.02
 900723   4     0     0          0.00        0.00        0.00          0.00
 900723   5     0     0          0.00        0.00        0.00          0.00
 900723   6     1     1          0.50       11.20       11.70          0.17
 900723   7     2     1          0.65       63.02       63.67          0.18
 900723   8     1     1          0.40       19.18       19.58          0.32
 900723   9     4     2          4.78      118.22      120.97          1.03
 900723  10     2     1          2.75       39.42       40.20          0.17
 900723  11     1     1          1.57        9.12       10.68          0.07
 900723  12     0     0          0.00        0.00        0.00          0.00
 900723  13     0     0          0.00        0.00        0.00          0.00
 900723  14     7     3          4.03       68.68       72.72          1.80
 900723  15     5     4          4.33       93.52       97.85          2.48
 900723  16     2     2          1.57       30.63       32.20          0.25
 900723  17     2     2          0.97       24.75       25.72          1.07
 900723  18     0     0          0.00        0.00        0.00          0.00
 900723  19     0     0          0.00        0.00        0.00          0.00
 900723  20     3     2          0.85       74.95       75.80          0.57
 900723  21     3     2          1.68       17.68       19.37          0.90
 900723  22     2     2          0.53       29.35       29.88          0.87
 900723  23     0     0          0.00        0.00        0.00          0.00
 900723  24     0     0          0.00        0.00        0.00          0.00
1
 
                   MAX
            TOTAL  SIM                MAXIMUM CPS                   CONNECT
 DATE  HOUR USERS USERS            IN         OUT       TOTAL         HOURS
 
 
 900724   1     1     1          0.13       47.35       47.48          0.18
 900724   2     1     1          0.13       47.35       47.48          0.13
 900724   3     1     1          0.92       20.05       20.97          0.15
 900724   4     1     1          0.92       20.05       20.97          0.03
 900724   5     0     0          0.00        0.00        0.00          0.00
 900724   6     0     0          0.00        0.00        0.00          0.00
 900724   7     0     0          0.00        0.00        0.00          0.00
 900724   8     2     2          4.30       67.07       71.37          1.12
 900724   9     3     2          5.30       91.83       96.88          1.12
 900724  10     1     1          0.90       41.12       42.02          0.03
 900724  11     2     1          7.13       26.60       27.52          0.73
 900724  12     1     1          7.28       17.15       24.43          0.17
 900724  13     6     2         14.77      170.80      185.57          1.28
 900724  14     2     1          4.30       33.32       37.62          0.68
 900724  15     4     4          3.65       62.13       65.78          1.65
 900724  16     8     3          4.25       93.28       97.53          1.98
 900724  17     8     4          4.78      101.00      103.93          1.45
 900724  18     5     3          1.78       98.52      100.30          1.35
 900724  19     1     1          0.88       20.98       21.87          0.17
 900724  20     1     1          1.60        7.40        9.00          0.13
 900724  21     1     1          0.43       12.77       13.20          0.12
 900724  22     0     0          0.00        0.00        0.00          0.00
 900724  23     1     1          1.22       16.73       17.95          0.47
 900724  24     0     0          0.00        0.00        0.00          0.00
1
 
                   MAX
            TOTAL  SIM                MAXIMUM CPS                   CONNECT
 DATE  HOUR USERS USERS            IN         OUT       TOTAL         HOURS
 
 
 900725   1     1     1          0.83       28.25       29.08          0.05
 900725   2     0     0          0.00        0.00        0.00          0.00
 900725   3     2     1          0.42       61.65       61.92          0.15
 900725   4     0     0          0.00        0.00        0.00          0.00
 900725   5     0     0          0.00        0.00        0.00          0.00
 900725   6     0     0          0.00        0.00        0.00          0.00
 900725   7     3     2          1.52       45.97       46.83          0.25
 900725   8     3     2          7.28       62.23       69.52          0.65
 900725   9     2     1          3.88       29.17       29.92          0.18
 900725  10     1     1          0.75       29.17       29.92          0.27
 900725  11     2     1          6.95       54.28       58.47          0.17
 900725  12     1     1          0.63       95.82       96.45          0.08
 900725  13     4     3          6.05      143.32      149.37          0.85
 900725  14     4     2          4.73       60.30       60.52          0.15
 900725  15     1     1          0.38        2.17        2.55          0.03
 900725  16     1     1          4.87       19.00       23.87          0.13
 900725  17     2     1          4.87       19.00       23.87          0.47
 900725  18     2     1          0.53       17.65       18.18          0.43
 900725  19     2     1          0.47       24.50       24.97          0.22
 900725  20     6     3         12.27       80.25       81.85          1.83
 900725  21     1     1          1.18       22.52       23.70          0.17
 900725  22     0     0          0.00        0.00        0.00          0.00
 900725  23     2     2          0.77       74.97       75.73          0.92
 900725  24     3     2          3.25       41.30       44.55          0.87
1
 
                   MAX
            TOTAL  SIM                MAXIMUM CPS                   CONNECT
 DATE  HOUR USERS USERS            IN         OUT       TOTAL         HOURS
 
 
 900726   1     0     0          0.00        0.00        0.00          0.00
 900726   2     1     1          6.45       18.42       24.87          0.27
 900726   3     0     0          0.00        0.00        0.00          0.00
 900726   4     1     1          0.40       22.45       22.85          0.10
 900726   5     1     1          0.80       19.55       20.35          0.27
 900726   6     0     0          0.00        0.00        0.00          0.00
 900726   7     1     1          0.07        6.22        6.28          0.05
 900726   8    16     7          8.25       34.90       43.15          0.70
 900726   9    12     6          4.10        1.40        5.50          0.20
 900726  10     4     2          2.20       79.30       81.50          0.72
 900726  11    26    13          4.00       51.73       55.73          1.92
 900726  12     1     1          9.05       25.95       35.00          0.15
 900726  13     3     2          9.05       76.33       77.97          1.52
 900726  14     7     3          2.55      113.28      115.05          2.28
 900726  15     5     4          9.47      100.97      108.33          1.70
 900726  16     9     3         24.87       80.57      105.43          2.13
 900726  17     5     3         25.25       50.70       59.05          2.37
 900726  18     5     2          2.02       29.10       29.33          0.33
 900726  19     4     1          1.53       58.07       58.63          0.53
 900726  20     5     3          1.78       58.07       58.63          1.33
 900726  21     1     1          3.55       39.92       43.47          0.13
 900726  22     6     3          3.05       53.28       56.33          1.48
 900726  23     1     1          0.10       13.00       13.10          0.18
 900726  24     3     2          2.25       56.42       58.67          0.73
1
 
                   MAX
            TOTAL  SIM                MAXIMUM CPS                   CONNECT
 DATE  HOUR USERS USERS            IN         OUT       TOTAL         HOURS
 
 
 900727   1     3     1         11.58       65.93       77.52          0.18
 900727   2     2     2          4.63       10.58       15.22          0.37
 900727   3     0     0          0.00        0.00        0.00          0.00
 900727   4     0     0          0.00        0.00        0.00          0.00
 900727   5     0     0          0.00        0.00        0.00          0.00
 900727   6     0     0          0.00        0.00        0.00          0.00
 900727   7     2     1          2.42       27.63       30.05          0.32
 900727   8     5     2          4.43       52.40       56.37          1.45
 900727   9     2     2          3.02       33.65       36.67          1.03
 900727  10     0     0          0.00        0.00        0.00          0.00
 900727  11     7     3         17.80      116.50      134.30          1.20
 900727  12     0     0          0.00        0.00        0.00          0.00
 900727  13     3     1          3.63       50.17       53.80          0.37
 900727  14     7     4          5.53       87.47       93.00          3.03
 900727  15    10     5         16.20      134.08      149.27          3.50
 900727  16     5     3          4.95       95.05       98.82          1.20
 900727  17     4     2          2.83       33.85       35.70          0.58
 900727  18     6     2          1.23       58.15       59.38          0.72
 900727  19     3     2          1.72       58.15       59.38          0.28
 900727  20     2     2          1.55       39.63       41.18          0.63
 900727  21     2     1          0.62       18.67       19.28          0.10
 900727  22     0     0          0.00        0.00        0.00          0.00
 900727  23     1     1          0.57        9.52       10.08          0.08
 900727  24     1     1          5.82       81.82       87.63          0.07
1     MAXIMUM OF MAXIMUM SIMULTANEOUS USERS
 
 
                   MAX
            TOTAL  SIM                MAXIMUM CPS                   CONNECT
 DATE  HOUR USERS USERS            IN         OUT       TOTAL         HOURS
 
 900726  11    26    13          4.00       51.73       55.73          1.92
 
 
     MAXIMUM OF CONNECT HOURS
 
 
                   MAX
            TOTAL  SIM                MAXIMUM CPS                   CONNECT
 DATE  HOUR USERS USERS            IN         OUT       TOTAL         HOURS
 
 900727  15    10     5         16.20      134.08      149.27          3.50
1
  