1
 
                   MAX
            TOTAL  SIM                MAXIMUM CPS                   CONNECT
 DATE  HOUR USERS USERS            IN         OUT       TOTAL         HOURS
 
 
 890501   1     0     0          0.00        0.00        0.00          0.00
 890501   2     0     0          0.00        0.00        0.00          0.00
 890501   3     0     0          0.00        0.00        0.00          0.00
 890501   4     0     0          0.00        0.00        0.00          0.00
 890501   5     0     0          0.00        0.00        0.00          0.00
 890501   6     0     0          0.00        0.00        0.00          0.00
 890501   7     0     0          0.00        0.00        0.00          0.00
 890501   8     0     0          0.00        0.00        0.00          0.00
 890501   9     0     0          0.00        0.00        0.00          0.00
 890501  10     0     0          0.00        0.00        0.00          0.00
 890501  11     0     0          0.00        0.00        0.00          0.00
 890501  12     0     0          0.00        0.00        0.00          0.00
 890501  13     0     0          0.00        0.00        0.00          0.00
 890501  14     0     0          0.00        0.00        0.00          0.00
 890501  15     0     0          0.00        0.00        0.00          0.00
 890501  16     0     0          0.00        0.00        0.00          0.00
 890501  17     0     0          0.00        0.00        0.00          0.00
 890501  18     0     0          0.00        0.00        0.00          0.00
 890501  19     0     0          0.00        0.00        0.00          0.00
 890501  20     0     0          0.00        0.00        0.00          0.00
 890501  21     0     0          0.00        0.00        0.00          0.00
 890501  22     0     0          0.00        0.00        0.00          0.00
 890501  23     0     0          0.00        0.00        0.00          0.00
 890501  24     0     0          0.00        0.00        0.00          0.00
1
 
                   MAX
            TOTAL  SIM                MAXIMUM CPS                   CONNECT
 DATE  HOUR USERS USERS            IN         OUT       TOTAL         HOURS
 
 
 890502   1     0     0          0.00        0.00        0.00          0.00
 890502   2     0     0          0.00        0.00        0.00          0.00
 890502   3     0     0          0.00        0.00        0.00          0.00
 890502   4     0     0          0.00        0.00        0.00          0.00
 890502   5     0     0          0.00        0.00        0.00          0.00
 890502   6     0     0          0.00        0.00        0.00          0.00
 890502   7     0     0          0.00        0.00        0.00          0.00
 890502   8     0     0          0.00        0.00        0.00          0.00
 890502   9     0     0          0.00        0.00        0.00          0.00
 890502  10     0     0          0.00        0.00        0.00          0.00
 890502  11     0     0          0.00        0.00        0.00          0.00
 890502  12     0     0          0.00        0.00        0.00          0.00
 890502  13     0     0          0.00        0.00        0.00          0.00
 890502  14     0     0          0.00        0.00        0.00          0.00
 890502  15     0     0          0.00        0.00        0.00          0.00
 890502  16     0     0          0.00        0.00        0.00          0.00
 890502  17     0     0          0.00        0.00        0.00          0.00
 890502  18     0     0          0.00        0.00        0.00          0.00
 890502  19     0     0          0.00        0.00        0.00          0.00
 890502  20     0     0          0.00        0.00        0.00          0.00
 890502  21     0     0          0.00        0.00        0.00          0.00
 890502  22     0     0          0.00        0.00        0.00          0.00
 890502  23     0     0          0.00        0.00        0.00          0.00
 890502  24     0     0          0.00        0.00        0.00          0.00
1
 
                   MAX
            TOTAL  SIM                MAXIMUM CPS                   CONNECT
 DATE  HOUR USERS USERS            IN         OUT       TOTAL         HOURS
 
 
 890503   1     0     0          0.00        0.00        0.00          0.00
 890503   2     0     0          0.00        0.00        0.00          0.00
 890503   3     0     0          0.00        0.00        0.00          0.00
 890503   4     0     0          0.00        0.00        0.00          0.00
 890503   5     0     0          0.00        0.00        0.00          0.00
 890503   6     0     0          0.00        0.00        0.00          0.00
 890503   7     0     0          0.00        0.00        0.00          0.00
 890503   8     0     0          0.00        0.00        0.00          0.00
 890503   9     0     0          0.00        0.00        0.00          0.00
 890503  10     0     0          0.00        0.00        0.00          0.00
 890503  11     0     0          0.00        0.00        0.00          0.00
 890503  12     0     0          0.00        0.00        0.00          0.00
 890503  13     0     0          0.00        0.00        0.00          0.00
 890503  14     0     0          0.00        0.00        0.00          0.00
 890503  15     0     0          0.00        0.00        0.00          0.00
 890503  16     0     0          0.00        0.00        0.00          0.00
 890503  17     0     0          0.00        0.00        0.00          0.00
 890503  18     0     0          0.00        0.00        0.00          0.00
 890503  19     0     0          0.00        0.00        0.00          0.00
 890503  20     0     0          0.00        0.00        0.00          0.00
 890503  21     0     0          0.00        0.00        0.00          0.00
 890503  22     0     0          0.00        0.00        0.00          0.00
 890503  23     0     0          0.00        0.00        0.00          0.00
 890503  24     0     0          0.00        0.00        0.00          0.00
1
 
                   MAX
            TOTAL  SIM                MAXIMUM CPS                   CONNECT
 DATE  HOUR USERS USERS            IN         OUT       TOTAL         HOURS
 
 
 890504   1     0     0          0.00        0.00        0.00          0.00
 890504   2     0     0          0.00        0.00        0.00          0.00
 890504   3     0     0          0.00        0.00        0.00          0.00
 890504   4     0     0          0.00        0.00        0.00          0.00
 890504   5     0     0          0.00        0.00        0.00          0.00
 890504   6     0     0          0.00        0.00        0.00          0.00
 890504   7     0     0          0.00        0.00        0.00          0.00
 890504   8     0     0          0.00        0.00        0.00          0.00
 890504   9     0     0          0.00        0.00        0.00          0.00
 890504  10     0     0          0.00        0.00        0.00          0.00
 890504  11     0     0          0.00        0.00        0.00          0.00
 890504  12     0     0          0.00        0.00        0.00          0.00
 890504  13     0     0          0.00        0.00        0.00          0.00
 890504  14     0     0          0.00        0.00        0.00          0.00
 890504  15     0     0          0.00        0.00        0.00          0.00
 890504  16     0     0          0.00        0.00        0.00          0.00
 890504  17     0     0          0.00        0.00        0.00          0.00
 890504  18     0     0          0.00        0.00        0.00          0.00
 890504  19     0     0          0.00        0.00        0.00          0.00
 890504  20     0     0          0.00        0.00        0.00          0.00
 890504  21     0     0          0.00        0.00        0.00          0.00
 890504  22     0     0          0.00        0.00        0.00          0.00
 890504  23     0     0          0.00        0.00        0.00          0.00
 890504  24     0     0          0.00        0.00        0.00          0.00
1
 
                   MAX
            TOTAL  SIM                MAXIMUM CPS                   CONNECT
 DATE  HOUR USERS USERS            IN         OUT       TOTAL         HOURS
 
 
 890505   1     0     0          0.00        0.00        0.00          0.00
 890505   2     0     0          0.00        0.00        0.00          0.00
 890505   3     0     0          0.00        0.00        0.00          0.00
 890505   4     0     0          0.00        0.00        0.00          0.00
 890505   5     0     0          0.00        0.00        0.00          0.00
 890505   6     0     0          0.00        0.00        0.00          0.00
 890505   7     0     0          0.00        0.00        0.00          0.00
 890505   8     0     0          0.00        0.00        0.00          0.00
 890505   9     0     0          0.00        0.00        0.00          0.00
 890505  10     0     0          0.00        0.00        0.00          0.00
 890505  11     0     0          0.00        0.00        0.00          0.00
 890505  12     0     0          0.00        0.00        0.00          0.00
 890505  13     0     0          0.00        0.00        0.00          0.00
 890505  14     0     0          0.00        0.00        0.00          0.00
 890505  15     0     0          0.00        0.00        0.00          0.00
 890505  16     0     0          0.00        0.00        0.00          0.00
 890505  17     0     0          0.00        0.00        0.00          0.00
 890505  18     0     0          0.00        0.00        0.00          0.00
 890505  19     0     0          0.00        0.00        0.00          0.00
 890505  20     0     0          0.00        0.00        0.00          0.00
 890505  21     0     0          0.00        0.00        0.00          0.00
 890505  22     0     0          0.00        0.00        0.00          0.00
 890505  23     0     0          0.00        0.00        0.00          0.00
 890505  24     0     0          0.00        0.00        0.00          0.00
1
 
                   MAX
            TOTAL  SIM                MAXIMUM CPS                   CONNECT
 DATE  HOUR USERS USERS            IN         OUT       TOTAL         HOURS
 
 
 890506   1     0     0          0.00        0.00        0.00          0.00
 890506   2     0     0          0.00        0.00        0.00          0.00
 890506   3     0     0          0.00        0.00        0.00          0.00
 890506   4     0     0          0.00        0.00        0.00          0.00
 890506   5     0     0          0.00        0.00        0.00          0.00
 890506   6     0     0          0.00        0.00        0.00          0.00
 890506   7     0     0          0.00        0.00        0.00          0.00
 890506   8     0     0          0.00        0.00        0.00          0.00
 890506   9     0     0          0.00        0.00        0.00          0.00
 890506  10     0     0          0.00        0.00        0.00          0.00
 890506  11     0     0          0.00        0.00        0.00          0.00
 890506  12     0     0          0.00        0.00        0.00          0.00
 890506  13     0     0          0.00        0.00        0.00          0.00
 890506  14     0     0          0.00        0.00        0.00          0.00
 890506  15     0     0          0.00        0.00        0.00          0.00
 890506  16     0     0          0.00        0.00        0.00          0.00
 890506  17     0     0          0.00        0.00        0.00          0.00
 890506  18     0     0          0.00        0.00        0.00          0.00
 890506  19     0     0          0.00        0.00        0.00          0.00
 890506  20     0     0          0.00        0.00        0.00          0.00
 890506  21     0     0          0.00        0.00        0.00          0.00
 890506  22     0     0          0.00        0.00        0.00          0.00
 890506  23     0     0          0.00        0.00        0.00          0.00
 890506  24     0     0          0.00        0.00        0.00          0.00
1
 
                   MAX
            TOTAL  SIM                MAXIMUM CPS                   CONNECT
 DATE  HOUR USERS USERS            IN         OUT       TOTAL         HOURS
 
 
 890507   1     0     0          0.00        0.00        0.00          0.00
 890507   2     0     0          0.00        0.00        0.00          0.00
 890507   3     0     0          0.00        0.00        0.00          0.00
 890507   4     0     0          0.00        0.00        0.00          0.00
 890507   5     0     0          0.00        0.00        0.00          0.00
 890507   6     0     0          0.00        0.00        0.00          0.00
 890507   7     0     0          0.00        0.00        0.00          0.00
 890507   8     0     0          0.00        0.00        0.00          0.00
 890507   9     0     0          0.00        0.00        0.00          0.00
 890507  10     0     0          0.00        0.00        0.00          0.00
 890507  11     0     0          0.00        0.00        0.00          0.00
 890507  12     0     0          0.00        0.00        0.00          0.00
 890507  13     0     0          0.00        0.00        0.00          0.00
 890507  14     0     0          0.00        0.00        0.00          0.00
 890507  15     0     0          0.00        0.00        0.00          0.00
 890507  16     0     0          0.00        0.00        0.00          0.00
 890507  17     0     0          0.00        0.00        0.00          0.00
 890507  18     0     0          0.00        0.00        0.00          0.00
 890507  19     0     0          0.00        0.00        0.00          0.00
 890507  20     0     0          0.00        0.00        0.00          0.00
 890507  21     0     0          0.00        0.00        0.00          0.00
 890507  22     0     0          0.00        0.00        0.00          0.00
 890507  23     0     0          0.00        0.00        0.00          0.00
 890507  24     0     0          0.00        0.00        0.00          0.00
1     MAXIMUM OF MAXIMUM SIMULTANEOUS USERS
 
 
                   MAX
            TOTAL  SIM                MAXIMUM CPS                   CONNECT
 DATE  HOUR USERS USERS            IN         OUT       TOTAL         HOURS
 
      0   0     0     0          0.00        0.00        0.00          0.00
 
 
     MAXIMUM OF CONNECT HOURS
 
 
                   MAX
            TOTAL  SIM                MAXIMUM CPS                   CONNECT
 DATE  HOUR USERS USERS            IN         OUT       TOTAL         HOURS
 
      0   0     0     0          0.00        0.00        0.00          0.00
1
 