1
 
                   MAX
            TOTAL  SIM                MAXIMUM CPS                   CONNECT
 DATE  HOUR USERS USERS            IN         OUT       TOTAL         HOURS
 
 
 941003   1     2     1         22.38       44.23       66.62          0.22
 941003   2     2     1         20.65       36.20       56.85          0.25
 941003   3     1     1          0.97       25.62       26.58          0.12
 941003   4     0     0          0.00        0.00        0.00          0.00
 941003   5     2     1         28.85       64.17       78.87          0.30
 941003   6     0     0          0.00        0.00        0.00          0.00
 941003   7     0     0          0.00        0.00        0.00          0.00
 941003   8     0     0          0.00        0.00        0.00          0.00
 941003   9     1     1          3.18       84.88       88.07          0.03
 941003  10     4     1         48.72      100.23      148.95          0.32
 941003  11     3     2         17.22      113.33      130.55          0.20
 941003  12     3     1          8.80       84.78       88.00          0.32
 941003  13    25     9         61.15      494.67      555.82          2.23
 941003  14    51     8         48.42      422.93      448.90          4.75
 941003  15    51    11         84.53      526.23      591.83          5.03
 941003  16    97    17        122.68      868.02      990.70         10.72
 941003  17    68    13         93.20      527.77      620.97          6.42
 941003  18    79    13        135.70      498.58      592.22          7.92
 941003  19    98    13         96.92      711.75      764.20          9.73
 941003  20   102    17         88.47      634.57      702.53         10.05
 941003  21   122    18        157.43      810.60      959.03         11.22
 941003  22    85    15        127.07      538.02      644.98         10.78
 941003  23    61    12         82.75      445.43      528.18          7.57
 941003  24    36     7         65.92      296.48      327.30          4.20
1
 
                   MAX
            TOTAL  SIM                MAXIMUM CPS                   CONNECT
 DATE  HOUR USERS USERS            IN         OUT       TOTAL         HOURS
 
 
 941004   1    12     5         25.98      146.95      172.93          1.58
 941004   2    10     2         11.82      122.15      131.62          0.75
 941004   3     5     2         23.07       84.88      100.07          0.47
 941004   4     4     3         41.05      147.50      188.55          1.07
 941004   5     5     3         41.32      154.63      195.95          1.70
 941004   6     2     1         26.50       58.35       84.85          0.23
 941004   7     2     1         39.07       45.37       84.43          0.07
 941004   8     0     0          0.00        0.00        0.00          0.00
 941004   9     0     0          0.00        0.00        0.00          0.00
 941004  10     5     1         14.52       84.88       88.07          0.37
 941004  11     2     2          2.75       42.00       44.75          0.12
 941004  12     5     3         14.97       89.07      104.03          0.35
 941004  13    27     8         54.42      379.80      434.22          2.32
 941004  14    50    11         91.78      381.57      440.25          6.30
 941004  15    51    10         69.18      390.25      456.28          4.07
 941004  16    75    15         99.97      596.17      673.47          7.58
 941004  17    78    13         97.58      580.55      649.22          8.87
 941004  18    87    13         88.78      704.47      793.25          8.45
 941004  19    83    14         55.93      637.68      688.22          8.37
 941004  20   100    17        115.47      690.32      750.78         10.52
 941004  21   102    17        159.20      726.50      864.53         10.88
 941004  22    87    16        148.78      531.18      651.87         10.33
 941004  23    48    10         75.35      415.52      479.52          5.40
 941004  24    24     7         76.32      259.57      294.18          2.65
1
 
                   MAX
            TOTAL  SIM                MAXIMUM CPS                   CONNECT
 DATE  HOUR USERS USERS            IN         OUT       TOTAL         HOURS
 
 
 941005   1     3     3         27.98      128.75      156.73          0.47
 941005   2     6     3         62.32      140.60      202.92          0.97
 941005   3     6     2         12.48      115.52      128.00          0.45
 941005   4     5     2         16.37      105.73      108.50          0.48
 941005   5     4     2         29.58      128.70      132.52          0.73
 941005   6     0     0          0.00        0.00        0.00          0.00
 941005   7     5     2         39.02       62.53       84.38          0.25
 941005   8     0     0          0.00        0.00        0.00          0.00
 941005   9     8     2         33.02      119.67      123.43          0.52
 941005  10     2     2         15.52       76.83       92.35          0.32
 941005  11     0     0          0.00        0.00        0.00          0.00
 941005  12     4     2         18.27      100.30      103.93          0.23
 941005  13     9     4         28.88      244.88      273.77          1.20
 941005  14    48    10         90.12      520.42      573.32          4.28
 941005  15    61    12         87.23      436.77      514.60          6.30
 941005  16    78    12        124.32      601.30      722.78          7.98
 941005  17    62    12        102.18      538.75      613.70          6.62
 941005  18    69    10        112.77      555.18      667.95          6.20
 941005  19    97    15         84.82      635.25      720.07          9.22
 941005  20    88    14        110.25      540.08      642.45          9.97
 941005  21    95    15        104.30      590.42      686.50          9.83
 941005  22    90    15        109.77      534.90      629.17          9.28
 941005  23    61    11         83.32      363.68      428.00          6.40
 941005  24    32     8         78.43      340.47      394.85          3.78
1
 
                   MAX
            TOTAL  SIM                MAXIMUM CPS                   CONNECT
 DATE  HOUR USERS USERS            IN         OUT       TOTAL         HOURS
 
 
 941006   1    10     3         29.57      156.85      175.08          1.53
 941006   2     5     3         43.63      141.03      184.67          0.85
 941006   3     6     2         32.53      132.35      137.47          0.37
 941006   4     7     3         29.58      160.20      187.25          1.67
 941006   5     4     2         39.87      139.95      164.05          1.27
 941006   6     0     0          0.00        0.00        0.00          0.00
 941006   7     0     0          0.00        0.00        0.00          0.00
 941006   8     0     0          0.00        0.00        0.00          0.00
 941006   9     2     1         19.50       40.53       42.18          0.10
 941006  10     2     1         13.55       46.17       59.72          0.42
 941006  11     0     0          0.00        0.00        0.00          0.00
 941006  12     5     2         42.52      123.67      130.25          0.50
 941006  13    21     4         45.73      203.08      215.50          1.73
 941006  14    49    12        137.75      495.43      633.18          5.05
 941006  15    62     9         48.28      410.73      451.10          6.00
 941006  16    82    13         97.65      490.28      538.32          8.38
 941006  17    82    13        106.23      550.23      656.47          8.37
 941006  18    61    10         59.33      464.80      524.13          5.18
 941006  19    86    15         90.67      579.25      669.92          7.60
 941006  20    79    13        124.50      520.20      606.22          8.27
 941006  21    93    14         75.52      627.88      700.55          8.80
 941006  22    66    17         95.18      686.45      776.60          7.83
 941006  23    49    12        149.28      498.78      647.82          5.58
 941006  24    10     7         22.48      257.90      280.38          1.27
1
 
                   MAX
            TOTAL  SIM                MAXIMUM CPS                   CONNECT
 DATE  HOUR USERS USERS            IN         OUT       TOTAL         HOURS
 
 
 941007   1     9     3         39.07      164.52      203.58          1.20
 941007   2     9     4         28.67      148.00      165.50          1.02
 941007   3     4     1          3.83       85.55       89.38          0.22
 941007   4     5     2         25.47      132.63      146.38          0.42
 941007   5     2     2         16.70       67.57       84.27          0.38
 941007   6     0     0          0.00        0.00        0.00          0.00
 941007   7     1     1          1.58       37.62       39.20          0.03
 941007   8     3     1         39.03       45.37       84.40          0.17
 941007   9     1     1          7.58       17.90       25.48          0.07
 941007  10     4     2         47.42       87.70      135.12          0.87
 941007  11     1     1          3.07       79.38       82.45          0.07
 941007  12     2     1         10.17       37.78       47.95          0.28
 941007  13    17     3         21.82       92.35      106.82          1.42
 941007  14    41     7         56.05      368.73      402.27          4.13
 941007  15    55    10         64.48      411.23      475.72          4.98
 941007  16    64    12         46.42      536.18      556.42          6.53
 941007  17    56    11         78.05      539.62      602.97          4.82
 941007  18    64    11         75.58      664.40      739.98          5.87
 941007  19    74    11         83.30      575.45      630.67          6.42
 941007  20    94    18        121.32      718.38      809.62          8.75
 941007  21    68    13        122.88      562.02      684.90          8.40
 941007  22    77    11         88.75      404.30      475.78          7.42
 941007  23    40     7         70.63      336.67      407.27          4.22
 941007  24    22     5         63.95      211.52      275.47          2.25
1     MAXIMUM OF MAXIMUM SIMULTANEOUS USERS
 
 
                   MAX
            TOTAL  SIM                MAXIMUM CPS                   CONNECT
 DATE  HOUR USERS USERS            IN         OUT       TOTAL         HOURS
 
 941003  21   122    18        157.43      810.60      959.03         11.22
 
 
     MAXIMUM OF CONNECT HOURS
 
 
                   MAX
            TOTAL  SIM                MAXIMUM CPS                   CONNECT
 DATE  HOUR USERS USERS            IN         OUT       TOTAL         HOURS
 
 941003  21   122    18        157.43      810.60      959.03         11.22
1
  