1
 
                   MAX
            TOTAL  SIM                MAXIMUM CPS                   CONNECT
 DATE  HOUR USERS USERS            IN         OUT       TOTAL         HOURS
 
 
 941010   1     1     1          5.95       20.72       26.67          1.00
 941010   2    14     4        215.62      643.07      858.68          1.62
 941010   3    11     4         41.53      494.35      515.35          2.33
 941010   4    10     4        169.82      921.98      992.72          2.03
 941010   5     9     3        192.63      650.30      820.47          2.37
 941010   6     2     2        160.98      447.38      608.37          1.98
 941010   7     4     3        191.63       90.27      281.90          1.78
 941010   8     3     2        181.08       64.08      245.17          1.23
 941010   9     3     3        162.93       69.42      232.35          1.22
 941010  10     7     4        181.27      116.02      297.28          1.83
 941010  11    10     3        168.57      112.72      271.08          1.30
 941010  12    19     5         84.57      184.68      199.47          1.85
 941010  13    79    14        218.98      924.05      973.40          8.65
 941010  14   188    22        267.32     1147.92     1238.85         16.67
 941010  15   238    27        163.27     1196.13     1299.18         21.13
 941010  16   187    25        389.68     1489.72     1794.00         18.32
 941010  17   154    25        284.90     1238.47     1294.67         19.52
 941010  18   152    25        397.08      935.97     1027.35         15.50
 941010  19   122    26        367.92     1101.57     1168.68         17.95
 941010  20   152    23        290.53      882.15      919.03         16.22
 941010  21   139    26        340.80      770.10      991.95         19.30
 941010  22    88    16        135.17      468.72      593.32         11.18
 941010  23    46    10        216.85      430.07      563.93          5.98
 941010  24    37     7        222.75      491.27      677.60          2.80
1
 
                   MAX
            TOTAL  SIM                MAXIMUM CPS                   CONNECT
 DATE  HOUR USERS USERS            IN         OUT       TOTAL         HOURS
 
 
 941011   1    15     5        123.52      427.03      456.27          1.90
 941011   2     6     3        110.78      157.30      261.68          2.35
 941011   3     7     3         25.83      314.65      322.25          1.90
 941011   4     3     2         31.67     1049.85     1081.52          1.27
 941011   5     3     2        178.25      145.52      323.77          1.13
 941011   6     4     3        700.13      305.43      864.65          1.33
 941011   7     2     2        141.68      146.40      288.08          1.05
 941011   8     4     3         60.52      244.38      256.37          1.32
 941011   9     3     2          3.47      466.80      470.27          1.62
 941011  10     5     3          5.75      250.27      256.02          1.53
 941011  11     7     3         11.45      332.83      343.05          1.38
 941011  12    19     6        177.82     1113.07     1158.53          2.17
 941011  13    98    19        276.73     1901.52     2108.58         11.13
 941011  14   129    22        238.07     1507.62     1609.83         14.78
 941011  15   184    28        204.33     1522.52     1725.72         20.32
 941011  16   185    34        219.18     1519.55     1680.88         27.12
 941011  17   153    30        176.90     1245.98     1422.88         21.62
 941011  18   133    24        167.05     1080.80     1175.12         17.63
 941011  19   153    24        258.12      830.75      991.92         19.05
 941011  20   133    24        312.98     1491.47     1598.98         18.30
 941011  21   155    34        299.00     1613.67     1838.62         20.43
 941011  22   107    18        244.48     1362.58     1427.27         13.22
 941011  23    45    14        127.97      572.68      672.43          6.00
 941011  24    22     7        215.07      248.08      386.58          2.73
1
 
                   MAX
            TOTAL  SIM                MAXIMUM CPS                   CONNECT
 DATE  HOUR USERS USERS            IN         OUT       TOTAL         HOURS
 
 
 941012   1    21     6        192.32      360.70      528.03          3.00
 941012   2     5     2        158.60      244.82      384.32          1.48
 941012   3     2     2          3.80      238.63      242.43          1.08
 941012   4     7     4         51.93      866.37      918.30          2.02
 941012   5     5     3         21.97      417.48      439.45          1.93
 941012   6     6     2        161.35      408.75      422.27          1.37
 941012   7     3     2        161.35      255.13      389.60          1.45
 941012   8     3     2          9.22      279.97      289.18          1.12
 941012   9     1     1          2.07      220.70      222.77          1.00
 941012  10     4     3         67.35      259.63      323.27          1.23
 941012  11     7     2          9.48      280.20      289.68          1.40
 941012  12    21     6         53.08     1145.95     1153.33          2.63
 941012  13    84    22        115.48     1883.32     1949.35         11.48
 941012  14   183    25        318.02     2017.97     2158.92         20.43
 941012  15   135    27        633.08     1600.20     1816.98         20.70
 941012  16   185    36        412.02     1148.10     1386.70         24.50
 941012  17   146    24        235.08     1024.72     1067.12         15.88
 941012  18    97    19        282.87     1177.38     1220.27         14.72
 941012  19   149    27        267.00      636.37      726.20         19.72
 941012  20   148    25        215.53     1250.58     1321.88         17.82
 941012  21   135    23        764.30     1110.32     1204.72         16.65
 941012  22   103    20        746.10      697.35     1180.17         11.17
 941012  23    37    11        242.03      629.07      753.62          5.55
 941012  24    31     6         27.42      286.85      314.27          3.33
1
 
                   MAX
            TOTAL  SIM                MAXIMUM CPS                   CONNECT
 DATE  HOUR USERS USERS            IN         OUT       TOTAL         HOURS
 
 
 941013   1    16     5         43.60      849.77      888.75          1.37
 941013   2    10     4        274.03      480.78      653.37          2.18
 941013   3     9     4        152.13      543.48      595.83          1.70
 941013   4     6     3        116.52      646.82      664.87          2.00
 941013   5     7     3        171.45      427.67      440.03          1.38
 941013   6     3     2        110.05      196.95      289.63          1.20
 941013   7     1     1          1.82      172.82      174.63          0.42
 941013   8     2     2         13.13      148.18      161.32          0.35
 941013   9     1     1          1.73       18.85       20.58          0.22
 941013  10     3     2          8.75      161.60      170.35          0.37
 941013  11     8     3         17.83      253.87      271.70          0.78
 941013  12    16     4          9.63      125.83      130.43          0.98
 941013  13    83    12        153.20      918.97     1007.02          7.43
 941013  14   119    23        887.30      786.67     1415.88         16.18
 941013  15   164    32        689.15     2240.42     2840.07         23.55
 941013  16   187    32        837.93     1763.58     2499.87         25.97
 941013  17   136    29        313.38     1658.53     1916.68         20.85
 941013  18   121    26        191.32     1690.98     1753.08         16.68
 941013  19   137    25        887.03     1590.97     2342.20         19.80
 941013  20   144    31        829.87     1415.22     2220.47         20.77
 941013  21   168    25        345.07     1634.90     1894.53         20.03
 941013  22    98    20        423.13      978.10     1078.03         11.32
 941013  23    54    11        214.85      294.35      461.62          7.08
 941013  24    34     8        194.98      573.10      602.82          4.10
1
 
                   MAX
            TOTAL  SIM                MAXIMUM CPS                   CONNECT
 DATE  HOUR USERS USERS            IN         OUT       TOTAL         HOURS
 
 
 941014   1    14     4        203.87      295.83      354.60          1.58
 941014   2     9     4        147.43      873.52      904.20          2.10
 941014   3     7     3         37.97      211.82      227.30          1.70
 941014   4    11     3         65.93      301.33      313.28          1.63
 941014   5     3     2         62.47      112.85      175.32          1.08
 941014   6     1     1          1.15       28.82       29.97          1.00
 941014   7     2     2         44.67       34.35       79.02          1.03
 941014   8     6     3         78.53      151.17      163.33          1.52
 941014   9     4     4          4.80      141.38      146.18          1.27
 941014  10     3     2          8.55       81.08       89.63          1.15
 941014  11     7     3         14.70      217.02      231.72          1.65
 941014  12    16     4         59.42      196.28      212.02          1.77
 941014  13    71    13        120.88      558.07      592.80          7.15
 941014  14   108    22        415.07     1033.45     1218.80         14.32
 941014  15   117    26        390.90     1035.87     1235.53         17.43
 941014  16   135    27        303.35      711.67      919.58         20.92
 941014  17   108    23        238.80     1318.97     1437.30         15.03
 941014  18   134    28        481.02     1326.18     1394.15         18.72
 941014  19   138    29        342.02     1757.93     1831.95         19.02
 941014  20   138    29        378.23     1635.28     1862.87         19.73
 941014  21   122    27        491.35     2544.63     2873.13         13.45
 941014  22    64    12        395.25      501.67      734.15          8.10
 941014  23    33     8         43.93      227.17      271.10          4.95
 941014  24    31     6        182.75      396.68      462.52          3.35
1     MAXIMUM OF MAXIMUM SIMULTANEOUS USERS
 
 
                   MAX
            TOTAL  SIM                MAXIMUM CPS                   CONNECT
 DATE  HOUR USERS USERS            IN         OUT       TOTAL         HOURS
 
 941012  16   185    36        412.02     1148.10     1386.70         24.50
 
 
     MAXIMUM OF CONNECT HOURS
 
 
                   MAX
            TOTAL  SIM                MAXIMUM CPS                   CONNECT
 DATE  HOUR USERS USERS            IN         OUT       TOTAL         HOURS
 
 941011  16   185    34        219.18     1519.55     1680.88         27.12
1
  