1
 
                   MAX
            TOTAL  SIM                MAXIMUM CPS                   CONNECT
 DATE  HOUR USERS USERS            IN         OUT       TOTAL         HOURS
 
 
 941003   1     5     2         89.27      110.20      199.47          0.80
 941003   2    11     4        129.18      127.95      247.83          1.63
 941003   3     8     2        134.43       66.37      142.37          1.33
 941003   4    11     3        126.55      237.60      255.20          1.13
 941003   5     0     0          0.00        0.00        0.00          0.00
 941003   6     4     1        149.00      149.28      158.65          0.33
 941003   7     4     2         90.78      115.52      174.30          0.77
 941003   8     7     3         10.02      138.23      147.98          0.87
 941003   9    10     3         35.67      160.48      174.97          1.92
 941003  10     7     2        110.28       80.00      161.72          1.20
 941003  11     5     2          5.12       54.35       59.47          0.25
 941003  12    21     6         91.33      797.33      837.95          2.27
 941003  13   123    21        304.38     1371.93     1474.97         11.78
 941003  14   191    29        296.05     1232.82     1263.55         22.73
 941003  15   214    44        292.07     2683.92     2919.35         31.10
 941003  16   194    40        335.07     1196.13     1350.33         32.58
 941003  17   168    36        229.12     1104.05     1163.57         24.28
 941003  18   160    26        478.87     1115.57     1394.90         21.45
 941003  19   153    29        241.83      974.83     1020.22         21.72
 941003  20   188    35        185.33     1452.40     1568.58         28.63
 941003  21   175    37        571.20      928.12     1311.42         22.07
 941003  22    95    23        156.37     1152.15     1196.80         16.15
 941003  23    44    12        129.85      339.38      359.87          6.97
 941003  24    24     7         71.68      373.67      391.65          3.08
1
 
                   MAX
            TOTAL  SIM                MAXIMUM CPS                   CONNECT
 DATE  HOUR USERS USERS            IN         OUT       TOTAL         HOURS
 
 
 941004   1    25     5        213.10      743.87      956.97          2.58
 941004   2     8     5         18.57      240.95      259.52          2.17
 941004   3     6     3        107.33      218.38      247.63          0.72
 941004   4     8     3        230.32      308.27      445.80          1.08
 941004   5     1     1          1.92        2.38        4.30          0.02
 941004   6     5     2        140.10      816.42      843.75          0.62
 941004   7     3     2         27.33      816.42      843.75          0.08
 941004   8     2     2         20.68      290.58      311.27          0.47
 941004   9     3     3         12.45      156.32      168.77          0.62
 941004  10     5     2        187.00      168.30      203.45          0.40
 941004  11     7     2         13.75      190.73      204.48          0.52
 941004  12    15     4         45.13      583.92      621.25          1.52
 941004  13   109    22         83.95      969.72     1017.87         13.17
 941004  14   146    28        282.80     1084.68     1213.00         19.30
 941004  15   163    32        325.92     1339.93     1451.93         26.15
 941004  16   185    35        334.95     1347.15     1442.02         26.17
 941004  17   131    30        163.02     1182.22     1297.70         24.43
 941004  18   127    28        297.38     1290.58     1488.45         21.10
 941004  19   170    30        168.75      941.42     1044.82         22.95
 941004  20   138    31        386.37     1245.70     1342.68         23.68
 941004  21   166    34        441.40      917.72     1193.88         20.68
 941004  22   100    17        199.37      815.88      849.60         12.80
 941004  23    62    14        178.48     1007.07     1044.90          7.75
 941004  24    28     5        193.63      278.10      310.20          2.17
1
 
                   MAX
            TOTAL  SIM                MAXIMUM CPS                   CONNECT
 DATE  HOUR USERS USERS            IN         OUT       TOTAL         HOURS
 
 
 941005   1     7     2        210.93      245.53      290.92          0.43
 941005   2     3     1         41.00       54.35       54.70          0.50
 941005   3    10     2         59.08      189.72      200.48          0.50
 941005   4     3     3        224.32      137.05      361.37          0.53
 941005   5     6     3        189.30      186.35      375.65          0.35
 941005   6     3     1          0.72       10.20       10.35          0.10
 941005   7     3     2        114.97       17.77      132.73          0.98
 941005   8     2     2         10.82      113.85      124.67          0.27
 941005   9     3     2          3.48       36.28       39.43          0.23
 941005  10     3     1          6.02       70.30       75.12          0.30
 941005  11    10     4          6.68      150.62      157.30          1.05
 941005  12    20     6         23.02      503.88      526.90          1.80
 941005  13   102    25        190.55      947.25     1000.28         12.43
 941005  14   119    24        300.22     1185.22     1274.87         18.17
 941005  15   167    24        481.72      868.97     1275.28         19.90
 941005  16   174    30        746.03      969.72     1556.25         21.75
 941005  17   129    26        392.15      911.32     1114.00         19.92
 941005  18   116    24        642.52      985.63     1112.52         18.08
 941005  19   152    27        239.83     1013.48     1074.33         18.65
 941005  20   141    28        351.85      765.92      931.78         20.43
 941005  21   159    26        278.27     1026.10     1301.43         18.87
 941005  22   103    16        412.45     1102.72     1184.53         11.38
 941005  23    40    13        438.02      499.93      785.77          9.00
 941005  24    50    13        652.62      690.22     1144.90          7.50
1
 
                   MAX
            TOTAL  SIM                MAXIMUM CPS                   CONNECT
 DATE  HOUR USERS USERS            IN         OUT       TOTAL         HOURS
 
 
 941006   1    12     4        677.20      152.73      829.93          1.62
 941006   2    12     3         34.45      796.33      830.78          1.02
 941006   3    11     4        181.43      176.73      323.30          2.53
 941006   4    10     4         28.95      188.77      217.72          1.62
 941006   5     6     2        111.63       23.77      130.82          0.20
 941006   6     2     1          5.12       18.52       23.63          0.37
 941006   7     4     1        157.62       13.57      161.55          0.55
 941006   8     4     2         15.98      213.67      229.65          0.53
 941006   9     7     3        124.73       62.73      132.93          0.48
 941006  10    11     4         21.23      276.22      297.45          1.37
 941006  11    17     3         67.18      149.73      158.33          1.95
 941006  12    27     6         51.33      254.25      305.58          2.98
 941006  13    78    19        252.08     1202.57     1295.23         11.70
 941006  14   160    30        127.57     1040.43     1129.20         19.88
 941006  15   143    27        326.13      682.35      853.62         20.97
 941006  16   162    38        293.80      917.27      964.65         25.22
 941006  17   151    31        327.68      977.58     1094.12         22.42
 941006  18   141    31        258.72      835.57     1006.87         22.65
 941006  19   148    29        446.07      875.87     1157.38         20.73
 941006  20   146    30        216.33     1175.38     1360.87         23.03
 941006  21   160    29        335.87     1779.03     2048.67         19.37
 941006  22    93    18        280.95     1720.38     1832.87         12.82
 941006  23    37    12        392.93     1230.12     1623.05          6.62
 941006  24     9     6          7.93      173.45      181.38          1.83
1
 
                   MAX
            TOTAL  SIM                MAXIMUM CPS                   CONNECT
 DATE  HOUR USERS USERS            IN         OUT       TOTAL         HOURS
 
 
 941007   1    22     4         12.38      245.52      257.90          1.53
 941007   2     7     4         36.15      205.03      241.18          1.73
 941007   3    12     3          9.48      196.50      200.37          2.03
 941007   4    11     3         15.00      249.73      264.73          1.13
 941007   5     3     2          3.12       35.35       38.47          1.05
 941007   6     3     2          3.27       35.35       38.62          1.08
 941007   7     5     3        200.70       40.17      240.87          1.38
 941007   8     4     3         11.85      142.77      154.62          1.32
 941007   9     5     2        289.43       76.20      332.77          1.15
 941007  10    13     4          8.90      109.25      118.15          2.07
 941007  11     9     3         10.83      119.40      130.23          1.50
 941007  12    25     8         48.62      566.88      609.97          2.88
 941007  13    86    15         68.90      615.17      651.95          8.27
 941007  14   134    25        185.67     1076.78     1245.65         16.07
 941007  15   175    29        299.58     1090.10     1221.35         23.13
 941007  16   168    33        361.58      980.17     1195.73         26.23
 941007  17   129    30        331.00     1226.43     1339.10         19.03
 941007  18   140    29        317.13     1997.50     2146.17         19.65
 941007  19   159    29        304.65     1606.22     1694.07         21.97
 941007  20   167    26        283.87     1740.62     1842.88         18.52
 941007  21   163    23        596.95      877.67     1224.28         16.57
 941007  22    98    18        166.93      919.98     1004.60         11.73
 941007  23    48    12        240.75      279.63      520.38          6.23
 941007  24    20     6        113.68      148.80      235.40          2.77
1     MAXIMUM OF MAXIMUM SIMULTANEOUS USERS
 
 
                   MAX
            TOTAL  SIM                MAXIMUM CPS                   CONNECT
 DATE  HOUR USERS USERS            IN         OUT       TOTAL         HOURS
 
 941003  15   214    44        292.07     2683.92     2919.35         31.10
 
 
     MAXIMUM OF CONNECT HOURS
 
 
                   MAX
            TOTAL  SIM                MAXIMUM CPS                   CONNECT
 DATE  HOUR USERS USERS            IN         OUT       TOTAL         HOURS
 
 941003  16   194    40        335.07     1196.13     1350.33         32.58
1
  