1
 
                   MAX
            TOTAL  SIM                MAXIMUM CPS                   CONNECT
 DATE  HOUR USERS USERS            IN         OUT       TOTAL         HOURS
 
 
 940926   1     0     0          0.00        0.00        0.00          0.00
 940926   2     5     1          0.00        0.00        0.00          0.08
 940926   3     4     1          0.00        0.00        0.00          0.07
 940926   4     1     1          0.00        0.00        0.00          0.02
 940926   5     1     1          0.00        0.00        0.00          0.02
 940926   6     4     1          0.00        0.00        0.00          0.07
 940926   7     6     1          0.00        0.00        0.00          0.10
 940926   8     4     1          0.00        0.00        0.00          0.07
 940926   9     5     1          0.00        0.00        0.00          0.08
 940926  10     4     1          0.00        0.00        0.00          0.07
 940926  11     4     1          0.00        0.00        0.00          0.07
 940926  12     3     1          0.00        0.00        0.00          0.05
 940926  13     4     1          0.00        0.00        0.00          0.07
 940926  14     4     1          0.00        0.00        0.00          0.07
 940926  15     6     1          0.00        0.00        0.00          0.10
 940926  16     3     1          0.00        0.00        0.00          0.05
 940926  17     3     1          0.00        0.00        0.00          0.05
 940926  18     3     1          0.00        0.00        0.00          0.05
 940926  19     6     1          0.00        0.00        0.00          0.10
 940926  20     3     1          0.00        0.00        0.00          0.05
 940926  21     4     1          0.00        0.00        0.00          0.07
 940926  22     6     1          0.00        0.00        0.00          0.12
 940926  23     4     1          0.00        0.00        0.00          0.07
 940926  24     0     0          0.00        0.00        0.00          0.00
1
 
                   MAX
            TOTAL  SIM                MAXIMUM CPS                   CONNECT
 DATE  HOUR USERS USERS            IN         OUT       TOTAL         HOURS
 
 
 940927   1     4     1          0.00        0.00        0.00          0.07
 940927   2     6     2          0.00        0.00        0.00          0.10
 940927   3     6     1          0.00        0.00        0.00          0.10
 940927   4     4     1          0.00        0.00        0.00          0.07
 940927   5     7     1          0.00        0.00        0.00          0.13
 940927   6     4     1          0.00        0.00        0.00          0.07
 940927   7     4     1          0.00        0.00        0.00          0.07
 940927   8     4     1          0.00        0.00        0.00          0.07
 940927   9     4     1          0.00        0.00        0.00          0.07
 940927  10     8     1          0.00        0.00        0.00          0.13
 940927  11     7     1          0.00        0.00        0.00          0.13
 940927  12     3     1          0.00        0.00        0.00          0.05
 940927  13     2     1          0.00        0.00        0.00          0.03
 940927  14     2     1          0.00        0.00        0.00          0.03
 940927  15     1     1          0.00        0.00        0.00          0.02
 940927  16     3     1          0.00        0.00        0.00          0.05
 940927  17     0     0          0.00        0.00        0.00          0.00
 940927  18     1     1          0.00        0.00        0.00          0.02
 940927  19     8     1          0.00        0.00        0.00          0.13
 940927  20     2     1          0.00        0.00        0.00          0.03
 940927  21     4     1          0.00        0.00        0.00          0.07
 940927  22     5     1          0.00        0.00        0.00          0.08
 940927  23     2     1          0.00        0.00        0.00          0.03
 940927  24     4     2          0.00        0.00        0.00          0.07
1
 
                   MAX
            TOTAL  SIM                MAXIMUM CPS                   CONNECT
 DATE  HOUR USERS USERS            IN         OUT       TOTAL         HOURS
 
 
 940928   1     0     0          0.00        0.00        0.00          0.00
 940928   2     0     0          0.00        0.00        0.00          0.00
 940928   3     0     0          0.00        0.00        0.00          0.00
 940928   4     0     0          0.00        0.00        0.00          0.00
 940928   5     0     0          0.00        0.00        0.00          0.00
 940928   6     0     0          0.00        0.00        0.00          0.00
 940928   7     0     0          0.00        0.00        0.00          0.00
 940928   8     0     0          0.00        0.00        0.00          0.00
 940928   9     0     0          0.00        0.00        0.00          0.00
 940928  10     0     0          0.00        0.00        0.00          0.00
 940928  11     0     0          0.00        0.00        0.00          0.00
 940928  12     0     0          0.00        0.00        0.00          0.00
 940928  13     0     0          0.00        0.00        0.00          0.00
 940928  14     0     0          0.00        0.00        0.00          0.00
 940928  15     0     0          0.00        0.00        0.00          0.00
 940928  16     0     0          0.00        0.00        0.00          0.00
 940928  17     0     0          0.00        0.00        0.00          0.00
 940928  18     0     0          0.00        0.00        0.00          0.00
 940928  19     0     0          0.00        0.00        0.00          0.00
 940928  20     0     0          0.00        0.00        0.00          0.00
 940928  21     0     0          0.00        0.00        0.00          0.00
 940928  22     0     0          0.00        0.00        0.00          0.00
 940928  23     0     0          0.00        0.00        0.00          0.00
 940928  24     0     0          0.00        0.00        0.00          0.00
1
 
                   MAX
            TOTAL  SIM                MAXIMUM CPS                   CONNECT
 DATE  HOUR USERS USERS            IN         OUT       TOTAL         HOURS
 
 
 940929   1     0     0          0.00        0.00        0.00          0.00
 940929   2     0     0          0.00        0.00        0.00          0.00
 940929   3     0     0          0.00        0.00        0.00          0.00
 940929   4     0     0          0.00        0.00        0.00          0.00
 940929   5     0     0          0.00        0.00        0.00          0.00
 940929   6     0     0          0.00        0.00        0.00          0.00
 940929   7     0     0          0.00        0.00        0.00          0.00
 940929   8     0     0          0.00        0.00        0.00          0.00
 940929   9     0     0          0.00        0.00        0.00          0.00
 940929  10     0     0          0.00        0.00        0.00          0.00
 940929  11     0     0          0.00        0.00        0.00          0.00
 940929  12     0     0          0.00        0.00        0.00          0.00
 940929  13     0     0          0.00        0.00        0.00          0.00
 940929  14     0     0          0.00        0.00        0.00          0.00
 940929  15     0     0          0.00        0.00        0.00          0.00
 940929  16     0     0          0.00        0.00        0.00          0.00
 940929  17     0     0          0.00        0.00        0.00          0.00
 940929  18     0     0          0.00        0.00        0.00          0.00
 940929  19     0     0          0.00        0.00        0.00          0.00
 940929  20     0     0          0.00        0.00        0.00          0.00
 940929  21     0     0          0.00        0.00        0.00          0.00
 940929  22     0     0          0.00        0.00        0.00          0.00
 940929  23     0     0          0.00        0.00        0.00          0.00
 940929  24     0     0          0.00        0.00        0.00          0.00
1
 
                   MAX
            TOTAL  SIM                MAXIMUM CPS                   CONNECT
 DATE  HOUR USERS USERS            IN         OUT       TOTAL         HOURS
 
 
 940930   1     0     0          0.00        0.00        0.00          0.00
 940930   2     0     0          0.00        0.00        0.00          0.00
 940930   3     0     0          0.00        0.00        0.00          0.00
 940930   4     0     0          0.00        0.00        0.00          0.00
 940930   5     0     0          0.00        0.00        0.00          0.00
 940930   6     0     0          0.00        0.00        0.00          0.00
 940930   7     0     0          0.00        0.00        0.00          0.00
 940930   8     0     0          0.00        0.00        0.00          0.00
 940930   9     0     0          0.00        0.00        0.00          0.00
 940930  10     0     0          0.00        0.00        0.00          0.00
 940930  11     0     0          0.00        0.00        0.00          0.00
 940930  12     0     0          0.00        0.00        0.00          0.00
 940930  13     0     0          0.00        0.00        0.00          0.00
 940930  14     0     0          0.00        0.00        0.00          0.00
 940930  15     0     0          0.00        0.00        0.00          0.00
 940930  16     0     0          0.00        0.00        0.00          0.00
 940930  17     0     0          0.00        0.00        0.00          0.00
 940930  18     0     0          0.00        0.00        0.00          0.00
 940930  19     0     0          0.00        0.00        0.00          0.00
 940930  20     0     0          0.00        0.00        0.00          0.00
 940930  21     0     0          0.00        0.00        0.00          0.00
 940930  22     0     0          0.00        0.00        0.00          0.00
 940930  23     0     0          0.00        0.00        0.00          0.00
 940930  24     0     0          0.00        0.00        0.00          0.00
1     MAXIMUM OF MAXIMUM SIMULTANEOUS USERS
 
 
                   MAX
            TOTAL  SIM                MAXIMUM CPS                   CONNECT
 DATE  HOUR USERS USERS            IN         OUT       TOTAL         HOURS
 
 940927   2     6     2          0.00        0.00        0.00          0.10
 
 
     MAXIMUM OF CONNECT HOURS
 
 
                   MAX
            TOTAL  SIM                MAXIMUM CPS                   CONNECT
 DATE  HOUR USERS USERS            IN         OUT       TOTAL         HOURS
 
 940927   5     7     1          0.00        0.00        0.00          0.13
1
  