7205  5667  900501 363   8 
7205  5667  900501 233   5 
2544  2080  900502 409   7 
2544  2080  900502 274   5 
2544  2080  900502 248   6 
2544  2080  900502 112   4 
2544  2080  900502 179   5 
2544  2080  900502 187   5 
2544  2080  900502 186   5 
2544  2080  900502 91    3 
2544  2080  900502 146   4 
2544  2080  900502 162   5 
2544  2080  900502 237   4 
2544  2080  900502 243   4 
2544  2080  900502 192   5 
3151  3020  900502 233   5 
3151  3020  900502 392   4 
3151  3020  900502 308   6 
3151  3020  900502 379   6 
3151  3020  900502 251   5 
10133 7990  900502 233   6 
10133 7990  900502 331   7 
10133 7990  900502 546   5 
10133 7990  900502 258   4 
4515  4805  900502 467   7 
4515  4805  900502 183   5 
4515  4805  900502 333   6 
4515  4805  900502 319   3 
4515  4805  900502 108   3 
4515  4805  900502 285   6 
4515  4805  900502 171   5 
4515  4805  900502 234   5 
4515  4805  900502 406   5 
4515  4805  900502 380   6 
4515  4805  900502 95    3 
5241  6635  900502 202   5 
5241  6635  900502 233   5 
5241  6635  900502 264   4 
5241  6635  900502 658   7 
5241  6635  900502 325   7 
5241  6635  900502 233   5 
5241  6635  900502 229   5 
5241  6635  900502 150   4 
4516  4806  900502 421   6 
4516  4806  900502 227   4 
4516  4806  900502 157   5 
4516  4806  900502 320   4 
6674  1339  900502 399   6 
6674  1339  900502 401   6 
4764  5285  900502 571   6 
4764  5285  900502 244   6 
4764  5285  900502 70    2 
4764  5285  900502 141   4 
4764  5285  900502 283   6 
4764  5285  900502 185   5 
4764  5285  900502 335   6 
4764  5285  900502 213   4 
4764  5285  900502 150   4 
4764  5285  900502 208   5 
4764  5285  900502 310   6 
4764  5285  900502 305   6 
4764  5285  900502 50    3 
4764  5285  900502 449   7 
4764  5285  900502 212   5 
4764  5285  900502 359   6 
4764  5285  900502 1632  4 
4764  5285  900502 318   6 
4764  5285  900502 277   4 
4666  5077  900502 563   6 
4666  5077  900502 342   7 
4666  5077  900502 270   4 
2414  1868  900502 230   5 
2414  1868  900502 1150  7 
2414  1868  900502 281   6 
2414  1868  900502 232   5 
11151 7076  900502 167   5 
11151 7076  900502 194   4 
11151 7076  900502 242   6 
7205  5667  900503 451   7 
7205  5667  900503 285   4 
7205  5667  900503 386   7 
7205  5667  900503 481   8 
7205  5667  900503 312   5 
7205  5667  900503 439   8 
7205  5667  900503 430   7 
7205  5667  900503 334   7 
7205  5667  900503 166   6 
7205  5667  900503 3026  7 
7205  5667  900503 176   6 
7205  5667  900503 272   6 
7205  5667  900503 203   5 
7205  5667  900503 406   6 
7205  5667  900503 470   7 
7205  5667  900503 1563  7 
7205  5667  900503 182   6 
7205  5667  900503 117   2 
7205  5667  900503 374   5 
7205  5667  900503 353   7 
3165  7124  900503 277   4 
3165  7124  900503 276   6 
3165  7124  900503 291   6 
3165  7124  900503 343   5 
3165  7124  900503 258   5 
3165  7124  900503 301   6 
3165  7124  900503 338   5 
3165  7124  900503 399   7 
3165  7124  900503 307   7 
3165  7124  900503 366   6 
2346  1542  900503 530   7 
2346  1542  900503 260   5 
2346  1542  900503 240   3 
2346  1542  900503 257   5 
2346  1542  900503 276   5 
2346  1542  900503 302   5 
2346  1542  900503 423   5 
2346  1542  900503 417   5 
2346  1542  900503 417   7 
2346  1542  900503 365   5 
2346  1542  900503 166   4 
2346  1542  900503 353   5 
2346  1542  900503 527   7 
2346  1542  900503 197   3 
2346  1542  900503 262   5 
2346  1542  900503 205   4 
2346  1542  900503 361   5 
2346  1542  900503 381   6 
2346  1542  900503 265   5 
2346  1542  900503 225   4 
7655  9623  900503 384   6 
7655  9623  900503 387   6 
7655  9623  900503 219   6 
7655  9623  900503 457   7 
7655  9623  900503 195   3 
7655  9623  900503 633   5 
7655  9623  900503 280   5 
7655  9623  900503 1577  6 
7655  9623  900503 288   3 
7655  9623  900503 359   4 
7655  9623  900503 187   4 
7655  9623  900503 232   5 
7655  9623  900503 315   5 
7655  9623  900503 503   6 
7655  9623  900503 406   5 
7655  9623  900503 302   4 
7655  9623  900503 92    3 
7655  9623  900503 279   3 
7655  9623  900503 296   6 
7655  9623  900503 223   6 
2354  1773  900503 769   5 
2354  1773  900503 223   6 
2354  1773  900503 297   7 
2354  1773  900503 1142  5 
2354  1773  900503 326   7 
2354  1773  900503 300   6 
2354  1773  900503 319   5 
2354  1773  900503 260   7 
2354  1773  900503 285   6 
2354  1773  900503 285   6 
2354  1773  900503 423   7 
2354  1773  900503 291   6 
2354  1773  900503 412   7 
2354  1773  900503 291   6 
2354  1773  900503 187   5 
2354  1773  900503 228   4 
2354  1773  900503 468   7 
2354  1773  900503 433   6 
2354  1773  900503 438   5 
2354  1773  900503 253   7 
2354  1773  900503 319   6 
2354  1773  900503 317   6 
2354  1773  900503 338   6 
2354  1773  900503 553   7 
2354  1773  900503 138   5 
2354  1773  900503 312   6 
2354  1773  900503 244   7 
2354  1773  900503 250   7 
2354  1773  900503 297   6 
7656  1029  900503 307   5 
7656  1029  900503 318   5 
7656  1029  900503 322   5 
7656  1029  900503 289   6 
7656  1029  900503 457   3 
7656  1029  900503 351   6 
7656  1029  900503 239   4 
7656  1029  900503 355   6 
7656  1029  900503 440   3 
7656  1029  900503 458   7 
7656  1029  900503 236   5 
7656  1029  900503 281   5 
7656  1029  900503 307   4 
7656  1029  900503 222   4 
7656  1029  900503 460   6 
7656  1029  900503 303   5 
7656  1029  900503 373   5 
7656  1029  900503 271   7 
2606  2176  900503 102   3 
2606  2176  900503 362   5 
2606  2176  900503 316   5 
2606  2176  900503 350   6 
2606  2176  900503 936   5 
2606  2176  900503 107   3 
2606  2176  900503 660   5 
2606  2176  900503 217   4 
2606  2176  900503 156   4 
2606  2176  900503 280   6 
2606  2176  900503 111   3 
2606  2176  900503 347   6 
2606  2176  900503 132   4 
2606  2176  900503 2819  4 
2606  2176  900503 298   5 
2606  2176  900503 165   3 
2606  2176  900503 334   5 
2606  2176  900503 431   6 
2606  2176  900503 312   6 
2606  2176  900503 240   4 
2606  2176  900503 187   5 
2606  2176  900503 276   4 
2606  2176  900503 192   5 
2606  2176  900503 123   3 
2606  2176  900503 544   6 
3035  9618  900503 335   6 
3035  9618  900503 290   6 
3035  9618  900503 314   5 
3035  9618  900503 340   6 
3035  9618  900503 309   5 
3035  9618  900503 287   6 
3035  9618  900503 294   6 
3035  9618  900503 304   6 
3035  9618  900503 421   6 
3035  9618  900503 181   6 
3035  9618  900503 314   6 
3035  9618  900503 246   5 
3035  9618  900503 381   7 
3035  9618  900503 106   5 
3035  9618  900503 392   6 
3035  9618  900503 247   6 
3035  9618  900503 346   5 
3035  9618  900503 1237  8 
3035  9618  900503 214   5 
4277  9335  900503 420   7 
4277  9335  900503 226   5 
4277  9335  900503 223   5 
4277  9335  900503 275   5 
4277  9335  900503 402   5 
3151  3020  900504 271   5 
3151  3020  900504 126   4 
3151  3020  900504 248   4 
3151  3020  900504 203   5 
3151  3020  900504 837   6 
3151  3020  900504 280   4 
3151  3020  900504 220   5 
3151  3020  900504 305   6 
3151  3020  900504 442   5 
3151  3020  900504 195   5 
10133 7990  900504 213   6 
10133 7990  900504 2422  4 
10133 7990  900504 233   4 
10133 7990  900504 402   6 
10133 7990  900504 618   5 
10133 7990  900504 245   6 
10133 7990  900504 242   6 
10133 7990  900504 312   5 
10133 7990  900504 382   6 
10133 7990  900504 167   4 
10133 7990  900504 1466  6 
10133 7990  900504 172   4 
10133 7990  900504 167   4 
10133 7990  900504 198   6 
10133 7990  900504 538   7 
10133 7990  900504 162   3 
10133 7990  900504 443   5 
4515  4805  900504 241   4 
4515  4805  900504 193   6 
4515  4805  900504 321   5 
4515  4805  900504 293   5 
4515  4805  900504 211   4 
4515  4805  900504 172   5 
4515  4805  900504 348   4 
4515  4805  900504 215   7 
4515  4805  900504 620   6 
4515  4805  900504 409   6 
4515  4805  900504 397   4 
4515  4805  900504 228   4 
4515  4805  900504 257   5 
4515  4805  900504 174   3 
4515  4805  900504 2183  3 
4515  4805  900504 151   5 
4515  4805  900504 165   3 
4515  4805  900504 137   4 
4515  4805  900504 277   4 
4515  4805  900504 156   3 
4515  4805  900504 276   5 
4515  4805  900504 235   4 
4515  4805  900504 281   5 
4515  4805  900504 299   6 
4515  4805  900504 2832  5 
4515  4805  900504 448   6 
4515  4805  900504 144   4 
4515  4805  900504 233   5 
4515  4805  900504 139   4 
4515  4805  900504 150   5 
4515  4805  900504 150   3 
4515  4805  900504 116   3 
4515  4805  900504 243   5 
4515  4805  900504 479   4 
4515  4805  900504 307   5 
4515  4805  900504 363   5 
4515  4805  900504 286   6 
4516  4806  900504 458   7 
4516  4806  900504 253   4 
4516  4806  900504 300   5 
4516  4806  900504 216   3 
4516  4806  900504 277   3 
4516  4806  900504 127   3 
4516  4806  900504 359   4 
4516  4806  900504 242   3 
4516  4806  900504 231   4 
4516  4806  900504 161   4 
4516  4806  900504 2897  4 
4516  4806  900504 167   5 
4516  4806  900504 144   3 
4516  4806  900504 233   5 
4516  4806  900504 521   6 
4516  4806  900504 295   4 
4516  4806  900504 111   3 
4516  4806  900504 182   3 
4516  4806  900504 259   6 
4516  4806  900504 189   3 
4516  4806  900504 169   5 
4516  4806  900504 135   4 
4516  4806  900504 284   4 
4516  4806  900504 164   5 
4516  4806  900504 121   3 
4516  4806  900504 154   4 
4516  4806  900504 182   5 
4516  4806  900504 326   5 
4516  4806  900504 363   3 
4516  4806  900504 230   4 
6674  1339  900504 434   7 
6674  1339  900504 333   6 
6674  1339  900504 208   5 
6674  1339  900504 332   5 
6674  1339  900504 87    3 
6674  1339  900504 223   6 
6674  1339  900504 199   5 
6674  1339  900504 306   6 
6674  1339  900504 346   5 
6674  1339  900504 231   4 
6674  1339  900504 215   6 
6674  1339  900504 191   5 
6674  1339  900504 396   9 
6674  1339  900504 335   5 
6674  1339  900504 204   6 
6674  1339  900504 325   6 
6674  1339  900504 128   4 
6674  1339  900504 321   6 
6674  1339  900504 336   5 
6674  1339  900504 666   6 
6674  1339  900504 189   6 
6674  1339  900504 404   5 
6674  1339  900504 379   5 
6674  1339  900504 234   6 
6674  1339  900504 262   6 
6674  1339  900504 332   6 
6674  1339  900504 236   5 
6674  1339  900504 1303  5 
6674  1339  900504 350   5 
7001  2631  900504 327   7 
7001  2631  900504 440   7 
7001  2631  900504 324   7 
7001  2631  900504 220   4 
7001  2631  900504 389   7 
7001  2631  900504 933   3 
7001  2631  900504 376   5 
7001  2631  900504 187   4 
7001  2631  900504 352   6 
7001  2631  900504 284   5 
7001  2631  900504 203   4 
7001  2631  900504 302   5 
7001  2631  900504 207   4 
7001  2631  900504 275   5 
7001  2631  900504 397   7 
7001  2631  900504 175   5 
7001  2631  900504 273   5 
7001  2631  900504 305   5 
7001  2631  900504 281   4 
7001  2631  900504 167   5 
7001  2631  900504 204   6 
7001  2631  900504 393   6 
7001  2631  900504 193   4 
7001  2631  900504 175   4 
7001  2631  900504 118   3 
7001  2631  900504 960   5 
7001  2631  900504 148   4 
7001  2631  900504 212   5 
7001  2631  900504 137   4 
7001  2631  900504 143   3 
7001  2631  900504 322   6 
7001  2631  900504 210   5 
7001  2631  900504 223   7 
7001  2631  900504 143   4 
7001  2631  900504 132   3 
7001  2631  900504 271   5 
7001  2631  900504 225   4 
7001  2631  900504 215   6 
7001  2631  900504 209   5 
7001  2631  900504 329   5 
7001  2631  900504 145   4 
7001  2631  900504 119   3 
7001  2631  900504 572   5 
7001  2631  900504 139   4 
4764  5285  900504 391   7 
4764  5285  900504 780   4 
4764  5285  900504 382   5 
4764  5285  900504 353   6 
4764  5285  900504 254   7 
4764  5285  900504 127   4 
4764  5285  900504 476   5 
4764  5285  900504 995   5 
4764  5285  900504 186   5 
4764  5285  900504 375   5 
4764  5285  900504 260   5 
4764  5285  900504 235   4 
4764  5285  900504 222   4 
4764  5285  900504 415   5 
4764  5285  900504 65    2 
4764  5285  900504 66    2 
4764  5285  900504 85    3 
4764  5285  900504 1452  6 
4764  5285  900504 313   6 
4764  5285  900504 335   7 
4764  5285  900504 183   4 
4764  5285  900504 277   7 
4764  5285  900504 371   5 
4764  5285  900504 65    2 
4666  5077  900504 338   7 
4666  5077  900504 836   7 
4666  5077  900504 315   5 
4666  5077  900504 222   4 
4666  5077  900504 348   6 
4666  5077  900504 356   7 
4666  5077  900504 395   7 
4666  5077  900504 377   6 
4666  5077  900504 325   6 
4666  5077  900504 317   6 
4666  5077  900504 394   6 
4666  5077  900504 371   6 
4666  5077  900504 209   5 
4666  5077  900504 277   5 
2414  1868  900504 258   6 
2414  1868  900504 430   7 
4530  4835  900504 236   5 
4530  4835  900504 318   5 
4530  4835  900504 272   6 
4530  4835  900504 421   6 
11151 7076  900504 263   5 
11151 7076  900504 141   4 
11151 7076  900504 303   6 
11151 7076  900504 282   6 
11151 7076  900504 209   5 
11151 7076  900504 378   6 
11151 7076  900504 214   5 
11151 7076  900504 183   5 
11151 7076  900504 189   5 
11151 7076  900504 236   3 
11151 7076  900504 210   4 
11151 7076  900504 356   6 
11151 7076  900504 310   5 
11151 7076  900504 256   5 
11151 7076  900504 155   4 
11151 7076  900504 166   5 
11151 7076  900504 264   5 
11151 7076  900504 215   6 
11151 7076  900504 278   5 
11151 7076  900504 282   4 
11151 7076  900504 311   5 
11150 7075  900504 320   6 
11150 7075  900504 308   6 
11150 7075  900504 274   5 
2544  2080  900507 242   4 
2544  2080  900507 151   4 
2544  2080  900507 368   6 
2544  2080  900507 223   5 
2544  2080  900507 269   4 
2544  2080  900507 137   4 
2544  2080  900507 229   4 
2544  2080  900507 249   6 
2544  2080  900507 389   5 
2544  2080  900507 216   3 
2544  2080  900507 200   5 
2544  2080  900507 230   4 
2544  2080  900507 158   4 
2544  2080  900507 353   5 
2544  2080  900507 372   6 
2544  2080  900507 193   5 
2544  2080  900507 200   5 
2544  2080  900507 231   5 
2544  2080  900507 225   6 
2544  2080  900507 285   8 
2544  2080  900507 237   5 
2544  2080  900507 262   6 
2544  2080  900507 401   6 
2544  2080  900507 182   4 
2544  2080  900507 162   3 
2544  2080  900507 148   3 
2544  2080  900507 211   5 
2544  2080  900507 213   5 
3151  3020  900507 191   4 
3151  3020  900507 187   3 
3151  3020  900507 206   6 
3151  3020  900507 258   5 
3151  3020  900507 192   5 
3151  3020  900507 130   4 
3151  3020  900507 120   3 
3151  3020  900507 319   5 
3151  3020  900507 461   7 
3151  3020  900507 213   6 
3151  3020  900507 131   4 
3151  3020  900507 169   4 
3151  3020  900507 284   5 
3151  3020  900507 145   4 
10133 7990  900507 355   6 
10133 7990  900507 407   6 
10133 7990  900507 278   4 
10133 7990  900507 390   5 
10133 7990  900507 420   7 
10133 7990  900507 309   7 
10133 7990  900507 245   6 
10133 7990  900507 397   6 
10133 7990  900507 765   6 
10133 7990  900507 347   7 
10133 7990  900507 285   5 
10133 7990  900507 177   4 
10133 7990  900507 194   4 
10133 7990  900507 342   6 
10133 7990  900507 376   6 
10133 7990  900507 308   7 
10133 7990  900507 300   4 
10133 7990  900507 370   5 
10133 7990  900507 326   7 
10133 7990  900507 417   6 
10133 7990  900507 360   6 
10133 7990  900507 320   7 
10133 7990  900507 450   7 
10133 7990  900507 369   5 
10133 7990  900507 397   6 
10133 7990  900507 322   6 
10133 7990  900507 545   6 
10133 7990  900507 269   6 
10133 7990  900507 554   5 
10133 7990  900507 212   5 
10133 7990  900507 287   7 
10133 7990  900507 260   6 
10133 7990  900507 340   5 
10133 7990  900507 352   6 
4515  4805  900507 150   5 
4515  4805  900507 1285  5 
4515  4805  900507 219   5 
4515  4805  900507 405   6 
4515  4805  900507 254   4 
4515  4805  900507 240   5 
4515  4805  900507 298   4 
4515  4805  900507 242   4 
4515  4805  900507 220   4 
4515  4805  900507 243   5 
4515  4805  900507 86    3 
4515  4805  900507 253   5 
4515  4805  900507 226   4 
4515  4805  900507 97    3 
4515  4805  900507 254   3 
4515  4805  900507 147   3 
4515  4805  900507 369   5 
4515  4805  900507 143   4 
4515  4805  900507 143   4 
4515  4805  900507 187   3 
4515  4805  900507 738   3 
4515  4805  900507 337   6 
4515  4805  900507 149   5 
4515  4805  900507 240   6 
4515  4805  900507 247   5 
4515  4805  900507 150   3 
4515  4805  900507 278   4 
4515  4805  900507 242   4 
4515  4805  900507 2692  5 
4515  4805  900507 319   6 
5241  6635  900507 581   4 
5241  6635  900507 293   6 
5241  6635  900507 163   6 
5241  6635  900507 236   4 
5241  6635  900507 141   4 
5241  6635  900507 296   6 
5241  6635  900507 188   5 
5241  6635  900507 660   5 
5241  6635  900507 371   5 
5241  6635  900507 361   5 
5241  6635  900507 925   5 
5241  6635  900507 507   6 
5241  6635  900507 516   6 
5241  6635  900507 410   6 
5241  6635  900507 258   5 
5241  6635  900507 355   9 
5241  6635  900507 159   6 
5241  6635  900507 458   6 
5241  6635  900507 279   6 
5241  6635  900507 94    3 
5241  6635  900507 315   7 
5241  6635  900507 252   3 
5241  6635  900507 401   6 
5241  6635  900507 398   6 
5241  6635  900507 204   5 
5241  6635  900507 227   5 
5241  6635  900507 232   5 
5241  6635  900507 436   7 
5241  6635  900507 333   4 
5241  6635  900507 357   6 
5241  6635  900507 242   5 
5241  6635  900507 212   4 
5241  6635  900507 194   5 
5241  6635  900507 275   5 
5241  6635  900507 243   4 
4516  4806  900507 438   7 
4516  4806  900507 116   3 
4516  4806  900507 276   6 
4516  4806  900507 235   4 
4516  4806  900507 1967  5 
4516  4806  900507 367   6 
4516  4806  900507 107   3 
4516  4806  900507 196   4 
4516  4806  900507 876   3 
4516  4806  900507 218   4 
4516  4806  900507 199   4 
4516  4806  900507 164   3 
4516  4806  900507 132   4 
4516  4806  9 150   4 
4516  4806  900507 182   3 
4516  4806  900507 136   4 
4516  4806  900507 112   3 
4516  4806  900507 135   4 
4516  4806  900507 195   3 
4516  4806  900507 172   4 
6674  1339  900507 215   5 
6674  1339  900507 364   6 
7001  2631  900507 228   5 
7001  2631  900507 752   4 
7001  2631  900507 122   3 
7001  2631  900507 215   6 
7001  2631  900507 220   5 
7001  2631  900507 528   8 
7001  2631  900507 284   6 
7001  2631  900507 217   5 
7001  2631  900507 225   4 
7001  2631  900507 300   4 
7001  2631  900507 301   5 
7001  2631  900507 338   6 
7001  2631  900507 295   6 
7001  2631  900507 170   3 
7001  2631  900507 223   5 
7001  2631  900507 248   6 
7001  2631  900507 147   4 
7001  2631  900507 115   3 
7001  2631  900507 883   5 
4764  5285  900507 220   5 
4764  5285  900507 150   4 
4764  5285  900507 322   6 
4666  5077  900507 360   6 
4666  5077  900507 395   6 
4666  5077  900507 350   7 
4666  5077  900507 227   5 
4666  5077  900507 563   8 
4666  5077  900507 294   4 
4666  5077  900507 2701  4 
4666  5077  900507 477   7 
4666  5077  900507 507   6 
4666  5077  900507 643   8 
4666  5077  900507 212   4 
4666  5077  900507 268   5 
2414  1868  900507 308   6 
2414  1868  900507 325   6 
2414  1868  900507 163   4 
2414  1868  900507 214   4 
2414  1868  900507 319   6 
2414  1868  900507 292   6 
2414  1868  900507 202   6 
2414  1868  900507 275   4 
2414  1868  900507 1122  6 
2414  1868  900507 275   5 
2414  1868  900507 392   7 
2414  1868  900507 332   5 
2414  1868  900507 243   5 
2414  1868  900507 274   6 
2414  1868  900507 252   5 
2414  1868  900507 163   4 
2414  1868  900507 207   4 
2414  1868  900507 192   5 
2414  1868  900507 278   6 
2414  1868  900507 87    3 
2414  1868  900507 327   6 
2414  1868  900507 232   6 
2414  1868  900507 200   4 
2414  1868  900507 287   5 
2414  1868  900507 330   7 
2414  1868  900507 289   5 
2414  1868  900507 237   6 
2414  1868  900507 87    3 
2414  1868  900507 426   6 
2414  1868  900507 194   4 
2414  1868  900507 340   5 
2414  1868  900507 207   4 
2414  1868  900507 201   5 
2414  1868  900507 212   4 
2414  1868  900507 344   8 
2414  1868  900507 373   6 
2414  1868  900507 298   5 
2414  1868  900507 549   6 
2414  1868  900507 230   5 
4530  4835  900507 429   6 
4530  4835  900507 381   6 
4530  4835  900507 614   5 
4530  4835  900507 276   5 
4530  4835  900507 253   4 
4530  4835  900507 406   6 
4530  4835  900507 347   7 
4530  4835  900507 272   5 
4530  4835  900507 393   4 
4530  4835  900507 343   5 
4530  4835  900507 334   6 
4530  4835  900507 463   6 
4530  4835  900507 207   5 
4530  4835  900507 533   7 
4530  4835  900507 211   6 
4530  4835  900507 222   5 
4530  4835  900507 296   6 
4530  4835  900507 408   6 
11151 7076  900507 289   4 
11151 7076  900507 273   5 
11151 7076  900507 284   4 
11151 7076  900507 389   6 
11151 7076  900507 188   6 
11151 7076  900507 370   7 
11151 7076  900507 201   3 
11151 7076  900507 282   5 
11151 7076  900507 373   7 
11151 7076  900507 181   5 
11151 7076  900507 297   5 
11151 7076  900507 182   5 
11151 7076  900507 258   5 
11151 7076  900507 325   5 
11151 7076  900507 242   5 
11151 7076  900507 587   5 
11151 7076  900507 249   5 
11151 7076  900507 216   4 
11151 7076  900507 304   6 
11151 7076  900507 141   4 
11151 7076  900507 295   5 
11150 7075  900507 125   4 
11150 7075  900507 188   5 
11150 7075  900507 368   5 
11150 7075  900507 397   5 
2544  2080  900509 256   3 
2544  2080  900509 350   6 
2544  2080  900509 208   5 
2544  2080  900509 252   4 
2544  2080  900509 258   4 
2544  2080  900509 92    3 
2544  2080  900509 759   3 
2544  2080  900509 285   7 
2544  2080  900509 189   4 
2544  2080  900509 182   5 
10133 7990  900509 244   6 
10133 7990  900509 612   9 
10133 7990  900509 592   7 
10133 7990  900509 309   6 
10133 7990  900509 324   5 
10133 7990  900509 305   6 
10133 7990  900509 446   7 
10133 7990  900509 370   6 
10133 7990  900509 200   5 
10133 7990  900509 432   5 
10133 7990  900509 391   6 
4516  4806  900509 423   7 
4516  4806  900509 230   3 
4516  4806  900509 155   4 
4516  4806  900509 504   5 
4516  4806  900509 135   3 
4516  4806  900509 229   6 
4516  4806  900509 267   5 
4516  4806  900509 162   3 
4764  5285  900509 428   6 
4764  5285  900509 431   7 
4764  5285  900509 299   6 
4764  5285  900509 232   6 
4764  5285  900509 282   6 
4764  5285  900509 303   6 
4764  5285  900509 450   7 
4764  5285  900509 284   6 
4764  5285  900509 372   6 
4666  5077  900509 442   7 
2414  1868  900509 437   6 
11151 7076  900509 324   5 
11151 7076  900509 224   5 
11151 7076  900509 211   6 
11151 7076  900509 357   3 
11151 7076  900509 186   6 
11151 7076  900509 445   3 
11151 7076  900509 214   6 
11151 7076  900509 150   4 
11151 7076  900509 149   3 
11151 7076  900509 358   4 
11151 7076  900509 333   5 
4530  4835  900510 448   6 
4530  4835  900510 387   6 
4530  4835  900510 275   5 
4530  4835  900510 325   6 
4530  4835  900510 380   6 
4530  4835  900510 340   6 
4530  4835  900510 114   3 
4530  4835  900510 181   4 
4530  4835  900510 508   7 
4530  4835  900510 448   6 
4530  4835  900510 300   6 
4530  4835  900510 232   6 
4530  4835  900510 400   6 
4530  4835  900510 81    3 
4530  4835  900510 452   6 
4530  4835  900510 431   5 
7205  5667  900510 164   3 
7205  5667  900510 295   5 
7205  5667  900510 150   3 
7205  5667  900510 231   5 
7205  5667  900510 538   9 
7205  5667  900510 156   5 
7205  5667  900510 167   6 
7205  5667  900510 128   5 
7205  5667  900510 426   3 
7205  5667  900510 99    2 
7205  5667  900510 747   7 
7205  5667  900510 110   2 
7205  5667  900510 283   6 
7205  5667  900510 208   6 
7205  5667  900510 583   5 
7205  5667  900510 267   5 
7205  5667  900510 285   5 
7205  5667  900510 319   6 
7205  5667  900510 572   5 
7205  5667  900510 189   5 
7205  5667  900510 302   5 
7205  5667  900510 406   6 
7205  5667  900510 386   6 
7205  5667  900510 904   7 
7205  5667  900510 471   6 
7205  5667  900510 416   7 
7205  5667  900510 402   7 
7205  5667  900510 461   7 
7205  5667  900510 255   5 
7205  5667  900510 397   7 
3165  7124  900510 285   5 
3165  7124  900510 302   7 
3165  7124  900510 206   5 
3165  7124  900510 377   7 
3165  7124  900510 306   4 
3165  7124  900510 511   5 
3165  7124  900510 337   4 
3165  7124  900510 240   4 
3165  7124  900510 227   5 
3165  7124  900510 295   6 
3165  7124  900510 315   5 
3035  9618  900510 509   6 
7655  9623  900510 249   3 
7655  9623  900510 295   5 
7655  9623  900510 425   6 
2354  1773  900510 357   7 
2354  1773  900510 277   7 
2354  1773  900510 155   5 
2354  1773  900510 335   7 
2354  1773  900510 268   6 
2354  1773  900510 352   6 
2354  1773  900510 306   6 
2606  2176  900510 450   6 
2606  2176  900510 135   4 
2606  2176  900510 301   5 
2606  2176  900510 238   5 
2606  2176  900510 233   3 
2606  2176  900510 365   5 
2606  2176  900510 256   5 
2606  2176  900510 262   5 
2606  2176  900510 2188  3 
2606  2176  900510 432   5 
2606  2176  900510 322   5 
2606  2176  900510 233   5 
2606  2176  900510 221   3 
2606  2176  900510 119   3 
2606  2176  900510 158   4 
2606  2176  900510 268   5 
2606  2176  900510 105   3 
2606  2176  900510 289   5 
2606  2176  900510 147   4 
2606  2176  900510 177   5 
2606  2176  900510 250   4 
2606  2176  900510 298   4 
2606  2176  900510 158   3 
2606  2176  900510 242   4 
2606  2176  900510 143   4 
3151  3020  900514 289   5 
3151  3020  900514 2675  4 
3151  3020  900514 227   5 
3151  3020  900514 170   4 
3151  3020  900514 376   4 
3151  3020  900514 407   6 
3151  3020  900514 151   4 
3151  3020  900514 218   3 
3151  3020  900514 265   5 
2544  2080  900514 318   6 
2544  2080  900514 2406  3 
2544  2080  900514 303   5 
2544  2080  900514 172   4 
2544  2080  900514 139   4 
2544  2080  900514 2888  5 
2544  2080  900514 230   5 
2544  2080  900514 230   4 
2544  2080  900514 212   5 
2544  2080  900514 205   6 
10133 7990  900514 370   6 
10133 7990  900514 209   6 
10133 7990  900514 264   5 
5241  6635  900514 293   6 
5241  6635  900514 247   4 
5241  6635  900514 266   5 
5241  6635  900514 301   6 
5241  6635  900514 115   3 
5241  6635  900514 246   5 
5241  6635  900514 483   4 
5241  6635  900514 281   6 
5241  6635  900514 194   5 
4515  4805  900514 436   4 
4515  4805  900514 156   4 
4515  4805  900514 97    3 
4515  4805  900514 141   5 
4515  4805  900514 424   3 
4515  4805  900514 371   5 
4515  4805  900514 473   7 
4515  4805  900514 247   3 
4515  4805  900514 111   3 
4515  4805  900514 1457  5 
4515  4805  900514 174   3 
4515  4805  900514 104   3 
6674  1339  900514 378   5 
6674  1339  900514 302   5 
6674  1339  900514 342   6 
6674  1339  900514 289   5 
6674  1339  900514 304   5 
6674  1339  900514 241   6 
6674  1339  900514 202   5 
6674  1339  900514 260   4 
6674  1339  900514 373   7 
6674  1339  900514 289   6 
6674  1339  900514 292   5 
6674  1339  900514 385   6 
6674  1339  900514 305   5 
6674  1339  900514 228   5 
6674  1339  900514 464   5 
6674  1339  900514 270   5 
6674  1339  900514 177   5 
6674  1339  900514 232   4 
6674  1339  900514 147   4 
6674  1339  900514 219   6 
6674  1339  900514 222   6 
6674  1339  900514 354   7 
6674  1339  900514 195   5 
6674  1339  900514 364   7 
6674  1339  900514 304   6 
6674  1339  900514 489   5 
6674  1339  900514 219   5 
6674  1339  900514 143   4 
6674  1339  900514 332   6 
6674  1339  900514 371   6 
6674  1339  900514 338   6 
6674  1339  900514 139   5 
6674  1339  900514 345   6 
6674  1339  900514 185   5 
6674  1339  900514 312   5 
6674  1339  900514 308   7 
6674  1339  900514 151   5 
6674  1339  900514 219   5 
6674  1339  900514 325   5 
6674  1339  900514 3282  4 
6674  1339  900514 365   6 
6674  1339  900514 154   5 
6674  1339  900514 431   5 
6674  1339  900514 359   6 
6674  1339  900514 296   6 
6674  1339  900514 509   6 
6674  1339  900514 338   5 
6674  1339  900514 225   5 
6674  1339  900514 205   5 
4516  4806  900514 1052  3 
4516  4806  900514 299   5 
4516  4806  900514 3160  4 
4516  4806  900514 680   4 
4516  4806  900514 311   5 
4516  4806  900514 294   4 
4516  4806  900514 248   4 
4516  4806  900514 154   4 
4516  4806  900514 255   4 
4516  4806  900514 397   3 
4516  4806  900514 233   4 
4516  4806  900514 403   4 
4516  4806  900514 440   6 
4516  4806  900514 442   5 
4764  5285  900514 289   6 
4764  5285  900514 243   6 
4764  5285  900514 413   6 
2414  1868  900514 290   6 
7001  2631  900514 175   5 
7001  2631  900514 211   5 
7001  2631  900514 997   4 
7001  2631  900514 282   5 
7001  2631  900514 253   6 
7001  2631  900514 166   3 
7001  2631  900514 451   5 
7001  2631  900514 203   4 
7001  2631  900514 508   7 
7001  2631  900514 196   5 
4666  5077  900514 394   6 
11150 7075  900514 173   4 
11150 7075  900514 382   5 
11150 7075  900514 271   5 
11150 7075  900514 185   5 
11150 7075  900514 242   4 
11150 7075  900514 275   5 
11150 7075  900514 252   5 
11150 7075  900514 196   5 
11150 7075  900514 335   6 
11150 7075  900514 167   5 
11151 7076  900514 406   7 
11151 7076  900514 115   3 
11151 7076  900514 290   5 
4530  4835  900515 345   6 
4530  4835  900515 406   6 
4530  4835  900515 231   6 
7205  5667  900515 269   6 
7205  5667  900515 143   4 
3035  9618  900515 374   5 
3035  9618  900515 263   6 
3035  9618  900515 131   4 
3035  9618  900515 290   6 
3035  9618  900515 293   7 
7655  9623  900515 283   3 
7655  9623  900515 290   5 
7655  9623  900515 211   5 
7655  9623  900515 314   4 
2354  1773  900515 298   6 
2354  1773  900515 466   6 
2354  1773  900515 223   6 
2354  1773  900515 329   6 
2354  1773  900515 572   6 
2354  1773  900515 261   6 
2354  1773  900515 400   6 
2354  1773  900515 218   6 
2354  1773  900515 254   4 
2354  1773  900515 545   7 
2354  1773  900515 512   6 
2354  1773  900515 336   6 
2354  1773  900515 402   5 
2354  1773  900515 189   3 
2354  1773  900515 308   5 
2354  1773  900515 204   6 
2354  1773  900515 298   5 
2354  1773  900515 212   5 
2606  2176  900515 185   4 
4530  4835  900517 361   6 
4530  4835  900517 247   5 
4530  4835  900517 255   5 
4530  4835  900517 235   5 
4530  4835  900517 367   6 
4530  4835  900517 647   6 
4530  4835  900517 341   5 
4530  4835  900517 203   4 
4530  4835  900517 432   6 
4530  4835  900517 379   5 
4530  4835  900517 371   5 
4530  4835  900517 406   5 
4530  4835  900517 412   6 
4530  4835  900517 204   4 
4530  4835  900517 566   4 
4530  4835  900517 469   7 
4530  4835  900517 348   6 
4530  4835  900517 385   5 
4530  4835  900517 281   5 
4530  4835  900517 237   5 
4530  4835  900517 3380  5 
4530  4835  900517 342   6 
7205  5667  900517 657   9 
7205  5667  900517 728   6 
7205  5667  900517 193   6 
7205  5667  900517 501   6 
7205  5667  900517 330   6 
7205  5667  900517 852   6 
7205  5667  900517 125   2 
7205  5667  900517 180   6 
7205  5667  900517 181   6 
7205  5667  900517 351   5 
7205  5667  900517 571   6 
7205  5667  900517 477   6 
7205  5667  900517 353   7 
7205  5667  900517 470   6 
7205  5667  900517 454   8 
7205  5667  900517 144   3 
7205  5667  900517 496   7 
7205  5667  900517 435   7 
7205  5667  900517 551   7 
7205  5667  900517 611   6 
7205  5667  900517 155   4 
7205  5667  900517 217   5 
7205  5667  900517 433   5 
7205  5667  900517 511   7 
7205  5667  900517 115   2 
3165  7124  900517 443   6 
3165  7124  900517 444   6 
3165  7124  900517 364   5 
3165  7124  900517 487   6 
3165  7124  900517 490   7 
3165  7124  900517 435   6 
3165  7124  900517 177   3 
3165  7124  900517 395   6 
3165  7124  900517 399   6 
3165  7124  900517 565   7 
3165  7124  900517 255   5 
3165  7124  900517 416   6 
3165  7124  900517 391   6 
3165  7124  900517 327   4 
3165  7124  900517 466   7 
3165  7124  900517 536   7 
3165  7124  900517 803   6 
3035  9618  900517 377   7 
3035  9618  900517 363   5 
3035  9618  900517 386   6 
3035  9618  900517 294   6 
3035  9618  900517 288   6 
3035  9618  900517 351   5 
3035  9618  900517 368   5 
3035  9618  900517 183   4 
3035  9618  900517 1428  4 
3035  9618  900517 107   5 
3035  9618  900517 241   4 
3035  9618  900517 390   6 
3035  9618  900517 285   6 
3035  9618  900517 193   4 
3035  9618  900517 286   6 
3035  9618  900517 297   6 
3035  9618  900517 477   6 
2346  1542  900517 221   4 
2346  1542  900517 327   5 
2346  1542  900517 412   7 
2346  1542  900517 427   6 
2346  1542  900517 342   5 
2346  1542  900517 237   4 
2346  1542  900517 328   5 
2346  1542  900517 257   5 
2346  1542  900517 218   4 
2346  1542  900517 243   5 
2346  1542  900517 252   5 
2346  1542  900517 300   6 
2346  1542  900517 207   3 
2346  1542  900517 347   5 
2346  1542  900517 318   5 
2346  1542  900517 472   5 
2346  1542  900517 199   3 
2346  1542  900517 98    3 
2346  1542  900517 368   5 
7655  9623  900517 364   5 
7655  9623  900517 421   6 
7655  9623  900517 380   5 
7655  9623  900517 446   7 
7655  9623  900517 274   5 
7655  9623  900517 377   5 
7655  9623  900517 473   6 
7655  9623  900517 650   4 
7655  9623  900517 229   4 
7655  9623  900517 307   4 
7655  9623  900517 218   4 
7655  9623  900517 338   5 
7655  9623  900517 293   5 
7655  9623  900517 334   5 
7655  9623  900517 198   3 
7655  9623  900517 192   3 
2354  1773  900517 432   7 
2354  1773  900517 426   7 
2354  1773  900517 553   7 
2354  1773  900517 3112  7 
2354  1773  900517 274   7 
2354  1773  900517 323   7 
2354  1773  900517 437   5 
2606  2176  900517 388   4 
2606  2176  900517 312   5 
2606  2176  900517 224   4 
2606  2176  900517 421   5 
2606  2176  900517 182   3 
2606  2176  900517 184   5 
2606  2176  900517 163   3 
2606  2176  900517 110   3 
2606  2176  900517 105   2 
2606  2176  900517 186   5 
2606  2176  900517 217   5 
2606  2176  900517 189   4 
2606  2176  900517 1444  4 
2606  2176  900517 105   3 
2606  2176  900517 411   5 
2606  2176  900517 685   5 
2606  2176  900517 408   5 
2606  2176  900517 101   3 
2606  2176  900517 468   5 
2606  2176  900517 238   5 
2606  2176  900517 338   6 
2606  2176  900517 195   4 
2606  2176  900517 299   4 
2606  2176  900517 370   5 
2606  2176  900517 180   4 
2606  2176  900517 114   3 
2606  2176  900517 504   6 
2606  2176  900517 400   6 
2606  2176  900517 182   4 
2606  2176  900517 265   5 
4530  4835  900522 484   6 
4530  4835  900522 247   4 
3165  7124  900522 443   7 
3165  7124  900522 313   7 
3165  7124  900522 397   7 
3165  7124  900522 274   6 
3165  7124  900522 374   4 
3165  7124  900522 211   4 
3165  7124  900522 463   6 
3165  7124  900522 310   6 
3165  7124  900522 386   7 
3165  7124  900522 389   4 
3165  7124  900522 162   3 
3165  7124  900522 312   6 
2346  1542  900522 385   6 
2346  1542  900522 463   7 
2346  1542  900522 285   4 
2346  1542  900522 389   5 
2346  1542  900522 534   7 
2346  1542  900522 356   6 
2346  1542  900522 232   4 
2346  1542  900522 363   6 
2606  2176  900522 418   5 
2606  2176  900522 277   5 
2606  2176  900522 453   5 
2606  2176  900522 266   5 
2606  2176  900522 390   5 
2606  2176  900522 351   5 
2606  2176  900522 233   5 
2606  2176  900522 106   2 
2606  2176  900522 161   3 
2606  2176  900522 306   5 
2606  2176  900522 215   5 
2606  2176  900522 264   4 
2606  2176  900522 227   5 
2606  2176  900522 276   4 
2606  2176  900522 222   5 
2606  2176  900522 190   4 
2606  2176  900522 318   5 
2606  2176  900522 168   3 
2606  2176  900522 348   5 
2606  2176  900522 254   5 
2606  2176  900522 284   5 
2606  2176  900522 205   5 
2606  2176  900522 216   4 
2606  2176  900522 259   3 
2606  2176  900522 274   5 
4530  4835  900524 389   6 
4530  4835  900524 2369  5 
4530  4835  900524 287   6 
4530  4835  900524 189   4 
4530  4835  900524 416   6 
4530  4835  900524 307   5 
4530  4835  900524 449   6 
4530  4835  900524 368   6 
4530  4835  900524 242   4 
4530  4835  900524 74    3 
4530  4835  900524 551   5 
4530  4835  900524 371   7 
4530  4835  900524 254   5 
4530  4835  900524 1213  4 
7205  5667  900524 421   7 
7205  5667  900524 170   6 
7205  5667  900524 320   5 
3165  7124  900524 351   4 
3165  7124  900524 299   5 
3165  7124  900524 404   7 
3165  7124  900524 212   4 
3165  7124  900524 236   5 
3165  7124  900524 386   5 
3165  7124  900524 230   6 
3165  7124  900524 268   5 
3165  7124  900524 480   7 
3035  9618  900524 278   5 
3035  9618  900524 324   5 
3035  9618  900524 113   5 
3035  9618  900524 203   4 
3035  9618  900524 368   6 
3035  9618  900524 215   5 
3035  9618  900524 417   5 
3035  9618  900524 331   6 
3035  9618  900524 295   6 
3035  9618  900524 426   6 
3035  9618  900524 289   5 
3035  9618  900524 414   6 
3035  9618  900524 366   6 
3035  9618  900524 383   4 
3035  9618  900524 495   6 
3035  9618  900524 142   4 
7655  9623  900524 375   5 
7655  9623  900524 264   4 
7655  9623  900524 198   3 
7655  9623  900524 348   6 
7655  9623  900524 322   5 
7655  9623  900524 304   6 
7655  9623  900524 270   5 
7655  9623  900524 387   6 
7655  9623  900524 189   5 
7655  9623  900524 394   5 
2354  1773  900524 2470  6 
2354  1773  900524 328   6 
2354  1773  900524 200   6 
2354  1773  900524 490   7 
2354  1773  900524 270   7 
2354  1773  900524 349   6 
2354  1773  900524 436   6 
2606  2176  900524 99    3 
2606  2176  900524 219   4 
2606  2176  900524 241   4 
2606  2176  900524 492   4 
2606  2176  900524 605   5 
2606  2176  900524 124   3 
2606  2176  900524 347   4 
2606  2176  900524 106   3 
2606  2176  900524 140   4 
2606  2176  900524 192   5 
2606  2176  900524 288   4 
2606  2176  900524 391   5 
2606  2176  900524 366   6 
3151  3020  900528 156   4 
3151  3020  900528 249   4 
3151  3020  900528 332   5 
3151  3020  900528 268   4 
10133 7990  900528 225   6 
10133 7990  900528 289   5 
10133 7990  900528 314   6 
5241  6635  900528 332   7 
5241  6635  900528 236   6 
4515  4805  900528 236   5 
4515  4805  900528 225   5 
6674  1339  900528 225   6 
4764  5285  900528 108   3 
4764  5285  900528 260   6 
4764  5285  900528 130   4 
4764  5285  900528 241   6 
4764  5285  900528 209   6 
4764  5285  900528 223   6 
4764  5285  900528 228   6 
4764  5285  900528 177   4 
4764  5285  900528 234   6 
4764  5285  900528 269   6 
2414  1868  900528 415   7 
2414  1868  900528 224   5 
2414  1868  900528 350   7 
2414  1868  900528 356   7 
7001  2631  900528 472   8 
11150 7075  900528 509   7 
11150 7075  900528 210   4 
11150 7075  900528 154   5 
11150 7075  900528 248   5 
11150 7075  900528 142   4 
11150 7075  900528 462   6 
11150 7075  900528 154   5 
11150 7075  900528 90    3 
11150 7075  900528 225   4 
11150 7075  900528 225   3 
11150 7075  900528 183   5 
11150 7075  900528 334   6 
11151 7076  900528 130   4 
11151 7076  900528 264   6 
3151  3020  900604 141   4 
3151  3020  900604 196   3 
3151  3020  900604 209   3 
3151  3020  900604 243   4 
3151  3020  900604 212   4 
3151  3020  900604 139   4 
3151  3020  900604 244   5 
2544  2080  900604 306   5 
2544  2080  900604 371   6 
2544  2080  900604 161   5 
10133 7990  900604 271   6 
10133 7990  900604 205   5 
10133 7990  900604 490   5 
5241  6635  900604 377   6 
5241  6635  900604 304   5 
5241  6635  900604 342   5 
5241  6635  900604 286   6 
5241  6635  900604 736   6 
5241  6635  900604 227   5 
5241  6635  900604 411   6 
5241  6635  900604 222   5 
5241  6635  900604 176   5 
4515  4805  900604 1210  3 
4515  4805  900604 236   5 
4515  4805  900604 998   5 
6674  1339  900604 139   4 
6674  1339  900604 522   6 
6674  1339  900604 248   5 
6674  1339  900604 417   5 
6674  1339  900604 161   5 
6674  1339  900604 204   6 
6674  1339  900604 331   6 
6674  1339  900604 309   5 
6674  1339  900604 82    3 
6674  1339  900604 309   5 
6674  1339  900604 440   5 
6674  1339  900604 204   4 
6674  1339  900604 147   5 
6674  1339  900604 302   6 
6674  1339  900604 266   6 
6674  1339  900604 330   6 
6674  1339  900604 207   4 
6674  1339  900604 366   7 
6674  1339  900604 536   5 
6674  1339  900604 79    3 
6674  1339  900604 394   5 
6674  1339  900604 625   6 
6674  1339  900604 396   7 
6674  1339  900604 422   5 
6674  1339  900604 288   6 
4516  4806  900604 167   4 
4516  4806  900604 199   5 
4516  4806  900604 423   5 
4516  4806  900604 194   5 
4516  4806  900604 251   4 
4516  4806  900604 264   6 
4516  4806  900604 630   6 
4516  4806  900604 2331  3 
4516  4806  900604 253   4 
4764  5285  900604 340   6 
4764  5285  900604 443   6 
4764  5285  900604 146   4 
4764  5285  900604 2115  3 
7001  2631  900604 154   5 
7001  2631  900604 360   6 
7001  2631  900604 1872  4 
7001  2631  900604 333   5 
7001  2631  900604 490   7 
7001  2631  900604 396   4 
7001  2631  900604 142   3 
7001  2631  900604 375   7 
7001  2631  900604 194   4 
7001  2631  900604 807   5 
7001  2631  900604 263   5 
7001  2631  900604 3148  4 
7001  2631  900604 147   3 
                           
4530  4835  900605 295   5 
4530  4835  900605 510   6 
4530  4835  900605 496   7 
4530  4835  900605 570   5 
4530  4835  900605 406   6 
4530  4835  900605 368   5 
4530  4835  900605 462   6 
4530  4835  900605 474   6 
4530  4835  900605 407   4 
4530  4835  900605 542   8 
4530  4835  900605 351   5 
7205  5667  900605 533   8 
3165  7124  900605 212   5 
3165  7124  900605 417   6 
3165  7124  900605 427   7 
3165  7124  900605 298   6 
3165  7124  900605 301   6 
3165  7124  900605 205   5 
3165  7124  900605 294   4 
3165  7124  900605 578   7 
3165  7124  900605 457   7 
3165  7124  900605 291   5 
3165  7124  900605 307   4 
3035  9618  900605 260   6 
3035  9618  900605 231   5 
3035  9618  900605 199   5 
3035  9618  900605 456   8 
3035  9618  900605 464   7 
3035  9618  900605 356   5 
3035  9618  900605 169   5 
3035  9618  900605 190   4 
3035  9618  900605 195   3 
3035  9618  900605 349   5 
3035  9618  900605 112   5 
3035  9618  900605 343   6 
3035  9618  900605 281   6 
3035  9618  900605 310   5 
3035  9618  900605 240   3 
3035  9618  900605 373   5 
2346  1542  900605 241   4 
2346  1542  900605 510   7 
2346  1542  900605 299   5 
2346  1542  900605 685   9 
2346  1542  900605 320   5 
2346  1542  900605 376   4 
2346  1542  900605 409   5 
2346  1542  900605 240   5 
2346  1542  900605 358   5 
2346  1542  900605 255   5 
7655  9623  900605 330   6 
2354  1773  900605 295   7 
2354  1773  900605 429   7 
2354  1773  900605 388   7 
2354  1773  900605 266   7 
2606  2176  900605 935   6 
2606  2176  900605 311   5 
2606  2176  900605 286   6 
2606  2176  900605 186   5 
2606  2176  900605 322   5 
2606  2176  900605 124   3 
2606  2176  900605 192   3 
2606  2176  900605 133   3 
                           
5241  6635  900606 129   4 
5241  6635  900606 370   6 
5241  6635  900606 245   5 
5241  6635  900606 252   5 
5241  6635  900606 329   6 
5241  6635  900606 250   5 
5241  6635  900606 371   6 
5241  6635  900606 203   5 
5241  6635  900606 270   6 
5241  6635  900606 237   5 
5241  6635  900606 1357  2 
5241  6635  900606 257   5 
6674  1339  900606 296   5 
6674  1339  900606 444   5 
6674  1339  900606 252   5 
6674  1339  900606 90    3 
6674  1339  900606 223   5 
6674  1339  900606 157   5 
6674  1339  900606 253   5 
6674  1339  900606 521   7 
6674  1339  900606 444   7 
6674  1339  900606 266   5 
6674  1339  900606 475   6 
6674  1339  900606 237   6 
6674  1339  900606 270   5 
6674  1339  900606 246   5 
6674  1339  900606 385   5 
6674  1339  900606 653   6 
6674  1339  900606 241   6 
6674  1339  900606 278   5 
6674  1339  900606 196   5 
6674  1339  900606 158   4 
6674  1339  900606 285   5 
6674  1339  900606 338   6 
6674  1339  900606 372   6 
6674  1339  900606 509   5 
6674  1339  900606 137   4 
6674  1339  900606 228   5 
6674  1339  900606 273   6 
6674  1339  900606 182   4 
6674  1339  900606 218   4 
6674  1339  900606 724   3 
6674  1339  900606 276   7 
6674  1339  900606 381   6 
6674  1339  900606 440   5 
6674  1339  900606 404   5 
6674  1339  900606 402   5 
6674  1339  900606 490   6 
6674  1339  900606 1753  6 
6674  1339  900606 447   6 
6674  1339  900606 293   6 
4516  4806  900606 119   3 
4516  4806  900606 343   6 
4516  4806  900606 213   4 
4516  4806  900606 498   3 
4516  4806  900606 276   5 
4516  4806  900606 119   3 
4764  5285  900606 85    3 
4764  5285  900606 624   7 
4764  5285  900606 254   6 
4764  5285  900606 277   6 
4764  5285  900606 339   6 
4764  5285  900606 255   6 
4764  5285  900606 300   6 
4764  5285  900606 404   6 
4764  5285  900606 222   5 
2414  1868  900606 220   5 
2414  1868  900606 491   5 
2414  1868  900606 775   6 
2414  1868  900606 349   6 
2414  1868  900606 582   6 
2414  1868  900606 336   6 
2414  1868  900606 261   5 
2414  1868  900606 540   5 
2414  1868  900606 235   4 
2414  1868  900606 205   4 
2414  1868  900606 66    3 
2414  1868  900606 281   5 
2414  1868  900606 398   7 
2414  1868  900606 246   4 
2414  1868  900606 286   5 
2414  1868  900606 370   5 
2414  1868  900606 340   5 
2414  1868  900606 411   6 
2414  1868  900606 322   6 
2414  1868  900606 233   5 
2414  1868  900606 424   6 
2414  1868  900606 291   5 
2414  1868  900606 678   4 
2414  1868  900606 268   6 
2414  1868  900606 448   7 
2414  1868  900606 311   6 
7001  2631  900606 260   5 
7001  2631  900606 139   3 
7001  2631  900606 124   3 
7001  2631  900606 298   6 
7001  2631  900606 139   3 
7001  2631  900606 315   5 
7001  2631  900606 1699  4 
7001  2631  900606 299   6 
7001  2631  900606 158   3 
7001  2631  900606 405   5 
7001  2631  900606 397   7 
7001  2631  900606 548   9 
7001  2631  900606 122   3 
7001  2631  900606 675   9 
7001  2631  900606 198   4 
7001  2631  900606 441   5 
7001  2631  900606 308   6 
7001  2631  900606 221   5 
7001  2631  900606 327   4 
7001  2631  900606 116   3 
7001  2631  900606 356   6 
7001  2631  900606 361   5 
7001  2631  900606 165   3 
7001  2631  900606 111   3 
7001  2631  900606 189   3 
7001  2631  900606 175   3 
7001  2631  900606 136   3 
7001  2631  900606 378   7 
7001  2631  900606 217   4 
7001  2631  900606 311   4 
7001  2631  900606 301   4 
7001  2631  900606 414   6 
7001  2631  900606 663   4 
7001  2631  900606 134   3 
7001  2631  900606 208   5 
7001  2631  900606 326   4 
7001  2631  900606 243   5 
7001  2631  900606 147   3 
4666  5077  900606 830   5 
4666  5077  900606 348   7 
4666  5077  900606 408   7 
4666  5077  900606 322   4 
4666  5077  900606 331   7 
4666  5077  900606 278   5 
4666  5077  900606 621   9 
4666  5077  900606 432   6 
4666  5077  900606 364   6 
4666  5077  900606 709   5 
4666  5077  900606 275   4 
4666  5077  900606 279   5 
4666  5077  900606 292   4 
4666  5077  900606 418   6 
4666  5077  900606 257   4 
4666  5077  900606 331   6 
4666  5077  900606 491   7 
11150 7075  900606 392   5 
11150 7075  900606 193   5 
11150 7075  900606 375   4 
11150 7075  900606 514   7 
11150 7075  900606 252   5 
11150 7075  900606 337   4 
11150 7075  900606 267   3 
11150 7075  900606 230   5 
11150 7075  900606 224   5 
11150 7075  900606 393   5 
11150 7075  900606 349   6 
11150 7075  900606 215   6 
11150 7075  900606 346   5 
11150 7075  900606 190   4 
11150 7075  900606 195   4 
11150 7075  900606 198   5 
11150 7075  900606 203   6 
11150 7075  900606 370   6 
11150 7075  900606 165   4 
11150 7075  900606 285   5 
11151 7076  900606 450   7 
11151 7076  900606 317   5 
11151 7076  900606 509   8 
11151 7076  900606 164   4 
11151 7076  900606 168   4 
11151 7076  900606 173   3 
11151 7076  900606 391   5 
11151 7076  900606 321   5 
11151 7076  900606 359   6 
11151 7076  900606 108   3 
11151 7076  900606 140   4 
11151 7076  900606 432   6 
11151 7076  900606 165   4 
11151 7076  900606 175   6 
11151 7076  900606 236   4 
11151 7076  900606 318   5 
11151 7076  900606 102   3 
11151 7076  900606 102   3 
11151 7076  900606 147   4 
11151 7076  900606 331   4 
11151 7076  900606 158   4 
11151 7076  900606 262   6 
11151 7076  900606 248   4 
11151 7076  900606 1022  5 
11151 7076  900606 322   5 
11151 7076  900606 182   6 
11151 7076  900606 169   4 
11151 7076  900606 507   7 
11151 7076  900606 164   4 
                           
4530  4835  900607 396   6 
4530  4835  900607 383   6 
4530  4835  900607 492   7 
4530  4835  900607 437   6 
4530  4835  900607 396   6 
4530  4835  900607 176   5 
4530  4835  900607 281   5 
4530  4835  900607 248   5 
4530  4835  900607 251   5 
4530  4835  900607 325   5 
4530  4835  900607 363   5 
4530  4835  900607 386   6 
4530  4835  900607 635   6 
4530  4835  900607 370   6 
4530  4835  900607 337   5 
4530  4835  900607 584   5 
4530  4835  900607 107   3 
4530  4835  900607 217   4 
4530  4835  900607 275   5 
4530  4835  900607 369   6 
4530  4835  900607 627   7 
4530  4835  900607 410   6 
4530  4835  900607 215   5 
7205  5667  900607 112   5 
3165  7124  900607 644   7 
3165  7124  900607 382   5 
3165  7124  900607 1001  5 
3165  7124  900607 278   5 
3165  7124  900607 248   5 
3165  7124  900607 230   5 
3165  7124  900607 359   4 
3165  7124  900607 324   6 
3035  9618  900607 228   5 
3035  9618  900607 373   5 
3035  9618  900607 248   6 
3035  9618  900607 110   5 
2346  1542  900607 595   5 
2346  1542  900607 254   4 
2346  1542  900607 415   5 
2346  1542  900607 359   5 
2346  1542  900607 289   5 
7655  9623  900607 294   5 
7655  9623  900607 259   5 
2354  1773  900607 142   4 
2354  1773  900607 183   4 
2354  1773  900607 380   5 
2354  1773  900607 205   3 
2354  1773  900607 437   7 
2606  2176  900607 230   5 
2606  2176  900607 162   3 
2606  2176  900607 132   4 
2606  2176  900607 192   4 
2606  2176  900607 318   6 
2606  2176  900607 114   3 
                           
                           
                           
                           
                           
                           
                           
                           
                           
                           
                           
                           
                           
                           
                           
                           
                           
                           
                           
                           
                           
                           
) L