2544  306   6 
2544  281   6 
2544  344   5 
2544  293   5 
2544  311   5 
2544  186   3 
2544  207   4 
2544  247   5 
2544  333   6 
2544  328   5 
2544  353   5 
2544  274   5 
2544  5559  6 
2544  254   7 
2544  336   5 
2544  368   5 
2544  378   6 
2544  746   5 
2544  515   7 
2544  201   5 
2544  739   5 
2544  337   5 
2544  204   5 
2544  386   6 
2544  216   5 
2544  1026  6 
2544  348   6 
2544  216   4 
2544  98    3 
2544  399   6 
2544  375   6 
2544  271   5 
2544  287   5 
2544  790   6 
2544  261   5 
2544  478   5 
2544  212   4 
2544  295   5 
2544  258   5 
2544  185   3 
2544  351   7 
2544  282   7 
2544  673   6 
2544  290   6 
2544  382   6 
2544  161   4 
2544  685   7 
2544  139   3 
2544  189   3 
2544  252   5 
2544  336   6 
2544  706   9 
2544  177   5 
2544  323   5 
2544  206   3 
2544  1177  7 
2544  391   6 
2544  462   7 
2544  450   6 
2544  377   6 
2544  324   6 
3151  677   5 
3151  310   5 
3151  173   3 
3151  245   4 
3151  557   6 
3151  453   6 
3151  136   4 
3151  285   4 
3151  276   5 
3151  390   6 
3151  259   5 
3151  298   5 
3151  277   4 
3151  181   4 
3151  138   4 
3151  183   3 
3151  150   4 
3151  186   3 
3151  5056  6 
3151  304   5 
3151  182   3 
3151  290   4 
3151  111   3 
3151  246   5 
3151  307   5 
3151  285   5 
3151  663   6 
3151  162   4 
3151  118   3 
3151  167   4 
3151  253   5 
3151  339   5 
3151  322   5 
3151  287   4 
3151  340   5 
3151  324   5 
3151  225   4 
3151  211   4 
3151  277   5 
3151  352   5 
4515  194   4 
4515  159   3 
4515  497   6 
4515  282   4 
4515  315   4 
4515  366   5 
4515  1044  4 
4515  284   5 
4515  394   5 
4515  278   3 
4515  180   5 
4515  210   5 
4515  254   4 
4515  281   5 
4515  393   4 
4515  451   5 
4515  382   5 
4515  230   5 
4515  118   3 
4515  7374  5 
4515  109   3 
4515  167   5 
4515  299   6 
4515  92    3 
4515  230   5 
4515  194   5 
4515  113   3 
4515  139   4 
4515  137   4 
4515  780   4 
4515  452   6 
4515  279   5 
4515  154   3 
4515  316   5 
4515  190   5 
4515  291   5 
4515  227   5 
4515  146   5 
4515  162   5 
4515  351   4 
4515  102   3 
4515  251   5 
4515  546   5 
4515  246   4 
4515  112   3 
4515  656   4 
4515  146   4 
4515  110   3 
4515  122   3 
4515  161   3 
4515  308   6 
4515  433   5 
4515  105   3 
4515  153   5 
4515  368   6 
4515  151   3 
4515  188   5 
4515  396   4 
4515  289   5 
4515  274   6 
4515  224   5 
4515  95    3 
4515  115   3 
4515  236   5 
4515  237   5 
4515  109   3 
4515  198   3 
4515  148   4 
4515  372   6 
4515  338   5 
4515  277   4 
5743  314   6 
5743  405   6 
5743  100   2 
5743  95    2 
5743  711   6 
5743  97    2 
5743  768   6 
5743  122   2 
5743  428   6 
5743  126   2 
5743  464   2 
5743  116   2 
6674  318   5 
6674  360   6 
6674  578   7 
6674  392   5 
6674  474   6 
6674  316   5 
6674  276   5 
6674  295   6 
6674  432   6 
6674  328   6 
6674  312   5 
6674  837   6 
6674  425   6 
6674  295   6 
6674  310   5 
6674  407   6 
6674  498   5 
6674  408   6 
6674  287   5 
6674  431   7 
6674  255   5 
6674  373   5 
6674  304   6 
6674  391   5 
6674  466   6 
6674  502   6 
6674  361   5 
6674  364   6 
6674  551   7 
6674  320   5 
6674  488   5 
6674  447   5 
6674  377   6 
6674  402   6 
6674  326   6 
10133 363   8 
10133 289   5 
10133 582   8 
10133 352   6 
10133 273   6 
10133 708   6 
10133 313   7 
10133 360   7 
10133 1058  7 
10133 591   8 
10133 338   5 
10133 274   6 
10133 219   5 
10133 329   7 
10133 322   7 
10133 208   4 
10133 601   7 
10133 399   8 
10133 630   7 
10133 192   4 
10133 451   8 
10133 453   7 
10133 384   6 
10133 448   8 
10133 5956  4 
10133 536   6 
10133 373   7 
10133 820   7 
10133 421   7 
10133 374   8 
10133 784   7 
10133 995   6 
10133 549   7 
10133 551   7 
5241  363   6 
5241  300   6 
5241  492   6 
5241  344   5 
5241  239   5 
5241  341   6 
5241  501   6 
5241  393   7 
5241  307   6 
5241  143   6 
5241  302   6 
5241  181   5 
5241  218   4 
5241  235   5 
5241  299   5 
5241  142   4 
5241  236   5 
5241  305   6 
5241  526   6 
5241  638   5 
5241  419   5 
5241  765   7 
5241  279   5 
5241  246   5 
5241  390   6 
5241  467   5 
5241  314   6 
5241  346   7 
5241  303   5 
5241  301   6 
5241  619   5 
5241  550   5 
5241  218   4 
5241  520   6 
5241  134   3 
5241  374   5 
2453  302   6 
2453  369   6 
2453  275   5 
2453  290   6 
2453  1029  5 
2453  335   5 
2453  307   4 
2453  288   5 
2453  264   5 
2453  418   5 
2453  290   5 
2453  176   4 
2453  486   6 
2453  740   6 
2453  292   5 
2453  282   5 
2453  803   6 
2453  347   6 
2453  222   4 
2453  335   5 
2453  218   6 
2453  377   4 
2453  251   5 
2453  212   4 
2453  220   5 
2453  133   3 
2453  270   4 
2453  387   6 
2453  439   6 
2453  208   4 
2453  118   3 
2453  237   5 
2453  210   4 
3263  559   6 
3263  296   5 
3263  394   5 
3263  227   5 
3263  206   5 
3263  188   3 
3263  1309  4 
3263  275   6 
3263  330   5 
3263  1595  4 
3263  295   4 
3263  367   6 
3263  363   6 
3263  221   5 
3263  235   5 
3263  364   6 
3263  318   5 
11715 351   5 
11715 382   5 
11715 280   4 
11715 254   1 
11715 118   1 
11715 171   1 
11715 131   1 
11715 141   1 
11715 364   5 
11715 126   1 
11715 129   1 
11715 188   1 
11715 198   1 
11715 164   1 
11715 560   4 
11715 199   1 
11715 233   1 
5747  365   6 
5747  340   7 
5747  88    2 
5747  323   5 
5747  100   2 
5747  102   2 
5747  186   3 
5747  446   6 
5747  169   2 
5747  118   2 
5747  136   2 
5747  109   2 
5747  123   2 
5747  93    2 
5747  261   5 
5747  106   2 
5747  97    2 
2364  308   7 
2364  342   7 
2364  219   6 
2364  74    2 
2364  269   5 
2364  422   8 
2364  323   6 
2364  320   6 
2364  347   6 
2364  364   7 
2364  324   6 
2364  209   6 
2364  312   6 
2364  436   6 
2364  578   5 
2364  399   6 
2364  330   5 
2364  427   7 
6731  651   5 
6731  401   6 
6731  179   3 
6731  363   4 
6731  214   3 
6731  202   3 
6731  186   3 
6731  401   5 
6731  315   3 
6731  208   3 
6731  279   6 
6731  162   3 
6731  185   3 
6731  207   3 
6731  389   5 
6731  299   3 
6731  204   3 
6731  219   3 
4666  395   7 
4666  178   4 
4666  387   7 
4666  312   6 
4666  351   7 
4666  530   7 
4666  272   6 
4666  382   7 
4666  300   6 
4666  307   5 
4666  670   5 
4666  301   6 
4666  394   7 
4666  450   7 
4666  501   6 
4666  329   6 
4666  237   6 
4666  655   7 
4666  272   6 
4666  627   6 
4666  387   6 
4666  295   6 
4316  309   4 
4316  376   4 
4316  2232  6 
4316  188   4 
4316  280   6 
4316  272   5 
4316  257   5 
4316  213   5 
4316  182   5 
4316  315   4 
4316  274   5 
4316  394   6 
4316  230   5 
4316  484   6 
4316  174   5 
4316  215   5 
4316  222   5 
4316  490   5 
4316  235   5 
4316  311   5 
4316  269   6 
4316  231   6 
4316  337   6 
4316  353   5 
2414  198   5 
2414  473   6 
2414  310   4 
2414  308   6 
2414  495   6 
2414  430   6 
2414  328   6 
2414  284   5 
2414  361   5 
2414  514   7 
2414  343   5 
2414  444   6 
2414  276   6 
2414  5449  6 
2414  490   7 
2414  211   5 
2414  594   7 
2414  309   6 
2414  493   6 
2414  453   5 
2414  380   7 
2414  376   4 
2414  352   5 
2414  246   5 
2414  150   3 
2414  532   6 
4530  370   6 
4530  289   5 
4530  266   4 
4530  235   6 
4530  113   3 
4530  236   5 
4530  259   5 
4530  538   7 
4530  332   6 
4530  375   5 
4530  396   5 
4530  258   5 
4530  318   5 
4530  212   5 
4530  277   5 
4530  318   5 
4530  294   4 
4530  382   6 
4764  410   6 
4764  167   5 
4764  343   5 
4764  355   5 
4764  264   4 
4764  230   5 
4764  206   5 
4764  100   3 
4764  545   5 
4764  314   6 
4764  389   6 
4764  254   5 
4764  276   5 
4764  321   5 
4764  221   5 
4764  330   4 
4764  284   6 
4764  214   5 
4764  469   6 
4764  348   6 
4764  114   3 
7001  336   6 
7001  205   6 
7001  353   5 
7001  3885  4 
7001  5767  6 
7001  145   4 
7001  213   3 
7001  1740  3 
7001  294   6 
7001  287   6 
7001  174   5 
7001  108   4 
7001  318   6 
7001  239   6 
7001  516   7 
7001  95    3 
7001  102   3 
7001  243   5 
7001  163   3 
7001  162   4 
7001  102   4 
7001  92    3 
7001  326   6 
7001  331   6 
7001  148   4 
7001  172   4 
7001  255   5 
7001  109   3 
7001  101   3 
7001  313   5 
7001  172   4 
7001  139   4 
7001  469   6 
7001  159   4 
7001  146   4 
7001  331   5 
7001  366   3 
7001  312   5 
7001  187   4 
7001  291   6 
7001  205   4 
7001  289   5 
7001  375   4 
12165 167   3 
12165 359   5 
12165 75    2 
12165 78    2 
12165 312   5 
12165 73    2 
12165 316   5 
12165 368   6 
12165 108   2 
12165 72    2 
12165 72    2 
12165 313   4 
12165 185   2 
12165 74    2 
12165 79    2 
12165 88    2 
12165 83    2 
12165 412   6 
12165 88    2 
12165 94    2 
12165 81    2 
12165 398   5 
12165 82    2 
12165 80    2 
2631  334   5 
2631  703   6 
2631  386   6 
2631  313   4 
2631  294   4 
2631  216   4 
2631  555   5 
2631  292   5 
2631  210   4 
2631  327   3 
2631  342   5 
2631  137   3 
2631  221   5 
2631  320   5 
2631  421   5 
2631  358   5 
2631  214   4 
2631  270   4 
2631  409   5 
2631  325   5 
2631  731   5 
2631  154   3 
2631  171   4 
2631  365   6 
2631  300   6 
2631  164   4 
2631  327   5 
2631  274   5 
2631  137   3 
3124  501   6 
3124  589   7 
3124  439   7 
3124  182   4 
3124  138   1 
3124  183   4 
3124  171   1 
3124  160   3 
3124  116   1 
3124  243   5 
3124  176   4 
3124  116   1 
3124  169   1 
3124  250   5 
3124  111   1 
3124  243   5 
3124  193   3 
3124  116   1 
3124  118   1 
3124  133   3 
3124  115   1 
3124  169   4 
3124  116   1 
3124  184   3 
3124  210   4 
3124  207   3 
3124  126   1 
3124  263   5 
3124  106   1 
3124  111   1 
3124  110   1 
3124  188   4 
3124  101   1 
3124  255   5 
3124  110   1 
3124  265   5 
3124  275   1 
3124  189   3 
3124  149   1 
3124  319   5 
3124  228   1 
3124  187   4 
3124  129   1 
3124  272   6 
3124  105   1 
3124  207   3 
3124  113   1 
4650  363   5 
4650  368   6 
4650  583   7 
4650  555   7 
4650  291   4 
4650  355   5 
4650  143   5 
4650  205   4 
4650  365   6 
4650  364   5 
4360  311   5 
4360  302   5 
4360  266   5 
4360  572   8 
4360  463   6 
4360  316   5 
4360  420   7 
4360  318   7 
4360  320   5 
4360  269   6 
4360  225   6 
4360  346   7 
4360  1486  7 
4360  258   5 
4360  113   4 
4360  308   6 
4360  313   5 
10137 222   5 
10137 131   2 
4516  98    3 
4516  95    3 
4516  251   5 
4516  646   5 
4516  232   5 
4516  236   4 
4516  124   4 
4516  264   4 
4516  229   4 
4516  186   4 
4516  195   4 
4516  169   5 
4516  147   3 
4516  198   5 
4516  500   7 
4516  315   5 
4516  190   4 
4516  176   5 
4516  178   5 
4516  136   3 
4516  295   5 
4516  102   3 
11151 474   6 
11151 192   4 
11151 212   4 
11151 267   5 
11151 243   5 
11151 188   4 
11151 246   5 
11151 210   5 
11151 320   4 
11151 361   6 
11151 306   5 
11151 216   3 
11151 157   4 
11151 175   4 
11151 345   6 
11151 209   4 
11151 253   5 
11151 443   6 
11151 396   6 
11151 220   5 
11151 428   5 
11151 409   5 
11151 412   6 
11151 209   4 
11151 169   3 
11151 186   5 
11150 222   5 
11150 403   7 
11150 276   5 
11150 243   5 
11150 433   6 
11150 271   6 
11150 249   4 
11150 230   6 
11150 170   3 
11150 262   6 
11150 284   5 
11150 335   6 
11150 308   5 
11150 161   4 
11150 230   5 
11150 208   5 
11150 212   5 
11150 291   6 
11150 551   6 
4257  384   6 
4257  271   6 
4257  452   5 
4257  287   6 
4257  68    2 
4257  450   5 
4257  311   7 
4257  157   4 
4257  340   6 
4257  318   6 
10337 300   6 
10337 402   6 
10337 442   6 
10337 716   7 
10337 433   6 
10337 535   7 
10337 770   6 
10337 957   5 
10337 531   6 
10337 435   4 
10337 447   5 
10337 289   4 
10337 426   6 
10337 411   6 
10337 448   6 
2704  239   4 
2704  63    3 
2704  202   5 
2704  348   6 
2704  306   6 
2704  490   4 
2704  369   7 
2704  304   6 
2704  341   4 
2704  318   4 
2704  298   5 
2704  136   5 
2704  315   5 
2704  65    3 
2704  466   4 
2704  278   6 
2704  311   6 
2704  467   6 
2704  187   4 
2704  213   4 
2704  230   4 
2704  153   4 
2704  365   5 
2704  437   5 
2704  232   3 
2704  110   3 
2704  242   6 
2704  268   6 
2704  265   5 
2704  65    3 
2704  237   4 
2704  262   5 
2704  263   6 
3407  351   5 
3407  342   4 
3407  4039  4 
3407  185   4 
3407  271   5 
3407  447   5 
3407  179   4 
3407  340   6 
3407  235   5 
3407  273   4 
3407  189   4 
3407  370   4 
3407  157   3 
3407  415   6 
3407  234   5 
3407  365   6 
3407  371   5 
3407  2470  5 
3407  372   6 
3407  660   6 
3407  1203  8 
3407  970   6 
3703  347   5 
3703  175   3 
3703  286   6 
3703  170   3 
3703  293   4 
3703  238   3 
3703  145   3 
3703  206   3 
3703  390   6 
3703  681   5 
3703  416   6 
3703  414   6 
3703  191   5 
3703  342   5 
3703  347   5 
3703  106   3 
3703  377   6 
3703  238   3 
3703  267   3 
5206  488   5 
5206  394   5 
5206  162   6 
5206  402   4 
5206  348   6 
5206  218   3 
5206  355   5 
5206  352   6 
5206  371   4 
5206  5531  5 
5206  290   5 
5206  282   5 
5206  208   4 
5206  149   4 
3035  362   5 
3035  298   5 
3035  330   6 
3035  297   4 
3035  177   4 
3035  168   4 
3035  330   4 
3035  296   5 
3035  265   6 
3035  290   6 
3035  297   5 
3035  250   6 
3035  318   4 
3035  190   4 
3035  274   6 
3035  638   6 
3035  381   7 
3035  352   4 
3035  583   6 
3035  255   4 
3035  306   5 
3035  410   5 
3035  223   4 
3035  134   5 
3035  193   4 
3035  186   4 
3035  379   5 
3035  218   4 
7655  215   4 
7655  231   4 
7655  313   4 
7655  184   3 
7655  447   6 
7655  753   4 
7655  198   6 
7655  267   4 
7655  306   5 
7655  281   5 
7655  340   4 
7655  267   5 
7655  598   5 
7655  289   4 
7655  342   5 
7655  316   4 
7655  226   3 
7655  351   6 
7655  281   4 
7655  515   4 
7655  344   5 
7655  364   5 
7655  192   5 
7655  366   5 
7655  284   5 
7655  368   6 
7655  221   5 
7655  330   5 
7655  349   5 
3706  517   5 
3706  168   5 
3706  251   5 
3706  280   6 
3706  285   6 
3706  146   5 
3706  388   6 
3706  518   3 
3706  364   5 
3706  124   4 
3706  486   6 
3706  155   5 
3706  350   6 
3706  496   5 
3706  571   6 
3706  310   5 
3706  453   6 
3706  305   6 
3706  362   6 
3706  396   6 
3706  256   4 
2754  288   6 
2754  324   6 
2754  306   7 
2754  314   6 
2754  349   6 
2754  361   7 
2754  339   6 
2754  438   7 
2754  205   5 
2754  449   8 
2754  253   7 
2754  298   6 
4000  485   7 
4000  385   6 
4000  433   7 
4000  429   7 
4000  470   7 
4000  550   6 
4000  382   7 
4000  366   6 
4000  420   6 
4000  260   4 
4000  379   6 
4000  565   6 
4501  298   5 
4501  265   6 
4501  322   6 
4501  124   3 
4501  429   7 
4501  196   4 
4501  429   4 
4501  332   6 
4501  130   4 
4501  207   4 
4501  192   5 
4501  220   4 
4501  274   6 
4501  148   5 
4501  391   7 
4501  301   4 
4501  195   6 
4501  221   4 
4501  377   6 
4501  190   6 
4501  174   4 
4501  297   5 
2753  286   6 
2753  355   6 
2753  322   6 
2753  337   7 
2753  235   5 
2753  222   4 
2753  336   6 
2753  389   7 
2753  422   8 
2753  227   6 
2753  6123  6 
2753  193   5 
2753  274   6 
2753  194   5 
10543 258   6 
10543 411   5 
10543 292   5 
10543 280   5 
10543 320   5 
10543 678   7 
10543 223   4 
10543 284   6 
10543 355   4 
10543 276   5 
10543 570   7 
2346  411   6 
2346  447   6 
2346  1537  5 
2346  492   5 
2346  378   6 
2346  300   6 
2346  753   5 
2346  442   5 
2346  435   5 
2346  484   7 
2346  231   6 
2346  285   5 
2346  794   5 
2346  239   6 
2346  363   5 
2346  169   4 
2346  358   5 
2346  345   6 
2346  374   5 
2346  367   5 
2346  392   6 
2346  187   3 
2346  346   6 
2346  381   6 
2346  169   6 
2346  330   6 
2346  316   5 
2346  2544  4 
2346  303   5 
2354  252   5 
2354  468   7 
2354  393   6 
2354  311   7 
2354  490   6 
2354  314   5 
2354  130   4 
2354  288   5 
2354  409   7 
2354  396   8 
2354  401   6 
2354  534   8 
2354  251   4 
2354  259   5 
2354  302   6 
2354  76    3 
2354  475   7 
2354  315   6 
2354  235   3 
7147  468   7 
7147  362   5 
7147  249   5 
7147  403   5 
7147  471   6 
7147  403   7 
7147  440   6 
7147  487   6 
7147  516   7 
7147  490   7 
7147  427   7 
7147  432   6 
7147  421   7 
7147  275   5 
7147  400   6 
7147  283   5 
7147  525   6 
7147  383   6 
7067  310   5 
2066  687   6 
2066  518   6 
2066  369   5 
2066  268   5 
2066  250   4 
2066  6531  6 
2066  361   5 
2066  257   5 
2066  381   6 
2066  521   6 
2066  527   6 
2066  312   6 
2066  387   5 
2066  375   5 
2606  240   5 
2606  269   4 
2606  129   3 
2606  144   3 
2606  112   3 
2606  144   3 
2606  107   3 
2606  92    3 
2606  216   4 
2606  353   6 
2606  167   4 
2606  247   5 
2606  476   3 
2606  237   3 
2606  4237  4 
2606  240   4 
2606  285   4 
2606  263   6 
2606  4067  4 
6574  419   7 
6574  287   4 
6574  542   6 
10061 226   5 
10061 323   6 
10061 325   6 
10061 306   5 
10061 275   5 
10061 368   5 
10061 397   6 
10061 428   5 
10061 230   5 
10061 224   4 
10061 283   4 
10061 288   6 
10061 309   6 
10061 325   6 
  