2544  436   4 
2544  304   6 
2544  373   6 
2544  236   4 
2544  277   5 
2544  200   5 
2544  89    3 
2544  314   5 
2544  258   6 
2544  186   3 
2544  454   6 
2544  184   3 
2544  235   4 
2544  210   5 
2544  269   5 
2544  272   5 
2544  401   7 
2544  330   6 
2544  408   6 
2544  148   3 
2544  424   4 
2544  498   3 
2544  291   6 
2544  324   4 
2544  165   3 
2544  162   5 
2544  243   5 
2544  262   5 
2544  368   5 
2544  276   6 
2544  1133  7 
2544  286   6 
2544  306   6 
2544  287   5 
2544  176   4 
2544  96    3 
2544  181   4 
2544  3871  4 
2544  265   5 
2544  138   4 
2544  857   7 
2544  409   7 
2544  262   6 
2544  374   5 
2544  228   5 
2544  155   4 
2544  144   4 
2544  228   5 
2544  445   6 
2544  131   4 
2544  178   3 
2544  212   6 
2544  1563  3 
2544  369   3 
2544  211   6 
2544  367   7 
2544  373   5 
2544  239   6 
2544  391   7 
2544  210   4 
3151  251   4 
3151  214   5 
3151  235   5 
3151  201   5 
3151  309   5 
3151  446   6 
3151  229   4 
3151  205   3 
3151  419   5 
3151  199   4 
3151  322   5 
3151  276   5 
3151  307   5 
3151  302   5 
3151  211   5 
3151  297   4 
3151  241   5 
3151  348   5 
3151  171   4 
3151  205   5 
3151  392   5 
3151  303   4 
3151  170   4 
3151  158   4 
3151  239   3 
3151  472   6 
3151  234   5 
3151  477   5 
3151  414   6 
3151  578   7 
3151  394   5 
3151  552   5 
3151  8512  4 
3151  131   4 
3151  382   5 
3151  542   6 
3151  158   4 
3151  119   3 
3151  342   5 
3151  202   4 
3151  203   3 
3151  137   4 
3151  255   5 
3151  266   5 
3151  344   6 
3151  273   5 
3151  289   5 
3151  443   5 
3151  204   3 
3151  195   4 
3151  5196  5 
3151  278   5 
4515  94    3 
4515  282   4 
4515  350   6 
4515  320   3 
4515  223   5 
4515  259   5 
4515  356   6 
4515  244   5 
4515  244   5 
4515  245   5 
4515  132   3 
4515  386   5 
4515  407   5 
4515  135   3 
4515  381   6 
4515  297   5 
4515  247   5 
4515  455   4 
4515  233   5 
4515  294   4 
4515  321   6 
4515  97    3 
4515  257   6 
4515  171   5 
4515  414   8 
4515  153   4 
4515  136   4 
4515  307   5 
4515  164   5 
4515  169   5 
4515  124   3 
4515  396   5 
4515  267   5 
4515  260   4 
4515  250   5 
4515  303   5 
4515  2994  3 
4515  444   5 
4515  139   3 
4515  417   5 
4515  192   4 
4515  162   5 
4515  133   3 
4515  111   3 
4515  266   4 
4515  252   5 
4515  388   3 
4515  172   5 
4515  156   3 
4515  182   3 
4515  408   4 
4515  447   4 
4515  105   3 
4515  178   5 
4515  192   5 
4515  2315  5 
4515  473   5 
4515  169   3 
4515  271   4 
4515  324   5 
4515  198   5 
4515  364   5 
4515  194   4 
4515  152   4 
4515  255   3 
4515  244   5 
4515  263   5 
4515  157   3 
4515  233   3 
4515  391   6 
4515  224   4 
4515  132   3 
5743  357   5 
5743  460   6 
5743  584   4 
5743  154   2 
5743  184   2 
5743  252   2 
5743  153   2 
5743  612   5 
5743  340   5 
5743  95    2 
5743  243   5 
5743  100   2 
5743  527   6 
5743  174   2 
5743  142   2 
5743  127   2 
5743  108   2 
6674  190   5 
6674  555   6 
6674  308   5 
6674  314   6 
6674  372   6 
6674  349   5 
6674  524   5 
6674  388   6 
6674  376   6 
6674  177   5 
6674  5444  5 
6674  300   6 
6674  429   6 
6674  294   6 
6674  173   5 
6674  1103  5 
6674  309   6 
6674  522   7 
6674  367   6 
6674  430   6 
6674  264   5 
6674  277   5 
6674  311   6 
6674  323   4 
6674  404   6 
6674  319   6 
6674  293   6 
6674  677   6 
6674  390   6 
6674  311   6 
6674  398   6 
6674  523   6 
6674  163   5 
6674  307   6 
6674  558   5 
6674  274   5 
6674  296   6 
10133 405   7 
10133 510   7 
10133 373   6 
10133 301   6 
10133 583   6 
10133 337   5 
10133 394   7 
10133 381   7 
10133 253   6 
10133 375   6 
10133 819   7 
10133 387   7 
10133 865   7 
10133 227   5 
10133 382   8 
10133 562   5 
10133 430   7 
10133 305   5 
10133 295   5 
10133 7856  7 
10133 407   7 
10133 502   5 
5241  412   5 
5241  422   6 
5241  315   6 
5241  230   4 
5241  243   5 
5241  311   6 
5241  404   7 
5241  402   6 
5241  410   5 
5241  578   6 
5241  336   7 
5241  229   5 
5241  236   5 
5241  223   5 
5241  244   5 
5241  78    2 
5241  315   6 
5241  295   7 
5241  278   6 
5241  226   5 
5241  228   5 
5241  425   5 
5241  4974  5 
5241  233   5 
5241  274   5 
5241  500   7 
5241  269   6 
5241  207   4 
5241  314   5 
5241  318   7 
5241  291   6 
5241  370   6 
5241  337   7 
5241  4888  5 
2453  239   6 
2453  281   5 
2453  286   5 
2453  261   5 
2453  209   4 
2453  278   5 
2453  296   5 
2453  265   6 
2453  319   5 
2453  171   4 
2453  196   5 
2453  81    3 
2453  339   4 
2453  665   5 
2453  231   5 
2453  224   4 
2453  5244  5 
2453  245   5 
2453  214   5 
2453  196   4 
2453  274   5 
2453  338   5 
2453  131   3 
2453  250   5 
2453  385   6 
2453  406   5 
2453  336   5 
2453  278   5 
3263  369   5 
3263  332   5 
3263  545   5 
3263  215   4 
3263  296   5 
3263  531   4 
3263  347   5 
3263  323   5 
3263  295   5 
3263  230   5 
3263  433   5 
3263  465   7 
3263  336   5 
3263  249   5 
3263  357   5 
3263  226   3 
3263  361   6 
3263  277   5 
3263  297   5 
3263  311   5 
11715 404   4 
11715 147   1 
11715 197   1 
11715 243   2 
11715 193   1 
11715 177   1 
11715 211   1 
11715 195   1 
11715 466   6 
11715 146   1 
11715 315   1 
11715 165   1 
11715 179   1 
11715 212   1 
11715 319   4 
11715 219   1 
11715 753   5 
5747  396   5 
5747  100   2 
5747  86    2 
5747  337   6 
5747  94    2 
5747  110   2 
5747  537   6 
5747  335   7 
5747  137   2 
5747  177   2 
5747  94    2 
5747  100   2 
2364  317   5 
2364  460   7 
2364  326   8 
2364  132   5 
2364  425   8 
2364  370   6 
6731  268   6 
6731  227   3 
6731  222   3 
6731  238   3 
6731  418   3 
6731  218   3 
6731  174   3 
6731  291   3 
6731  372   3 
6731  424   6 
6731  212   3 
6731  325   5 
6731  208   3 
6731  198   3 
4666  301   6 
4666  428   7 
4666  442   6 
4666  485   6 
4666  645   8 
4666  235   5 
4666  138   4 
4666  518   8 
4666  319   5 
4666  574   7 
4666  295   6 
4666  235   5 
4666  342   6 
4666  652   7 
4666  451   6 
4666  906   7 
4666  303   5 
4666  411   7 
4666  309   6 
4666  1866  6 
4666  508   6 
4666  429   7 
4316  302   5 
4316  251   5 
4316  242   5 
4316  342   6 
4316  299   6 
4316  106   3 
4316  291   4 
4316  320   4 
4316  182   5 
4316  2228  6 
4316  381   5 
4316  1773  6 
4316  96    3 
4316  242   5 
4316  310   6 
4316  227   6 
4316  520   7 
4316  249   5 
4316  313   5 
4316  367   5 
4316  290   6 
4316  236   5 
4316  167   4 
2414  341   6 
2414  380   6 
2414  362   5 
2414  397   5 
2414  601   6 
2414  542   7 
2414  6874  7 
2414  338   5 
2414  451   7 
2414  413   6 
2414  409   7 
2414  400   6 
2414  378   6 
2414  230   5 
2414  1654  7 
2414  412   7 
2414  278   5 
2414  273   5 
2414  346   6 
2414  93    3 
2414  363   6 
2414  465   7 
2414  377   7 
2414  397   5 
2414  738   6 
2414  307   6 
2414  97    3 
2414  249   5 
2414  233   5 
2414  306   6 
2414  321   5 
2414  387   6 
2414  441   7 
2414  3683  4 
4530  315   5 
4530  650   5 
4530  352   6 
4530  290   5 
4530  375   6 
4530  245   5 
4530  681   5 
4530  220   5 
4530  245   5 
4530  434   6 
4530  224   4 
4530  304   5 
4530  277   6 
4530  333   5 
4530  241   5 
4530  359   5 
4530  345   5 
4530  337   5 
4530  300   5 
4530  241   5 
4764  408   6 
4764  261   5 
4764  492   8 
4764  426   6 
4764  247   5 
4764  451   5 
4764  253   5 
4764  415   6 
4764  316   6 
4764  586   8 
4764  338   6 
4764  118   3 
4764  308   6 
4764  367   6 
4764  241   5 
4764  450   6 
4764  362   6 
4764  604   4 
4764  654   7 
4764  506   5 
4764  524   6 
4764  242   5 
4764  205   5 
7001  158   4 
7001  112   3 
7001  363   5 
7001  3638  4 
7001  264   5 
7001  154   4 
7001  277   6 
7001  378   5 
7001  222   4 
7001  354   7 
7001  195   5 
7001  354   5 
7001  115   3 
7001  217   5 
7001  358   6 
7001  280   5 
7001  281   6 
7001  153   4 
7001  98    3 
7001  511   8 
7001  131   3 
7001  186   4 
7001  293   6 
7001  196   5 
7001  178   5 
7001  104   3 
7001  125   4 
7001  237   5 
7001  186   4 
7001  557   4 
7001  316   6 
7001  169   4 
7001  173   6 
7001  365   6 
7001  192   6 
7001  366   6 
7001  296   5 
7001  286   5 
7001  410   4 
7001  181   5 
7001  557   5 
7001  278   6 
7001  324   6 
7001  223   4 
7001  753   5 
7001  331   5 
7001  173   5 
7001  266   6 
12165 295   4 
12165 275   5 
12165 54    2 
12165 393   5 
12165 76    2 
12165 305   5 
12165 1141  6 
12165 75    2 
12165 98    2 
12165 64    2 
12165 83    2 
12165 323   5 
12165 98    2 
12165 66    2 
12165 87    2 
12165 84    2 
12165 64    2 
12165 295   5 
12165 377   6 
12165 92    2 
12165 70    2 
12165 107   2 
12165 75    2 
2631  244   5 
2631  136   3 
2631  174   4 
2631  239   4 
2631  303   6 
2631  243   4 
2631  293   6 
2631  478   5 
2631  186   4 
2631  295   5 
2631  533   5 
2631  315   5 
2631  258   5 
2631  495   6 
2631  656   6 
2631  288   5 
2631  101   3 
2631  317   6 
2631  319   5 
2631  428   8 
2631  86    3 
2631  84    3 
2631  255   5 
2631  407   5 
2631  306   5 
3124  544   6 
3124  444   7 
3124  627   9 
3124  267   5 
3124  237   5 
3124  135   1 
3124  149   3 
3124  179   1 
3124  225   6 
3124  174   1 
3124  225   3 
3124  121   1 
3124  191   3 
3124  131   1 
3124  119   1 
3124  222   6 
3124  189   1 
3124  248   5 
3124  282   1 
3124  176   3 
3124  133   1 
3124  191   4 
3124  232   1 
3124  268   4 
3124  409   5 
3124  192   1 
3124  195   3 
3124  179   1 
3124  222   4 
3124  158   1 
3124  127   1 
3124  258   5 
3124  261   1 
3124  195   4 
3124  140   1 
3124  212   4 
3124  237   1 
3124  219   3 
3124  164   1 
3124  283   5 
3124  126   1 
3124  234   5 
3124  126   1 
3124  235   5 
3124  182   1 
4650  613   5 
4650  312   4 
4650  368   5 
4650  496   6 
4650  558   7 
4650  616   6 
4650  279   6 
4650  552   5 
4650  335   5 
4650  356   5 
4650  383   7 
4650  340   5 
4650  303   6 
4650  287   4 
4650  260   6 
4650  371   5 
4650  142   3 
4360  393   7 
4360  272   5 
4360  273   6 
4360  372   7 
4360  490   7 
4360  248   6 
4360  444   7 
4360  332   5 
4360  374   5 
4360  256   6 
4360  1083  5 
4360  673   6 
4360  432   6 
4360  360   6 
4360  240   5 
4360  342   5 
4360  459   6 
10137 343   6 
10137 134   2 
10137 358   7 
10137 102   2 
10137 322   5 
10137 93    2 
10137 269   4 
10137 107   2 
10137 260   5 
10137 99    2 
10137 298   4 
10137 391   6 
10137 99    2 
10137 406   6 
10137 98    2 
4516  288   4 
4516  474   7 
4516  138   4 
4516  279   4 
4516  228   5 
4516  405   5 
4516  151   3 
4516  300   5 
4516  143   4 
4516  216   5 
4516  215   4 
4516  208   5 
4516  145   4 
4516  309   5 
4516  362   6 
4516  274   5 
4516  272   5 
4516  286   5 
4516  214   5 
4516  164   5 
4516  240   5 
4516  106   3 
4516  343   7 
4516  1154  4 
4516  174   3 
4516  152   4 
4516  277   6 
4516  206   5 
4516  296   5 
4516  101   3 
4516  212   4 
4516  225   4 
4516  235   4 
4516  223   5 
4516  173   4 
4516  2702  3 
4516  102   3 
4516  113   3 
4516  211   5 
4516  432   5 
4516  95    3 
4516  97    3 
4516  90    3 
4516  343   5 
4516  140   4 
4516  148   4 
11151 239   4 
11151 311   5 
11151 286   5 
11151 402   5 
11151 437   6 
11151 249   5 
11151 459   6 
11151 422   6 
11151 171   3 
11151 319   6 
11151 765   5 
11151 440   6 
11151 342   5 
11151 337   3 
11151 175   3 
11151 231   4 
11151 339   5 
11151 346   4 
11151 234   5 
11151 335   7 
11151 437   5 
11151 298   5 
11151 202   3 
11151 241   5 
11151 351   6 
11151 260   5 
11151 208   4 
11151 199   5 
11151 300   5 
11151 435   5 
11150 254   4 
11150 368   5 
11150 212   4 
11150 297   4 
11150 231   5 
11150 366   5 
11150 695   5 
11150 201   4 
11150 211   4 
11150 190   5 
11150 372   5 
11150 263   5 
11150 505   5 
11150 424   6 
11150 260   6 
11150 507   7 
11150 200   4 
11150 485   7 
11150 350   5 
11150 282   6 
11150 224   5 
11150 496   5 
11150 186   5 
11150 368   5 
11150 264   5 
11150 459   6 
11150 183   5 
11150 439   5 
11150 293   4 
11150 245   5 
11150 538   5 
11150 323   3 
4257  265   6 
4257  191   4 
4257  509   6 
4257  169   4 
4257  298   6 
4257  390   5 
4257  437   6 
4257  283   7 
4257  204   5 
4257  298   6 
4257  327   6 
10337 249   5 
10337 548   6 
10337 312   6 
10337 385   5 
10337 431   6 
10337 423   6 
10337 515   6 
10337 441   6 
10337 574   8 
10337 726   8 
2704  195   5 
2704  234   4 
2704  65    3 
2704  253   4 
2704  394   5 
2704  345   5 
2704  194   5 
2704  242   5 
2704  325   4 
2704  314   6 
2704  375   6 
2704  408   4 
2704  342   5 
2704  532   4 
2704  302   4 
2704  153   4 
2704  259   4 
2704  439   4 
2704  260   4 
2704  342   6 
2704  217   4 
3407  359   5 
3407  163   3 
3407  360   5 
3407  338   6 
3407  277   5 
3407  1365  5 
3407  235   5 
3407  379   6 
3407  272   4 
3407  263   4 
3407  2145  6 
3407  347   4 
3407  284   4 
3407  211   4 
3407  221   4 
3703  203   3 
3703  249   5 
3703  128   2 
3703  267   4 
3703  476   6 
3703  169   4 
3703  287   3 
3703  411   6 
3703  214   3 
3703  162   3 
3703  405   6 
3703  214   3 
3703  275   5 
3703  266   3 
3703  241   3 
3703  3534  3 
3703  226   3 
3703  365   6 
3703  428   4 
3703  305   3 
3703  304   4 
3703  193   4 
3703  410   6 
3703  527   3 
3703  339   6 
3703  195   5 
3703  393   5 
3703  321   5 
3703  367   6 
5206  526   6 
5206  641   5 
5206  324   5 
5206  248   5 
5206  3971  4 
5206  320   6 
5206  342   5 
5206  300   4 
5206  340   5 
5206  210   3 
3035  379   6 
3035  358   6 
3035  197   4 
3035  377   5 
3035  274   6 
3035  215   4 
3035  289   6 
3035  279   6 
3035  193   4 
3035  384   5 
3035  441   5 
3035  652   4 
3035  634   6 
3035  289   4 
3035  135   5 
3035  261   4 
3035  243   4 
7655  330   6 
7655  300   4 
7655  293   4 
7655  382   6 
7655  343   6 
7655  278   5 
7655  266   5 
7655  308   5 
7655  189   6 
7655  269   5 
7655  333   5 
7655  169   5 
7655  270   5 
7655  201   3 
7655  596   7 
7655  400   5 
7655  164   5 
7655  225   3 
7655  382   6 
7655  264   5 
7655  298   5 
7655  319   5 
7655  290   4 
7655  410   5 
7655  353   6 
7655  147   4 
7655  342   5 
3706  129   4 
3706  447   4 
3706  293   4 
3706  294   4 
3706  150   5 
3706  3720  5 
3706  2973  3 
3706  188   5 
3706  226   4 
3706  309   6 
3706  307   5 
3706  204   4 
3706  316   5 
3706  134   4 
3706  361   6 
3706  505   6 
2754  373   7 
2754  433   7 
2754  298   6 
2754  421   7 
2754  410   6 
2754  390   7 
2754  328   6 
2754  441   7 
2754  318   5 
2754  262   4 
2754  220   5 
2754  429   7 
2754  398   7 
4000  652   9 
4000  297   4 
4000  579   6 
4000  358   6 
4000  545   6 
4000  421   7 
4000  584   6 
4000  354   6 
4000  346   6 
4000  285   4 
4501  202   4 
4501  368   6 
4501  336   6 
4501  252   5 
4501  529   6 
4501  153   4 
4501  239   6 
4501  305   6 
4501  403   7 
4501  246   6 
4501  336   7 
4501  214   6 
4501  133   3 
4501  146   3 
4501  262   5 
4501  201   5 
4501  486   6 
4501  451   6 
4501  378   5 
4501  348   5 
4501  117   3 
4501  546   6 
4501  559   3 
4501  339   6 
4501  342   6 
4501  259   6 
4501  231   6 
4501  549   5 
4501  147   5 
2753  536   7 
2753  241   5 
2753  434   7 
2753  294   6 
2753  298   6 
2753  722   6 
2753  384   7 
2753  332   6 
2753  363   6 
2753  295   5 
2753  175   4 
2753  176   5 
2753  550   8 
2753  459   7 
2753  392   7 
2753  367   5 
10543 465   5 
10543 490   6 
10543 426   7 
10543 303   5 
10543 1915  5 
10543 362   7 
10543 317   5 
2346  248   4 
2346  217   4 
2346  207   4 
2346  391   5 
2346  161   4 
2346  376   5 
2346  207   5 
2346  173   4 
2346  300   5 
2346  164   4 
2346  390   6 
2346  405   5 
2346  324   5 
2346  139   4 
2346  207   5 
2346  327   4 
2346  254   4 
2346  426   6 
2346  343   5 
2346  716   6 
2346  782   6 
2346  139   4 
2346  454   6 
2346  267   5 
2346  336   6 
2346  266   5 
2346  232   5 
2346  321   5 
2346  326   7 
2346  1192  5 
2346  578   5 
2346  2260  5 
2346  235   5 
2346  358   5 
2346  394   5 
2346  305   5 
2354  343   6 
2354  325   6 
2354  309   5 
2354  380   7 
2354  368   6 
2354  630   6 
2354  182   5 
2354  154   5 
2354  446   6 
2354  395   6 
2354  185   5 
2354  348   6 
2354  427   6 
2354  316   5 
2354  370   6 
2354  406   6 
2354  384   7 
2354  363   7 
7147  576   6 
7147  619   6 
7147  480   7 
7147  1037  6 
7147  459   6 
7147  843   7 
7147  274   4 
7147  604   9 
7147  753   9 
7147  532   7 
7147  630   8 
7147  441   6 
7147  213   4 
7147  411   5 
7147  289   5 
7147  265   5 
7147  401   7 
7147  367   5 
7067  328   5 
2066  346   5 
2066  230   5 
2066  439   6 
2066  1022  6 
2066  312   6 
2066  434   6 
2066  567   8 
2066  987   6 
2066  357   5 
2066  696   6 
2066  233   4 
2066  317   5 
2066  504   8 
2066  389   6 
2066  432   7 
2066  569   6 
2066  434   6 
2066  397   6 
2066  339   6 
2066  281   5 
2066  726   5 
2066  1196  6 
2066  441   5 
2066  230   5 
2606  242   4 
2606  350   4 
2606  607   5 
2606  265   6 
2606  415   5 
2606  112   3 
2606  2760  3 
2606  490   4 
2606  292   5 
2633   4 
2606  331   5 
2606  314   5 
2606  257   5 
2606  146   4 
2606  104   3 
2606  80    3 
2606  163   4 
2606  171   4 
2606  315   4 
  D@ù