 4125870928 707 426 426 871   0   0       0       0       1       0       0       0       0       0   0   0   0 0   0   0   0   0
 3625870928 707 425 425 867   0   0       0       0       1       0       0       0       0       0   0   0   0 0   0   0   0   0
 5751870928 708 421 386 858   0   0       0       0    1191    1804       0       0       0       0   0   0   0 0   0   0   0   0
 2671870928 710 121  21 616   1   0       0       0      29     753       0       0       0       0   0   0   0 0   0   0   0   0
 2670870928 710 402 402 877   0   0       1       0       1       0       0       0       0       0   0   0   0 0   0   0   0   0
 6342870928 710 677 351 963   0   0       4      66      81     305      69       3     301      80   0  12  12 0  16   8  25 200
10613870928 736 420 413 861   0   0       0       0      12       1       0       0       0       0   0   0   0 0   0   0   0   0
10604870928 736 675 459 962   0   0       0       0      19     124       0       0     123      19   0   0   0 0   8   8  27 200
10545870928 736 148 119 195   4   2       0       0    1109    1082       0       0       0       0   0   0   0 0   0   0   0   0
10615870928 736 690 530 962   0   0      34      22     124     132      17      29     121     122   0  39  39 0   8   8  33 200
10521870928 736 224 147 259   8   0       0      55      20     202       0       0       0       0  16   4  20 0   0   0   0   0
10543870928 736 148  95 199   0  58      43      90    2089    2147      46       0     715     158   3  19  23 0  19   8  45 200
 5424870928 737 217 166 257   2   0      26       0    1017     760       0       0       0       0  14  33  48 0   0   0   0   0
 4076870928 737 153 137 201   7   0      23       4     136      13       0       0       0       0  16  16  32 0   0   0   0   0
 4266870928 737 140 130 216   3   0       5       1     278      85       0       0       0       0  21  10  32 0   0   0   0   0
10601870928 737 648 451 920   0   0       0       0      18     122       0       0     121      10   0   0   0 0   6   8  27 200
10565870928 737 287 234 349   3   0       0       0     386     295       0       0       0       0   0   0   0 0   0   0   0   0
10617870928 738 754 518 953   0   0       4       3      50     232       2       0     229      57174244686210 0   9   8  27 200
 4265870928 739 129  75 215  12   0     100      10     573    1811       0       0       0       0  19  14  34 0   0   0   0   0
 4137870928 739  78  52 132  36   0     180      24    1965     988       0       0       0       0  24  17  41 0   0   0   0   0
10546870928 739 238 194 472   5   0       0       0      75     362       0       0       0       0   0   0   0 0   0   0   0   0
10516870928 739 533 232 719   0   0       0      12     176     450      12       0     446     163   0   8   8 0  17   8  33 200
10552870928 740 615 320 928   0   0       7      23     200     446      20       2     426     179   0  16  16 0  14   8  25 200
10550870928 740 250 214 637   2   3       2       1      23       8       0       0       0       0  26  11  38 0   0   0   0   0
10603870928 740 688 484 719   0   0       0       0      37     151       0       0     120      14   0   0   0 0   6   8  27 200
10557870928 741 214 186 274   8   0      18     163      97     422       0       0       0       0  16  11  27 0   0   0   0   0
10600870928 741 594 452 714   0   0       0      28      78     214      28       0     209      75   0   8   8 0  14   8  30 200
 4301870928 741 201 153 600   0 140     820     834    2832    2844       0       0       0       0   3  11  14 0   0   0   0   0
 7341870928 741 665 148 962   0   0       7      56     310     360      55       4     357     129   0  14  14 0  19   8  35 200
10576870928 741 164 128 281   0 104     366     368    2449    2456       0       0       0       0   3  22  25 0   0   0   0   0
10553870928 741 135  84 390   0 614    8389    8427   12284   12289       0       0       0       0   5  13  19 0   0   0   0   0
10554870928 742 276 226 337   2   0       0       0      25     310       0       0       0       0   0   0   0 0   0   0   0   0
 7774870928 742 288 253 785   2   0       0       0     157      33       0       0       0       0   0   0   0 0   0   0   0   0
10724870928 743 423 416 867   0   0       0       0      12       1       0       0       0       0   0   0   0 0   0   0   0   0
 7340870928 743 663 420 943   0   0       6      52     128     315      49       3     303     123   0  19  19 0  14   8  27 200
10711870928 743 425 418 871   0   3       0       0      15      12       0       0       0       0   0   0   0 0   0   0   0   0
 7610870928 744 488 358 919   0   0      13     225      81     343     216       8     336      80   0  24  24 0  14   8  25 200
 7720870928 744 158 154 176   3   0      60     121      66     139       0       0       0       0  15  11  27 0   0   0   0   0
10407870928 744 207 166 267  45   1       2       1    1096    1086       0       0       0       0  21  11  32 0   0   0   0   0
10723870928 745 423 423 869   0   0       0       0       1       0       0       0       0       0   0   0   0 0   0   0   0   0
 3213870928 746 716  69 764   0   0       0       0      28       2       0       0       0       0   0   0   0 0   1   8  28 200
 3544870928 747 157  98 160  11   0       0       0      38      19       0       0       0       0   0   0   0 0   0   0   0   0
 4410870928 747 157 156 347   0   0       0       0       2       0       0       0       0       0   0   0   0 0   0   0   0   0
 4271870928 747 428 421 914   1   0       0       0    1091    1081       0       0       0       0   0   0   0 0   0   0   0   0
 4177870928 747 402 401 874   0   1       0       0      12       7       0       0       0       0   0   0   0 0   0   0   0   0
 7761870928 747 402 395 875   1   0       0       0      15       1       0       0       0       0   0   0   0 0   0   0   0   0
 6561870928 747 425 418 872   0   0       0       0      12       1       0       0       0       0   0   0   0 0   0   0   0   0
 7035870928 747 173 169 306   0   0       0       0       2       0       0       0       0       0   0   0   0 0   0   0   0   0
 6737870928 748 432 425 883   0   0       0       0      12       1       0       0       0       0   0   0   0 0   0   0   0   0
 6562870928 748 426 424 873   0   0       0       0      19       1       0       0       0       0   0   0   0 0   0   0   0   0
 6556870928 748 425 424 869   0   0       0       0       1       0       0       0       0       0   0   0   0 0   0   0   0   0
 6554870928 748 425 423 871   0   0       0       0      19       1       0       0       0       0   0   0   0 0   0   0   0   0
10427870928 748 460 452 810   0   0       0       0       1       0       0       0       0       0   0   0   0 0   0   0   0   0
 6162870928 748 186  38 878   2   0       0       0      39    1087       0       0       0       0   0   0   0 0   0   0   0   0
10377870928 748 475 466 889   1   0       1       0      21       2       0       0       0       0   0   0   0 0   0   0   0   0
 2003870928 749 117  97 136  15   6     156      64    3743    2244       0       0       0       0   4   4   9 0   0   0   0   0
 3736870928 749 383 330 481   0   0       1       0      24       1       0       0       0       0   0   0   0 0   0   0   0   0
 7434870928 749 649 348 844   0   0       0       0      94     248       0       0     245      91   0   0   0 0  11   8  33 200
 6650870928 749 867 8661160   0   1       0       0      17      15       0       0       0       0   0   0   0 0   0   0   0   0
 2646870928 749 867 8663611   0   1       0       0      16      17       0       0       0       0   0   0   0 0   0   0   0   0
 5150870928 750 867 8661180   0   4       0       0      30      30       0       0       0       0   0   0   0 0   0   0   0   0
10474870928 750 425 240 942   0   1       1       0     117     279       0       0     279     113   0   0   0 0  14   8  25 200
10437870928 750 239 195 299   4   0       5      45      61     234       0       0       0       0  16   9  26 0   0   0   0   0
10722870928 751 425 418 877   0   0       0       0      24       1       0       0       0       0   0   0   0 0   0   0   0   0
10730870928 752 637 435 964   0   0       0       0      87     162       0       0     151      83   0   0   0 0  78   8  27 200
 3743870928 752 145 122 458   8   0      32       3      90     108       0       0       0       0  18  15  33 0   0   0   0   0
 4776870928 753 216 154 306  30   0      35      31    1119    1088       0       0       0       0  14  15  30 0   0   0   0   0
 4037870928 754 149 126 199  26   1     338       9     956     113       0       0       0       0  17  67  84 0   0   0   0   0
 4042870928 754 119  60 192  75   0     140       8    1786    1110       0       0       0       0  19  16  35 0   0   0   0   0
 4140870928 754 159 125 183   9   0      35       2     347     118       0       0       0       0  16  15  31 0   0   0   0   0
 4075870928 754 159  59 456  28   0      28     583     413    1115       0       0       0       0  15  18  34 0   0   0   0   0
 5425870928 754 138  58 196  59   0     697      86    1777    1565       0       0       0       0  18  22  41 0   0   0   0   0
 4716870928 754 337 331 745   0   0       0       0      14       1       0       0       0       0   0   0   0 0   0   0   0   0
 4675870928 754 277 272 526   0   0       0       0      14       1       0       0       0       0   0   0   0 0   0   0   0   0
 4744870928 754 199 171 514   6   0       0       0     351      16       0       0       0       0   0   0   0 0   0   0   0   0
 6254870928 755 159  39 188  60   0      86       5    2363    1362       0       0       0       0  15  17  33 0   0   0   0   0
 6257870928 755 131  60 151  73   0       2       0    1926    1797       0       0       0       0  27  17  44 0   0   0   0   0
 6553870928 755 103  73 241   0 358    3428    3429    5667    5683       0       0       0       0   8  11  20 0   0   0   0   0
 6255870928 756 131  77 217   3   0       6       3    1928    1441       0       0       0       0  19  12  31 0   0   0   0   0
 6256870928 756 428 421 872   0   0       0       0      14       1       0       0       0       0   0   0   0 0   0   0   0   0
10434870928 756 257 222 324   3   0       0       0      16     289       0       0       0       0   0   0   0 0   0   0   0   0
10256870928 757 656 415 944   0   0       3       0     130     165       2       2     162      83   0  15  15 0   9   8  25 200
10432870928 758 653 483 912   0   0       0       0      80     223       0       0     210      78   0   0   0 0   8   8  27 200
 6341870928 810 344 230 560   0  10      42      96    1049    1061      57       0     309     121   0  16  16 0  16   8  35 200
 7316870928 827 645 397 944   0   0       6      36      49     275      33       1     235      44   0  13  13 0   9   7  27 200
 2602870928 852  44  12 878  47   0     167      13    1088    1108       0       0       0       0  43  23  66 0   0   0   0   0
 2001870928 857 113  37 124  24   4      98      67    4041    6712       0       0       0       0   4   4   9 0   0   0   0   0
10675870928 857 578 499 980   4   0       3      33      29     352       0       0       0       0  11   9  21 0   0   0   0   0
 2017870928 858 114  79 368   0 909    9457    9465   16179   16249       0       0       0       0   4  17  22 0   0   0   0   0
 2014870928 858 250 242 426   0 264    1543    1532    3741    3805       0       0       0       0   0   3   4 0   0   0   0   0
 7711870928 858 478 259 939   0   0      11     109     144     396     108       5     392     145   0  16  16 0  16   8  33 200
10255870928 858 665 433 944   0   0       3      30      92     174      28       1     172      88   0  17  17 0   9   7  27 200
 2120870928 858 145 123 681   0  54     603     612    2893    2893       0       0       0       0   3  23  26 0   0   0   0   0
 2031870928 859  86  72 833   0  81     684     688    2153    2153       0       0       0       0  11  18  29 0   0   0   0   0
 2002870928 859  47  41 169  24  64    2599    5099    4234    6682       0       0       0       0  14  11  25 0   0   0   0   0
 2033870928 859 678 393 877   0   0       0       0      56     219       0       0     215      51   0   0   0 0   9   8  33 200
 2004870928 900 120  33 141  25  47     106      74    4528    7387       0       0       0       0   4   6  10 0   0   0   0   0
 2036870928 900 181 125 240  16   0      96       5     426    1382       0       0       0       0  14  16  30 0   0   0   0   0
 2011870928 900 176 121 336  66   0     575      38    1904    1867       0       0       0       0  15  24  40 0   0   0   0   0
 2023870928 901 198 144 374   0 531    3536    3509    9124    9108       0       0       0       0   3   7  10 0   0   0   0   0
 2053870928 901  87  64 372   01548    7939    7953   10822   10818       0       0       0       0   8  40  48 0   0   0   0   0
 2042870928 901  98  43 323   01028    7557    7562   16412   16391       0       0       0       0   6  17  24 0   0   0   0   0
 2010870928 901 119  97 318   0 566    7163    7166    9586    9595       0       0       0       0   4  15  19 0   0   0   0   0
 3675870928 901 193 148 339   0  26      20     122    2108    2153     110       3     534     252   3  13  16 0  19   8  45 200
 2035870928 902  89  38 130  37   0     174     190    1056     604       0       0       0       0  25  12  37 0   0   0   0   0
 2101870928 902 673 307 960   0   0       0       8     154     255       8       0     249     121   0   8   8 0  11   8  27 200
 2057870928 902 645 346 944   0   0       5       2      48     128       1       3     124      31   0  13  13 0  14   8  27 200
 2046870928 902 162 128 320   0 395    5353    5324   13090   13142       0       0       0       0   4  78  83 0   0   0   0   0
 2026870928 902 674 449 960   0   0       1       1      89     232       0       0     226     119   0   9   9 0  14   8  27 200
 2054870928 903 132 107 309   0 243    2219    2203    4590    4603       0       0       0       0   4   9  13 0   0   0   0   0
 2055870928 903 176 150 331   0 277    3069    3062    4453    4445       0       0       0       0   3   7  10 0   0   0   0   0
 2056870928 903 237 134 425   0 333    1811    1817    9097    9079       0       0       0       0   3   7  10 0   0   0   0   0
 2037870928 903 159 105 180   7   0      13       1     237    1388       0       0       0       0  18  12  31 0   0   0   0   0
 2107870928 904 290 268 471   2   0       0       0     178      53       0       0       0       0   0   0   0 0   0   0   0   0
 2045870928 904 100  83 173   8   2       0       0      70     256       0       0       0       0   0   0   0 0   0   0   0   0
 2074870928 904 154 110 243  12   0      22     106     303     576       0       0       0       0  17  11  29 0   0   0   0   0
 2102870928 904 180  88 228  48   1    1092      27    2972    4029       0       0       0       0  15  35  51 0   0   0   0   0
 2131870928 905 182  93 206  18   0     151      47     571    1919       0       0       0       0  15  15  30 0   0   0   0   0
 2063870928 905 294 286 608   1   0       4       3      48      35       0       0       0       0  17   3  21 0   0   0   0   0
 2156870928 905 867 8304016   0   5       0       0     430     430       0       0       0       0   0   0   0 0   0   0   0   0
 2125870928 905 108  69 139 115   0     736      25    2449     151       0       0       0       0  19  32  52 0   0   0   0   0
 2070870928 905 105  86 732   0 108     705     708    2658    2653       0       0       0       0   5   9  15 0   0   0   0   0
 2066870928 905  85  72 193   0  17     287     831     369    1041     587      31     883     184   6  12  19 7  27   7  27 200
 7652870928 906 517 297 927   0   0       3       2     125     282       1       0     259     121   0  13  13 0  16   8  32 200
 2155870928 906 736 4711078   0   0       0       0      85     326       0       0     318      82   0   0   0 0  14   8  25 200
 2077870928 906 115  91 317  15   1      26       3     294      28       0       0       0       0  17  24  41 0   0   0   0   0
 2163870928 907 681 355 961   0   0       0      29      90     212      29       0     211     122   0   9   9 0  12   7  30 200
 2100870928 907 272 253 544  11   1       0       0     710     520       0       0       0       0   0   0   0 0   0   0   0   0
 2126870928 908 147 123 164  11   0       4       1     571     195       0       0       0       0  23  13  37 0   0   0   0   0
 2127870928 908 160 121 172   6   0       1       1     363      24       0       0       0       0  16  11  28 0   0   0   0   0
 2206870928 908 168 136 177   8   0       0       0     275     125       0       0       0       0   0   0   0 0   0   0   0   0
 2123870928 908 216 201 785   6   0       0       0      42     883       0       0       0       0   0   0   0 0   0   0   0   0
 2223870928 909 115  67 238  20   0      14       4     497     867       0       0       0       0  18  13  31 0   0   0   0   0
 2167870928 909 125  13 209 123   0       0       0    1115    1854       0       0       0       0   0   0   0 0   0   0   0   0
 