      438   7     
      442   7     
      253   5     
      197   4     
      346   4     
      159   4     
      405   6     
      453   6     
      215   4     
      249   5     
      338   5     
      402   5     
      345   5     
      352   6     
      411   5     
      194   4     
      344   5     
      186   4     
      388   5     
      289   5     
      666   8     
      150   5     
      233   5     
      278   6     
      228   6     
      177   4     
      427   7     
      232   6     
      210   4     
      283   6     
      276   5     
      261   6     
      310   7     
      5562  6     
      294   6     
      225   5     
      303   6     
      242   5     
      351   6     
      321   6     
      310   5     
      260   7     
      370   7     
      318   7     
      276   6     
      350   6     
      547   7     
      352   7     
      408   7     
      350   6     
      620   8     
      308   6     
      221   6     
      331   6     
      311   6     
      214   6     
      178   5     
      345   4     
      182   5     
      136   4     
      328   5     
      242   5     
      389   5     
      256   5     
      783   4     
      236   5     
      135   4     
      398   5     
      175   4     
      68    3     
      496   4     
      129   3     
      329   5     
      234   5     
      154   3     
      364   5     
      264   5     
      114   3     
      518   4     
      294   4     
      631   5     
      128   4     
      227   4     
      239   4     
      205   3     
      95    3     
      97    2     
      283   4     
      247   5     
      210   4     
      118   4     
      107   3     
      249   3     
      297   4     
      360   5     
      150   3     
      448   5     
      590   4     
      303   7     
      105   5     
      240   6     
      389   8     
      392   8     
      222   5     
      384   7     
      181   4     
      127   4     
      223   6     
      333   7     
      272   5     
      516   7     
      498   6     
      169   5     
      309   5     
      410   8     
      610   7     
      376   5     
      403   6     
      263   6     
      407   6     
      245   6     
      116   4     
      544   7     
      318   7     
      317   7     
      300   7     
      288   7     
      274   6     
      265   6     
      251   6     
      277   6     
      476   6     
      550   6     
      332   7     
      341   7     
      256   6     
      163   5     
      491   7     
      372   7     
      651   7     
      400   8     
      320   7     
      162   7     
      363   7     
      253   6     
      170   5     
      94    5     
      397   8     
      206   5     
      619   5     
      105   4     
      324   6     
      282   7     
      216   4     
      246   6     
      358   7     
      143   6     
      491   7     
      70    2     
      206   6     
      366   6     
      519   6     
      53    2     
      116   4     
      281   7     
      151   4     
      45    2     
      325   7     
      260   7     
      343   6     
      330   7     
      237   5     
      388   6     
      340   5     
      353   5     
      54    3     
      350   5     
      457   8     
      351   6     
      319   6     
      380   7     
      176   5     
      387   6     
      225   5     
      321   5     
      377   6     
      73    3     
      298   7     
      320   7     
      361   6     
      305   7     
      593   6     
      240   7     
      161   4     
      256   7     
      49    2     
      92    3     
      323   7     
      514   6     
      236   5     
      411   6     
      290   7     
      348   6     
      290   6     
      357   7     
      299   6     
      405   6     
      392   6     
      163   5     
      633   6     
      294   6     
      209   5     
      353   6     
      348   5     
      292   7     
      290   5     
      364   6     
      449   5     
      400   5     
      307   5     
      342   5     
      353   5     
      389   5     
      469   5     
      262   5     
      216   4     
      338   6     
      479   6     
      229   5     
      333   6     
      324   5     
      391   5     
      271   5     
      439   7     
      350   5     
      822   5     
      187   5     
      388   6     
      240   4     
      390   5     
      353   6     
      604   5     
      287   5     
      323   5     
      288   5     
      338   5     
      370   6     
      554   6     
      818   4     
      555   4     
      182   3     
      511   7     
      339   6     
      414   4     
      344   6     
      157   4     
      136   4     
      308   6     
      379   7     
      282   6     
      237   6     
      169   4     
      292   6     
      265   5     
      119   4     
      63    3     
      207   4     
      341   6     
      347   7     
      235   6     
      161   4     
      311   4     
      435   5     
      368   5     
      277   4     
      178   3     
      392   4     
      214   3     
      176   3     
      281   4     
      328   4     
      399   5     
      461   5     
      630   5     
      592   4     
      190   5     
      331   5     
      153   5     
      222   6     
      536   6     
      383   6     
      270   5     
      232   4     
      201   4     
      274   5     
      444   6     
      266   6     
      319   4     
      139   4     
      2429  3     
      211   4     
      162   4     
      225   6     
      444   6     
      178   4     
      250   5     
      131   4     
      253   5     
      249   6     
      244   6     
      119   4     
      345   6     
      367   6     
      105   4     
      217   4     
      402   6     
      288   5     
      116   4     
      442   4     
      5229  5     
      98    3     
      510   4     
      105   4     
      240   4     
      76    3     
      232   6     
      800   4     
      343   6     
      235   6     
      241   6     
      6029  6     
      277   4     
      241   6     
      2246  3     
      1775  4     
      105   3     
      86    3     
      221   3     
      262   5     
      88    3     
      209   5     
      205   5     
      390   5     
      207   5     
      337   6     
      188   4     
      170   5     
      229   5     
      161   4     
      195   5     
      330   5     
      192   5     
      291   5     
      222   4     
      187   5     
      219   6     
      534   3     
      179   5     
      331   5     
      290   5     
      221   5     
      263   5     
      331   5     
      144   3     
      1122  5     
      307   5     
      317   5     
      278   5     
      367   5     
      393   5     
      231   5     
      350   5     
      232   3     
      231   5     
      309   5     
      220   5     
      343   5     
      308   5     
      6330  5     
      330   6     
      88    2     
      244   5     
      366   5     
      73    2     
      254   6     
      84    2     
      313   6     
      296   4     
      75    2     
      367   6     
      73    2     
      78    2     
      74    2     
      62    2     
      277   6     
      270   6     
      59    2     
      65    2     
      354   6     
      86    2     
      284   5     
      89    2     
      2335  2     
      213   2     
      85    2     
      89    2     
      697   6     
      90    2     
      354   6     
      305   5     
      263   5     
      271   7     
      327   6     
      377   6     
      361   6     
      271   5     
      285   6     
      329   5     
      130   3     
      321   6     
      237   5     
      228   4     
      263   6     
      345   7     
      134   5     
      389   8     
      308   6     
      377   7     
      292   5     
      266   5     
      481   7     
      2009  8     
      599   7     
      158   5     
      154   5     
      865   7     
      209   5     
      282   5     
      94    4     
      122   3     
      111   3     
      466   5     
      258   5     
      338   6     
      107   4     
      319   5     
      267   5     
      346   5     
      173   3     
      201   3     
      424   6     
      259   3     
      260   5     
      339   3     
      252   3     
      282   3     
      235   3     
      252   3     
      179   3     
      209   3     
      386   7     
      243   3     
      427   4     
      234   3     
      249   3     
      295   3     
      546   5     
      485   5     
      289   3     
      448   5     
      424   6     
      170   3     
      222   3     
      180   5     
      233   5     
      68    1     
      306   5     
      76    1     
      68    1     
      393   7     
      47    1     
      62    1     
      61    1     
      47    1     
      338   6     
      348   7     
      92    1     
      86    1     
      79    1     
      86    1     
      426   6     
      73    1     
      68    1     
      67    1     
      191   4     
      67    1     
      268   6     
      1024  6     
      248   6     
      250   6     
      249   6     
      476   7     
      309   7     
      271   6     
      276   7     
      1414  6     
      397   7     
      588   4     
      392   6     
      384   7     
      744   7     
      199   4     
      233   4     
      258   6     
      354   6     
      686   6     
      181   5     
      310   5     
      419   5     
      417   6     
      280   5     
      174   5     
      182   5     
      233   5     
      300   6     
      219   6     
      158   5     
      238   7     
      128   4     
      164   5     
      202   6     
      95    4     
      168   5     
      175   4     
      215   7     
      402   6     
      188   5     
      205   5     
      245   6     
      226   6     
      191   5     
      182   5     
      378   7     
      213   5     
      287   7     
      290   5     
      350   7     
      294   5     
      201   5     
      343   5     
      199   6     
      372   7     
      225   5     
      175   5     
      183   5     
      198   5     
      404   6     
      165   5     
      436   6     
      675   6     
      427   7     
      111   2     
      1004  5     
      363   4     
      312   7     
      345   6     
      402   6     
      253   6     
      731   6     
      244   6     
      263   5     
      1223  3     
      442   5     
      220   6     
      503   6     
      683   3     
      285   6     
      432   6     
      306   6     
      167   5     
      1209  6     
      383   5     
      120   6     
      305   7     
      3924  7     
      301   6     
      360   5     
      184   4     
      213   4     
      442   6     
      356   6     
      228   5     
      276   6     
      294   6     
      319   7     
      277   5     
      496   7     
      249   6     
      256   5     
      503   6     
      231   4     
      214   4     
      236   6     
      557   8     
      170   4     
      263   5     
      297   6     
      742   4     
      325   6     
      153   3     
      273   5     
      270   6     
      190   5     
      293   7     
      325   6     
      222   6     
      353   7     
      305   7     
      303   7     
      144   5     
      278   7     
      276   6     
      307   7     
      118   3     
      248   4     
      160   4     
      392   5     
      296   5     
      184   4     
      271   4     
      254   4     
      228   4     
      262   5     
      170   5     
      71    2     
      513   5     
      111   3     
      180   4     
      99    3     
      4719  3     
      222   4     
      209   5     
      157   4     
      110   3     
      228   5     
      198   4     
      126   3     
      660   5     
      311   5     
      123   3     
      273   5     
      7678  5     
      114   3     
      353   4     
      458   5     
      245   4     
      402   4     
      329   5     
      106   3     
      436   4     
      296   3     
      238   4     
      200   5     
      397   5     
      212   3     
      479   6     
      326   7     
      229   6     
      175   5     
      1404  7     
      328   7     
      301   7     
      276   6     
      416   6     
      364   7     
      340   6     
      194   5     
      245   6     
      374   8     
      334   6     
      163   5     
      224   5     
      316   7     
      339   6     
      504   6     
      359   7     
      522   7     
      817   7     
      310   7     
      290   6     
      4622  6     
      311   7     
      284   4     
      543   7     
      334   6     
      344   6     
      306   7     
      71    3     
      448   6     
      317   7     
      200   5     
      451   4     
      289   7     
      281   6     
      321   7     
      68    3     
      97    5     
      333   8     
      245   7     
      263   6     
      258   6     
      323   5     
      291   7     
      365   6     
      179   6     
      290   7     
      239   5     
      325   6     
      225   5     
      320   6     
      482   7     
      137   4     
      252   6     
      289   5     
      397   6     
      273   6     
      384   5     
      78    3     
      472   6     
      6360  6     
      293   7     
      205   6     
      291   7     
      273   7     
      344   6     
      55    3     
      60    2     
      245   6     
      338   6     
      385   6     
      306   7     
      152   5     
      367   4     
      292   7     
      174   6     
      289   6     
      373   5     
      276   7     
      189   5     
      259   7     
      441   6     
      281   7     
      55    3     
      211   6     
      163   4     
      230   6     
      386   7     
      286   6     
      474   6     
      320   6     
      640   6     
      307   5     
      240   6     
      590   6     
      267   4     
      306   7     
      446   6     
      573   7     
      314   5     
      266   7     
      329   7     
      5675  5     
      256   5     
      393   5     
      248   6     
      329   5     
      314   5     
      367   5     
      224   5     
      148   6     
      227   6     
      151   5     
      348   6     
      413   6     
      302   6     
      370   6     
      305   6     
      321   4     
      172   4     
      421   7     
      255   5     
      475   5     
      229   5     
      160   5     
      178   5     
      288   6     
      486   7     
      184   5     
      167   4     
      323   6     
      349   7     
      477   7     
      320   6     
      321   7     
      265   4     
      349   5     
      213   3     
      266   5     
      449   4     
      326   4     
      356   4     
      389   5     
      326   4     
      283   4     
      248   5     
      362   4     
      327   5     
      233   4     
      696   6     
      322   5     
      221   6     
      158   5     
      290   6     
      75    3     
      231   4     
      308   6     
      4837  6     
      291   6     
      235   4     
      97    3     
      148   3     
      78    3     
      147   5     
      114   4     
      309   5     
      220   6     
      187   4     
      244   6     
      103   3     
      436   7     
      96    4     
      261   5     
      237   6     
      227   6     
      159   4     
      93    3     
      395   6     
      126   5     
      573   5     
      174   4     
      439   5     
      397   6     
      258   6     
      118   4     
      495   7     
      209   5     
      578   7     
      153   5     
      2903  3     
      263   5     
      111   4     
      153   4     
      187   4     
      327   5     
      245   4     
      223   5     
      304   6     
      266   4     
      224   6     
      288   6     
      327   6     
      809   5     
      406   6     
      169   4     
      148   4     
      173   4     
      290   5     
      606   7     
      204   5     
      297   5     
      240   5     
      325   3     
      249   5     
      223   6     
      373   6     
      349   5     
      310   5     
      293   5     
      3300  6     
      353   6     
      337   6     
      183   3     
      603   5     
      375   6     
      303   6     
      276   5     
      182   4     
      217   5     
      329   5     
      186   5     
      654   6     
      340   5     
      310   5     
      376   5     
      211   7     
      326   6     
      449   2     
      75    2     
      74    2     
      383   6     
      217   4     
      73    2     
      153   2     
      84    2     
      116   4     
      117   4     
      75    2     
      423   4     
      72     
      264   4     
      98    2     
      91    2     
      72    2     
      77    2     
      126   2     
      110   2     
      109   2     
      331   6     
      296   6     
      322   5     
      169   4     
      436   6     
      301   6     
      349   5     
      712   6     
      272   5     
      365   5     
      256   5     
      605   5     
      134   3     
      349   6     
      123   5     
      406   6     
      553   8     
      320   6     
      333   6     
      369   7     
      125   5     
      317   7     
      153   5     
      249   5     
      238   6     
      449   7     
      178   5     
      106   3     
      4894  5     
      325   4     
      414   6     
      212   4     
      231   6     
      346   5     
      302   6     
      233   5     
      510   4     
      381   5     
      392   4     
      192   3     
      239   3     
      196   3     
      174   3     
      432   4     
      261   3     
      178   3     
      206   3     
      260   3     
      321   6     
      149   3     
      146   3     
      178   3     
      150   3     
      204   3     
      228   3     
      282   5     
      154   3     
      220   3     
      526   5     
      226   3     
      379   5     
      5870  5     
      326   7     
      334   7     
      231   6     
      332   4     
      353   6     
      239   6     
      248   6     
      411   6     
      308   4     
      311   4     
      372   6     
      188   4     
      323   6     
      411   6     
      344   6     
      395   5     
      290   4     
      290   5     
      319   5     
      204   3     
      109   5     
      105   4     
      307   5     
      192   5     
      173   5     
      104   4     
      318   6     
      357   5     
      231   6     
      189   5     
      212   5     
      332   6     
      203   6     
      205   5     
      301   6     
      227   7     
      316   6     
      427   7     
      76    4     
      182   4     
      313   6     
      165   4     
      255   6     
      205   5     
      161   5     
      1834  5     
      164   5     
      172   5     
      278   6     
      229   5     
      413   7     
      1036  6     
      56    3     
      325   6     
      339   6     
      305   6     
      182   5     
      476   7     
      197   5     
      288   7     
      339   6     
      354   5     
      296   5     
      261   5     
      6474  6     
      161   5     
      160   5     
      1446  7     
      261   5     
      440   7     
      404   7     
      343   5     
      172   5     
      463   6     
      415   6     
      408   6     
      253   5     
      410   6     
      99    2     
      217   5     
      291   7     
      208   5     
      178   3     
      296   7     
      213   5     
      312   6     
      637   5     
      207   3     
      255   6     
      321   5     
      196   6     
      272   7     
      200   6     
      253   6     
      649   7     
      235   5     
      225   5     
      830   4     
      208   5     
      379   5     
      289   5     
      262   5     
      275   7     
      422   5     
      498   7     
8@a;