1
 
                   MAX
            TOTAL  SIM                MAXIMUM CPS                   CONNECT
 DATE  HOUR USERS USERS            IN         OUT       TOTAL         HOURS
 
 
 910422   1    14     9         42.72      245.60      285.45          5.03
 910422   2     8     7         48.00      289.65      337.65          5.62
 910422   3    14     9         83.10      504.47      587.57          7.55
 910422   4    10     9         79.73      490.82      570.55          7.35
 910422   5     7     7         66.67      407.00      473.67          4.02
 910422   6     2     2         21.88      132.47      154.35          1.35
 910422   7     0     0          0.00        0.00        0.00          0.00
 910422   8     1     1         12.50       75.50       88.00          0.83
 910422   9     1     1         12.50       75.50       88.00          0.55
 910422  10     0     0          0.00        0.00        0.00          0.00
 910422  11     0     0          0.00        0.00        0.00          0.00
 910422  12     6     2          5.28       46.75       48.33          1.05
 910422  13    11    10         27.62      119.25      146.87          5.92
 910422  14    16    11         38.42      179.00      217.42          9.45
 910422  15    25    12         46.63      213.43      260.07         10.55
 910422  16    19    12         47.05      251.90      298.95          9.57
 910422  17    17    11         42.60      233.85      276.45          7.57
 910422  18    20    13         42.12      245.42      286.03         10.42
 910422  19    15     8         33.52      191.60      225.12          6.70
 910422  20    12     9         33.20      294.20      326.20          7.52
 910422  21    16     9         31.33      288.17      305.17          6.47
 910422  22    13     8         38.80      220.25      259.05          6.25
 910422  23    15     8         56.37      317.95      374.32          6.73
 910422  24     8     8         56.98      333.15      390.13          7.15
1
 
                   MAX
            TOTAL  SIM                MAXIMUM CPS                   CONNECT
 DATE  HOUR USERS USERS            IN         OUT       TOTAL         HOURS
 
 
 910423   1    10     9         74.95      460.93      535.88          8.00
 910423   2     9     8         54.95      341.55      396.50          6.33
 910423   3     6     5         26.83      186.90      210.78          4.32
 910423   4     5     5         29.77      167.75      197.52          2.00
 910423   5     5     3          4.03       87.25       90.13          1.53
 910423   6     2     1          9.58       57.92       67.50          0.95
 910423   7     1     1          9.58       57.92       67.50          0.85
 910423   8     0     0          0.00        0.00        0.00          0.00
 910423   9     0     0          0.00        0.00        0.00          0.00
 910423  10     0     0          0.00        0.00        0.00          0.00
 910423  11     1     1          4.95       38.00       42.95          0.23
 910423  12     7     5         17.22      190.60      207.82          3.12
 910423  13     9     6         45.85      354.53      397.77          4.48
 910423  14    13    10         60.73      347.33      408.07          7.58
 910423  15    16    10         60.47      352.22      412.68          8.10
 910423  16    16    11         56.75      352.43      406.43          9.15
 910423  17     8     7         50.20      291.17      341.37          6.58
 910423  18    11     6         44.87      223.82      268.17          4.05
 910423  19    10     7         53.03      272.40      325.43          4.77
 910423  20     5     5         33.40      202.48      235.88          4.27
 910423  21     8     4         32.40      192.72      225.12          3.25
 910423  22    11    10         47.20      270.13      317.33          7.47
 910423  23     9     7         41.83      250.55      292.38          3.18
 910423  24     7     6         39.70      253.32      293.02          4.42
1
 
                   MAX
            TOTAL  SIM                MAXIMUM CPS                   CONNECT
 DATE  HOUR USERS USERS            IN         OUT       TOTAL         HOURS
 
 
 910424   1     8     6         39.70      253.32      293.02          4.22
 910424   2     7     5         36.75      225.18      261.93          3.57
 910424   3     3     3         35.52      212.97      248.48          2.28
 910424   4     2     2         22.70      137.38      160.08          1.23
 910424   5     1     1         10.65       64.53       75.18          1.00
 910424   6     1     1         10.65       64.53       75.18          0.08
 910424   7     1     1          4.87       27.13       32.00          0.88
 910424   8     1     1          4.87       27.13       32.00          0.02
 910424   9     0     0          0.00        0.00        0.00          0.00
 910424  10     0     0          0.00        0.00        0.00          0.00
 910424  11     1     1          2.05       28.28       30.33          0.40
 910424  12     0     0          0.00        0.00        0.00          0.00
 910424  13     4     4         18.28      110.75      129.03          2.42
 910424  14     4     4         18.28      110.75      129.03          2.15
 910424  15    10     7         21.90      131.07      152.97          3.60
 910424  16    12     7         37.42      210.70      248.12          5.95
 910424  17    10     7         40.48      222.72      263.02          6.08
 910424  18    14     8         33.92      200.28      234.20          6.00
 910424  19    17     8         42.92      255.98      298.83          6.80
 910424  20    12     8         35.87      266.95      302.03          6.50
 910424  21    14     7         36.25      282.50      318.75          5.22
 910424  22    13     7         38.53      274.63      311.40          5.93
 910424  23     7     6         37.02      234.72      271.73          5.23
 910424  24     7     4         25.23      179.13      204.37          2.60
1
 
                   MAX
            TOTAL  SIM                MAXIMUM CPS                   CONNECT
 DATE  HOUR USERS USERS            IN         OUT       TOTAL         HOURS
 
 
 910425   1     9     7         81.47      406.83      471.75          4.50
 910425   2    13    10         89.00      546.37      635.37          8.75
 910425   3    14    10         95.37      571.57      666.93          9.23
 910425   4    10     9         93.30      558.98      651.73          7.97
 910425   5     9     7         75.40      456.93      532.33          5.22
 910425   6     6     5         49.57      300.47      350.03          4.28
 910425   7     4     4         38.90      235.70      274.60          4.00
 910425   8     5     4         38.90      235.70      274.60          2.32
 910425   9     2     2         18.87      114.27      133.13          1.02
 910425  10     1     1          9.83       59.55       69.38          0.25
 910425  11     0     0          0.00        0.00        0.00          0.00
 910425  12     2     1         12.53       75.77       88.30          0.38
 910425  13     7     5         25.80      169.72      195.52          2.55
 910425  14    14     9         46.07      282.37      327.18          5.07
 910425  15    19    12         80.55      450.58      531.13          9.78
 910425  16    22    12         80.55      450.58      531.13         10.55
 910425  17    16    10         44.68      254.67      299.35          5.40
 910425  18    14     8         30.33      191.95      222.28          6.58
 910425  19     9     6         20.80      159.42      178.47          4.35
 910425  20     3     3          5.53       37.95       43.48          0.60
 910425  21    19     8         41.88      257.32      299.20          3.95
 910425  22    14     8         51.92      301.55      353.47          6.42
 910425  23     7     6         36.02      234.13      270.15          3.57
 910425  24     7     6         42.12      254.92      297.03          4.67
1
 
                   MAX
            TOTAL  SIM                MAXIMUM CPS                   CONNECT
 DATE  HOUR USERS USERS            IN         OUT       TOTAL         HOURS
 
 
 910426   1     7     5         39.95      237.25      277.20          3.08
 910426   2     6     5         17.47      112.35      129.82          3.78
 910426   3     6     5         37.00      228.55      265.55          3.58
 910426   4     9     6         46.83      276.12      322.95          5.12
 910426   5     6     5         35.93      215.78      249.63          3.73
 910426   6     3     3         23.95      143.45      167.40          1.65
 910426   7     2     1          9.32       56.23       65.55          0.97
 910426   8     1     1          9.32       56.23       65.55          0.90
 910426   9     0     0          0.00        0.00        0.00          0.00
 910426  10     1     1          2.93       11.07       14.00          0.62
 910426  11     0     0          0.00        0.00        0.00          0.00
 910426  12     0     0          0.00        0.00        0.00          0.00
 910426  13     5     5          9.85       46.47       56.32          1.90
 910426  14    13     9         25.37      101.32      126.68          6.38
 910426  15    11     7         21.80       86.85      106.15          5.32
 910426  16    10     6         12.37       76.83       89.20          3.97
 910426  17     7     5          8.07       34.12       42.18          2.63
 910426  18    10     4          4.90       35.02       39.92          1.87
 910426  19    13     6         17.50      111.78      129.28          4.37
 910426  20    15     8         29.05      162.90      191.02          4.65
 910426  21     3     2         14.63       83.97       98.60          1.33
 910426  22     4     3         16.82       95.57      112.38          1.77
 910426  23     8     4         20.73      174.18      194.92          2.40
 910426  24     8     3         13.95      118.75      132.70          2.58
1     MAXIMUM OF MAXIMUM SIMULTANEOUS USERS
 
 
                   MAX
            TOTAL  SIM                MAXIMUM CPS                   CONNECT
 DATE  HOUR USERS USERS            IN         OUT       TOTAL         HOURS
 
 910422  18    20    13         42.12      245.42      286.03         10.42
 
 
     MAXIMUM OF CONNECT HOURS
 
 
                   MAX
            TOTAL  SIM                MAXIMUM CPS                   CONNECT
 DATE  HOUR USERS USERS            IN         OUT       TOTAL         HOURS
 
 910422  15    25    12         46.63      213.43      260.07         10.55
1
  