1
 
                   MAX
            TOTAL  SIM                MAXIMUM CPS                   CONNECT
 DATE  HOUR USERS USERS            IN         OUT       TOTAL         HOURS
 
 
 930320   1     0     0          0.00        0.00        0.00          0.00
 930320   2     0     0          0.00        0.00        0.00          0.00
 930320   3     0     0          0.00        0.00        0.00          0.00
 930320   4     0     0          0.00        0.00        0.00          0.00
 930320   5     0     0          0.00        0.00        0.00          0.00
 930320   6     0     0          0.00        0.00        0.00          0.00
 930320   7     0     0          0.00        0.00        0.00          0.00
 930320   8     0     0          0.00        0.00        0.00          0.00
 930320   9     0     0          0.00        0.00        0.00          0.00
 930320  10     0     0          0.00        0.00        0.00          0.00
 930320  11     0     0          0.00        0.00        0.00          0.00
 930320  12     0     0          0.00        0.00        0.00          0.00
 930320  13     0     0          0.00        0.00        0.00          0.00
 930320  14     0     0          0.00        0.00        0.00          0.00
 930320  15     0     0          0.00        0.00        0.00          0.00
 930320  16     2     2          8.82      175.98      184.80          0.40
 930320  17     3     2          8.82      175.98      184.80          0.18
 930320  18     0     0          0.00        0.00        0.00          0.00
 930320  19     4     2          7.33      202.62      209.82          0.92
 930320  20     4     2          7.08      193.70      200.78          1.05
 930320  21     0     0          0.00        0.00        0.00          0.00
 930320  22     0     0          0.00        0.00        0.00          0.00
 930320  23     1     1          3.85       75.98       79.83          0.03
 930320  24     0     0          0.00        0.00        0.00          0.00
1
 
                   MAX
            TOTAL  SIM                MAXIMUM CPS                   CONNECT
 DATE  HOUR USERS USERS            IN         OUT       TOTAL         HOURS
 
 
 930321   1     0     0          0.00        0.00        0.00          0.00
 930321   2     0     0          0.00        0.00        0.00          0.00
 930321   3     1     1         24.47       59.97       84.43          0.38
 930321   4     1     1         24.47       59.97       84.43          0.38
 930321   5     0     0          0.00        0.00        0.00          0.00
 930321   6     0     0          0.00        0.00        0.00          0.00
 930321   7     0     0          0.00        0.00        0.00          0.00
 930321   8     0     0          0.00        0.00        0.00          0.00
 930321   9     0     0          0.00        0.00        0.00          0.00
 930321  10     0     0          0.00        0.00        0.00          0.00
 930321  11     0     0          0.00        0.00        0.00          0.00
 930321  12     0     0          0.00        0.00        0.00          0.00
 930321  13     0     0          0.00        0.00        0.00          0.00
 930321  14     0     0          0.00        0.00        0.00          0.00
 930321  15     0     0          0.00        0.00        0.00          0.00
 930321  16     0     0          0.00        0.00        0.00          0.00
 930321  17     2     1          6.63       87.88       91.00          0.42
 930321  18     1     1          3.12       87.88       91.00          0.22
 930321  19     2     2          7.28      105.37      112.65          0.47
 930321  20     5     2          7.22      156.33      163.55          0.70
 930321  21     7     2          5.18       96.60      100.00          1.07
 930321  22     2     1          1.07        3.55        4.62          0.30
 930321  23     5     1         12.40      184.02      196.42          0.52
 930321  24     1     1          2.00       26.08       28.08          0.05
1
 
                   MAX
            TOTAL  SIM                MAXIMUM CPS                   CONNECT
 DATE  HOUR USERS USERS            IN         OUT       TOTAL         HOURS
 
 
 930322   1     3     2         29.88      161.28      191.17          0.12
 930322   2     4     1         18.48       41.67       60.15          0.12
 930322   3     7     2         25.63      145.93      171.57          0.28
 930322   4     2     1         32.87       96.92      129.78          0.15
 930322   5     6     1          8.68       22.22       30.90          0.18
 930322   6     9     2         26.00       79.92       93.17          0.45
 930322   7     7     2         24.65      105.18      119.03          0.73
 930322   8     3     1         13.27      104.57      117.80          0.22
 930322   9     9     3         61.77      290.10      351.87          0.70
 930322  10    12     3         42.95      320.90      363.85          1.13
 930322  11     6     3         39.55      258.17      297.72          0.47
 930322  12     5     2         23.17      212.65      235.82          0.57
 930322  13     8     3         36.00      380.12      411.90          1.30
 930322  14    13     3         33.88      240.63      274.52          0.58
 930322  15    16     5         39.13      274.60      308.65          1.65
 930322  16    24     4         32.48      373.10      405.58          1.52
 930322  17     5     2         10.63      112.53      122.90          0.47
 930322  18     2     1         10.03       83.50       86.67          0.12
 930322  19     9     2         17.02      122.57      139.58          0.45
 930322  20     8     2         13.22      111.02      116.67          0.30
 930322  21     5     2         13.00      164.28      177.28          0.62
 930322  22    16     5         37.58      430.38      462.30          1.87
 930322  23    12     4         11.25      166.13      177.38          0.43
 930322  24    11     2         10.40      217.10      227.50          0.45
1
 
                   MAX
            TOTAL  SIM                MAXIMUM CPS                   CONNECT
 DATE  HOUR USERS USERS            IN         OUT       TOTAL         HOURS
 
 
 930323   1    11     2         26.95      217.10      227.50          0.60
 930323   2     8     2         14.88      104.90      114.25          0.33
 930323   3     2     1         31.15       82.08      104.97          0.23
 930323   4     3     1         23.58       82.08       85.47          0.50
 930323   5     7     2         45.12      118.17      163.28          0.70
 930323   6     5     2         54.77      158.47      213.23          0.40
 930323   7    10     2         40.43      309.80      341.35          0.68
 930323   8    15     4         73.65      382.12      432.67          1.63
 930323   9    16     4         45.77      430.38      474.77          2.20
 930323  10    24     6         79.97      619.78      699.75          2.17
 930323  11     5     2         34.63      249.22      283.85          1.35
 930323  12     4     1         22.87      244.65      264.77          0.37
 930323  13     3     2         39.30      427.70      467.00          1.00
 930323  14     9     2         24.38      341.55      365.93          1.18
 930323  15    26     5         30.47      441.43      466.13          2.75
 930323  16    15     4         20.22      335.05      355.27          1.38
 930323  17     4     2         20.30       74.75       78.62          0.13
 930323  18     0     0          0.00        0.00        0.00          0.00
 930323  19     6     2          8.57      177.60      186.17          0.58
 930323  20    10     2         11.80      130.78      139.40          0.87
 930323  21    16     2         13.45      124.75      136.55          0.88
 930323  22    14     2          8.63      106.08      114.72          0.73
 930323  23     8     2          6.70       81.00       87.70          0.47
 930323  24    16     4         38.75      172.47      199.07          2.02
1
 
                   MAX
            TOTAL  SIM                MAXIMUM CPS                   CONNECT
 DATE  HOUR USERS USERS            IN         OUT       TOTAL         HOURS
 
 
 930324   1     5     3         14.68      134.10      148.78          1.20
 930324   2    10     4         42.88      245.50      257.97          2.02
 930324   3     5     3         36.40      310.08      346.48          2.12
 930324   4     2     2         27.23      159.90      187.13          0.75
 930324   5     2     1         21.70      147.10      154.95          0.18
 930324   6     1     1          4.30      107.78      112.08          0.05
 930324   7     4     2         34.65       92.65      127.30          0.23
 930324   8    10     3         49.00      327.70      376.70          1.03
 930324   9    12     4         52.02      483.52      535.53          1.97
 930324  10     3     3         38.90      277.68      316.58          1.62
 930324  11     4     2         28.08      377.08      405.17          0.42
 930324  12     5     4         49.97      556.33      606.30          1.03
 930324  13     5     2         30.02      287.50      317.40          0.70
 930324  14    12     3         22.83      325.53      348.37          1.20
 930324  15    16     4         24.78      337.63      358.35          2.52
 930324  16    17     3         12.30      217.23      229.37          1.08
 930324  17    13     3         13.80      165.23      179.03          1.25
 930324  18     9     4         17.57      186.32      202.30          0.77
 930324  19    12     3         13.35      134.15      143.83          0.52
 930324  20    10     3         11.33      183.50      192.53          0.45
 930324  21    13     3         41.75      181.45      193.73          0.90
 930324  22     5     1          4.67      103.53      108.20          0.25
 930324  23     9     2         51.87      225.67      277.53          0.65
 930324  24    17     3         36.82      111.47      148.28          0.70
1     MAXIMUM OF MAXIMUM SIMULTANEOUS USERS
 
 
                   MAX
            TOTAL  SIM                MAXIMUM CPS                   CONNECT
 DATE  HOUR USERS USERS            IN         OUT       TOTAL         HOURS
 
 930323  10    24     6         79.97      619.78      699.75          2.17
 
 
     MAXIMUM OF CONNECT HOURS
 
 
                   MAX
            TOTAL  SIM                MAXIMUM CPS                   CONNECT
 DATE  HOUR USERS USERS            IN         OUT       TOTAL         HOURS
 
 930323  15    26     5         30.47      441.43      466.13          2.75
1
  