1
 
                   MAX
            TOTAL  SIM                MAXIMUM CPS                   CONNECT
 DATE  HOUR USERS USERS            IN         OUT       TOTAL         HOURS
 
 
 930325   1     3     1          5.42       90.40       93.87          0.17
 930325   2     3     1          8.48      135.10      143.58          0.12
 930325   3     3     2         32.62      201.02      233.63          0.10
 930325   4    12     2         25.92      126.60      146.92          0.52
 930325   5     5     2         49.63      131.33      180.97          0.90
 930325   6     4     2         24.67      153.02      162.95          0.63
 930325   7     9     2         26.68       63.48       90.17          0.32
 930325   8    19     4         59.08      453.73      491.13          1.70
 930325   9    15     3         61.93      518.18      580.12          1.47
 930325  10    15     3         44.63      266.37      298.08          0.87
 930325  11    10     2         44.63      348.28      374.88          0.57
 930325  12    17     4         54.93      673.22      728.13          2.08
 930325  13    18     5         65.90      616.20      682.10          2.70
 930325  14    16     3         43.62      430.27      473.88          1.77
 930325  15    21     4         51.13      558.32      609.45          2.27
 930325  16    14     3         15.43      271.30      286.73          0.90
 930325  17    19     5         39.58      446.77      471.00          1.82
 930325  18     6     2         13.83      155.32      161.18          0.42
 930325  19    13     4         23.33      225.00      248.33          1.10
 930325  20    11     4         22.40      149.67      161.77          0.68
 930325  21     6     3          9.98      253.43      263.42          0.97
 930325  22    12     3         50.75      277.40      328.15          1.63
 930325  23    18     4         31.28      237.02      246.17          1.43
 930325  24     6     3         27.55      155.05      182.60          1.68
1
 
                   MAX
            TOTAL  SIM                MAXIMUM CPS                   CONNECT
 DATE  HOUR USERS USERS            IN         OUT       TOTAL         HOURS
 
 
 930326   1     5     2         21.33      141.80      163.13          0.58
 930326   2     9     2         29.33      242.52      271.85          0.82
 930326   3     9     3         48.60      211.90      260.50          0.80
 930326   4     4     3         22.52      248.53      257.22          2.03
 930326   5     3     3         29.35      258.72      288.07          2.08
 930326   6     7     5         36.45      279.97      316.42          2.15
 930326   7     8     3         27.08      358.87      374.37          2.28
 930326   8     5     4         49.98      508.23      558.22          2.70
 930326   9    10     4         63.15      439.88      503.03          0.98
 930326  10    10     3         51.10      569.98      621.08          1.13
 930326  11     5     3         37.47      306.50      343.97          0.68
 930326  12     5     2         40.87      418.57      459.43          0.85
 930326  13     4     2         22.20      312.95      335.15          0.53
 930326  14     3     2          3.55       12.60       16.15          0.10
 930326  15     5     2          6.23      104.57      110.80          0.15
 930326  16    15     2         24.35      261.73      281.00          0.75
 930326  17     8     1         14.68      132.75      147.43          0.37
 930326  18     2     1          3.85       89.02       92.77          0.08
 930326  19     5     2         13.85      110.93      124.78          0.62
 930326  20     7     1          3.30       54.92       58.22          0.15
 930326  21     6     2          8.77       56.97       60.25          0.30
 930326  22     6     1          4.20       88.50       92.70          0.20
 930326  23     7     2          4.97      113.60      118.57          0.40
 930326  24    10     3          7.08      124.48      131.57          0.47
1
 
                   MAX
            TOTAL  SIM                MAXIMUM CPS                   CONNECT
 DATE  HOUR USERS USERS            IN         OUT       TOTAL         HOURS
 
 
 930327   1     4     2          3.38       96.65      100.03          0.18
 930327   2     0     0          0.00        0.00        0.00          0.00
 930327   3     0     0          0.00        0.00        0.00          0.00
 930327   4     0     0          0.00        0.00        0.00          0.00
 930327   5     0     0          0.00        0.00        0.00          0.00
 930327   6     0     0          0.00        0.00        0.00          0.00
 930327   7     1     1          8.93       17.33       26.27          0.02
 930327   8     0     0          0.00        0.00        0.00          0.00
 930327   9     0     0          0.00        0.00        0.00          0.00
 930327  10     0     0          0.00        0.00        0.00          0.00
 930327  11     0     0          0.00        0.00        0.00          0.00
 930327  12     0     0          0.00        0.00        0.00          0.00
 930327  13     0     0          0.00        0.00        0.00          0.00
 930327  14     0     0          0.00        0.00        0.00          0.00
 930327  15     0     0          0.00        0.00        0.00          0.00
 930327  16     0     0          0.00        0.00        0.00          0.00
 930327  17     2     1         21.68      265.93      287.62          0.53
 930327  18     2     1         21.68      265.93      287.62          0.62
 930327  19     0     0          0.00        0.00        0.00          0.00
 930327  20     0     0          0.00        0.00        0.00          0.00
 930327  21     1     1          5.68       49.48       55.17          0.28
 930327  22     0     0          0.00        0.00        0.00          0.00
 930327  23     0     0          0.00        0.00        0.00          0.00
 930327  24     0     0          0.00        0.00        0.00          0.00
1
 
                   MAX
            TOTAL  SIM                MAXIMUM CPS                   CONNECT
 DATE  HOUR USERS USERS            IN         OUT       TOTAL         HOURS
 
 
 930328   1     1     1          3.68       87.40       91.08          0.07
 930328   2     0     0          0.00        0.00        0.00          0.00
 930328   3     0     0          0.00        0.00        0.00          0.00
 930328   4     0     0          0.00        0.00        0.00          0.00
 930328   5     0     0          0.00        0.00        0.00          0.00
 930328   6     0     0          0.00        0.00        0.00          0.00
 930328   7     0     0          0.00        0.00        0.00          0.00
 930328   8     0     0          0.00        0.00        0.00          0.00
 930328   9     0     0          0.00        0.00        0.00          0.00
 930328  10     0     0          0.00        0.00        0.00          0.00
 930328  11     0     0          0.00        0.00        0.00          0.00
 930328  12     1     1         21.92      279.22      301.13          0.55
 930328  13     1     1         21.92      279.22      301.13          0.17
 930328  14     1     1         12.97      189.33      202.30          0.13
 930328  15     0     0          0.00        0.00        0.00          0.00
 930328  16     0     0          0.00        0.00        0.00          0.00
 930328  17     0     0          0.00        0.00        0.00          0.00
 930328  18     0     0          0.00        0.00        0.00          0.00
 930328  19     0     0          0.00        0.00        0.00          0.00
 930328  20     0     0          0.00        0.00        0.00          0.00
 930328  21     0     0          0.00        0.00        0.00          0.00
 930328  22     2     1         12.68      190.00      202.68          0.17
 930328  23     1     1          0.03        0.15        0.18          0.08
 930328  24     2     1          5.48       80.73       86.22          0.20
1
 
                   MAX
            TOTAL  SIM                MAXIMUM CPS                   CONNECT
 DATE  HOUR USERS USERS            IN         OUT       TOTAL         HOURS
 
 
 930329   1     4     2         24.08      128.00      152.05          0.82
 930329   2    10     2         27.50      110.57      118.32          0.42
 930329   3     6     1         26.58       84.23      110.82          0.33
 930329   4     1     1         20.48       51.28       71.77          0.73
 930329   5     5     1         20.48       51.28       71.77          0.28
 930329   6     2     1         23.45       74.33       82.75          0.10
 930329   7     4     1          6.42       42.53       47.33          0.10
 930329   8     2     1         16.18       32.95       49.13          0.20
 930329   9     8     3         43.18      213.05      256.23          0.63
 930329  10     6     2         26.35      234.47      254.63          0.53
 930329  11     9     4         46.83      517.55      564.38          2.12
 930329  12     2     2         15.47      262.37      277.83          1.13
 930329  13     5     2         14.00      182.47      195.22          0.27
 930329  14     6     1          4.43      111.37      115.25          0.32
 930329  15     7     3         12.92      252.20      264.25          1.53
 930329  16    14     4         23.95      328.13      350.83          1.75
 930329  17    18     5         26.77      298.57      314.88          2.50
 930329  18     9     4         18.92      302.45      320.12          1.58
 930329  19     7     3         15.50      237.35      252.85          1.18
 930329  20    10     3         23.38      264.05      280.87          1.55
 930329  21     9     4         19.85      351.08      369.97          1.55
 930329  22    11     2         12.15      152.05      164.20          0.67
 930329  23     6     2         18.90      190.50      197.78          1.03
 930329  24    10     2          5.83      150.83      156.67          0.58
1     MAXIMUM OF MAXIMUM SIMULTANEOUS USERS
 
 
                   MAX
            TOTAL  SIM                MAXIMUM CPS                   CONNECT
 DATE  HOUR USERS USERS            IN         OUT       TOTAL         HOURS
 
 930325  13    18     5         65.90      616.20      682.10          2.70
 
 
     MAXIMUM OF CONNECT HOURS
 
 
                   MAX
            TOTAL  SIM                MAXIMUM CPS                   CONNECT
 DATE  HOUR USERS USERS            IN         OUT       TOTAL         HOURS
 
 930325  13    18     5         65.90      616.20      682.10          2.70
1
  