1
 
                   MAX
            TOTAL  SIM                MAXIMUM CPS                   CONNECT
 DATE  HOUR USERS USERS            IN         OUT       TOTAL         HOURS
 
 
 930322   1    40    26         10.10      236.55      246.65         22.17
 930322   2    40    29          8.85      192.27      201.12         25.48
 930322   3    78    36         14.00      180.00      193.17         28.58
 930322   4    66    35         12.62      229.98      240.15         29.77
 930322   5    39    30          8.87      159.77      168.63         28.32
 930322   6    45    34         15.28      240.93      256.22         29.00
 930322   7    85    36         14.70      237.23      251.35         30.07
 930322   8    98    35         20.22      257.62      272.57         29.05
 930322   9    66    32         17.60      217.83      235.43         26.53
 930322  10    37    26          9.00      157.80      166.80         22.82
 930322  11    32    23          8.02      128.42      135.20         20.75
 930322  12    29    24          6.65       93.07       99.72         22.22
 930322  13    41    27         18.47      272.18      290.65         22.77
 930322  14    47    28         18.93      310.13      329.07         22.47
 930322  15    36    25          9.83      154.32      164.15         23.15
 930322  16    37    24          9.18      188.12      194.45         21.65
 930322  17    25    21          4.30       84.47       88.77         19.03
 930322  18    20    19          1.23       51.53       52.77         18.13
 930322  19    20    18          0.18       13.03       13.22         17.75
 930322  20    22    19          1.90       58.78       60.68         17.72
 930322  21    26    19          3.87       88.30       92.17         17.28
 930322  22    26    19          3.23       63.50       65.60         17.45
 930322  23    28    22          4.88      113.20      118.08         19.38
 930322  24    40    26         10.75      112.43      122.23         21.05
1
 
                   MAX
            TOTAL  SIM                MAXIMUM CPS                   CONNECT
 DATE  HOUR USERS USERS            IN         OUT       TOTAL         HOURS
 
 
 930323   1    44    30         12.75      201.17      213.92         27.03
 930323   2    59    31         14.95      331.80      346.57         27.95
 930323   3    49    33         14.28      213.90      225.07         26.03
 930323   4    42    27         10.50      173.13      182.88         23.53
 930323   5    51    34         12.75      231.98      244.73         24.77
 930323   6    71    32         12.23      197.65      206.55         27.18
 930323   7   104    37         17.72      338.22      355.93         29.20
 930323   8    67    32         23.10      323.10      340.83         25.37
 930323   9    62    29         22.03      291.75      313.72         25.80
 930323  10    46    25         10.35      160.02      170.37         22.80
 930323  11    37    25         11.98      193.12      205.10         21.60
 930323  12    24    20          3.68       50.90       54.58         18.30
 930323  13    32    22          8.98      191.35      200.33         19.10
 930323  14    43    22         12.58      229.72      239.45         18.18
 930323  15    52    25         13.12      287.95      301.07         22.27
 930323  16    43    24         19.87      148.85      168.72         20.33
 930323  17    25    22          7.85      130.13      137.98         17.57
 930323  18    17    17          1.85       16.50       18.35         15.38
 930323  19    32    18          2.88      101.47      104.00         16.48
 930323  20    18    18          1.30       32.52       33.82         16.68
 930323  21    20    17          8.73       33.05       41.78         16.13
 930323  22    19    19          4.03       16.82       20.85         17.18
 930323  23    40    23          8.70      199.40      208.10         18.40
 930323  24    30    23          5.83      132.03      137.87         20.90
1
 
                   MAX
            TOTAL  SIM                MAXIMUM CPS                   CONNECT
 DATE  HOUR USERS USERS            IN         OUT       TOTAL         HOURS
 
 
 930324   1    39    26          8.97      205.98      214.95         23.67
 930324   2    52    34         14.70      204.30      215.83         26.23
 930324   3    56    30          8.20      144.70      152.90         27.35
 930324   4    45    28          8.55      137.25      143.03         24.58
 930324   5    47    27          9.85      200.03      209.88         23.70
 930324   6    51    26         12.03      189.93      201.37         22.87
 930324   7    69    31         19.88      258.65      277.27         24.92
 930324   8    47    29         20.08      365.48      385.57         25.65
 930324   9    58    24         12.47      226.32      236.95         20.90
 930324  10    36    27         19.15      259.90      279.05         20.98
 930324  11    31    24          9.40      134.38      143.37         20.48
 930324  12    37    22         11.85      157.58      169.43         18.22
 930324  13    42    21         10.13      169.38      179.52         17.27
 930324  14    60    20         10.73      180.98      191.45         16.60
 930324  15    49    23         14.08      291.50      305.58         18.73
 930324  16    40    21         13.63      198.45      212.08         16.77
 930324  17    24    19          7.28      125.57      132.85         16.35
 930324  18    25    17          3.93      116.70      120.47         15.33
 930324  19    19    15          4.98       56.15       58.43         14.75
 930324  20    17    15          4.45       50.75       55.20         13.58
 930324  21    18    16          9.88      126.05      135.93         14.10
 930324  22    20    15          2.60       51.87       54.47         13.18
 930324  23    26    19          4.77      112.93      117.70         15.05
 930324  24    35    20          6.77      127.70      134.47         17.27
1
 
                   MAX
            TOTAL  SIM                MAXIMUM CPS                   CONNECT
 DATE  HOUR USERS USERS            IN         OUT       TOTAL         HOURS
 
 
 930325   1    22    20          5.87      144.28      150.15         18.60
 930325   2    42    23          8.37      167.37      175.73         20.03
 930325   3    37    25         31.90      192.33      208.50         21.73
 930325   4    27    24          4.63       92.97       97.60         22.15
 930325   5    41    25         13.32      258.03      271.35         19.53
 930325   6    36    23         12.45      254.62      267.07         20.10
 930325   7    40    23         11.12      194.12      204.35         19.55
 930325   8    41    25         17.12      310.65      327.77         19.62
 930325   9    34    21          7.48      139.78      146.92         17.52
 930325  10    35    20          8.23      179.20      187.43         16.73
 930325  11    30    19          8.90      113.23      122.13         17.18
 930325  12    26    20         11.98      138.25      150.23         17.83
 930325  13    28    18          8.50      185.92      194.42         16.28
 930325  14    35    20         11.28      166.47      177.75         17.37
 930325  15    40    23          9.83      215.83      225.67         19.42
 930325  16    55    21         12.48      255.55      268.03         17.85
 930325  17    33    23          8.72      186.13      193.17         19.55
 930325  18    30    20          5.62      152.17      155.98         17.32
 930325  19    18    18          1.27       40.67       41.93         16.62
 930325  20    30    19          6.17       47.62       53.28         16.72
 930325  21    33    19          5.90      115.65      120.75         17.63
 930325  22    24    18          3.12       63.30       65.00         17.20
 930325  23    36    22          4.45      100.35      103.95         18.22
 930325  24    28    22          3.22       75.38       78.60         20.00
1
 
                   MAX
            TOTAL  SIM                MAXIMUM CPS                   CONNECT
 DATE  HOUR USERS USERS            IN         OUT       TOTAL         HOURS
 
 
 930326   1    34    25          8.22      189.42      197.63         21.98
 930326   2    48    25          9.93      142.60      152.38         22.65
 930326   3    52    26         10.72      213.87      224.58         23.22
 930326   4    52    26          9.32      149.93      158.47         18.88
 930326   5    41    20         10.85      142.17      153.02         12.37
 930326   6    42    25         14.60      213.67      228.27         22.95
 930326   7    48    27         13.60      227.18      239.72         24.52
 930326   8    61    30         14.17      224.67      238.25         26.22
 930326   9    68    25         15.03      244.03      258.13         20.07
 930326  10    48    22         11.75      167.05      178.18         16.93
 930326  11    55    20         11.13      144.27      155.40         15.85
 930326  12    38    21         12.42      203.58      216.00         17.18
 930326  13    29    16          9.83      164.92      173.35         14.47
 930326  14    36    19         12.23      221.65      233.27         14.13
 930326  15    35    15         17.20      289.22      306.42          9.82
 930326  16    30    12         10.50      138.18      148.03          8.60
 930326  17    14     9         11.72      144.73      151.75          6.97
 930326  18     9     5          8.38       50.38       58.22          3.20
 930326  19     4     1          2.23       35.98       37.03          0.42
 930326  20     2     1          1.93       81.12       83.05          0.30
 930326  21     9     4          6.67       78.87       84.93          1.00
 930326  22     3     3          5.30       72.12       77.42          1.50
 930326  23     1     1          3.08        5.95        9.03          0.50
 930326  24     5     2          2.97       91.00       93.97          0.47
1     MAXIMUM OF MAXIMUM SIMULTANEOUS USERS
 
 
                   MAX
            TOTAL  SIM                MAXIMUM CPS                   CONNECT
 DATE  HOUR USERS USERS            IN         OUT       TOTAL         HOURS
 
 930323   7   104    37         17.72      338.22      355.93         29.20
 
 
     MAXIMUM OF CONNECT HOURS
 
 
                   MAX
            TOTAL  SIM                MAXIMUM CPS                   CONNECT
 DATE  HOUR USERS USERS            IN         OUT       TOTAL         HOURS
 
 930322   7    85    36         14.70      237.23      251.35         30.07
1
  