1
 
                   MAX
            TOTAL  SIM                MAXIMUM CPS                   CONNECT
 DATE  HOUR USERS USERS            IN         OUT       TOTAL         HOURS
 
 
 951009   1     0     0          0.00        0.00        0.00          0.00
 951009   2     0     0          0.00        0.00        0.00          0.00
 951009   3     0     0          0.00        0.00        0.00          0.00
 951009   4     0     0          0.00        0.00        0.00          0.00
 951009   5     0     0          0.00        0.00        0.00          0.00
 951009   6     0     0          0.00        0.00        0.00          0.00
 951009   7     0     0          0.00        0.00        0.00          0.00
 951009   8     0     0          0.00        0.00        0.00          0.00
 951009   9     0     0          0.00        0.00        0.00          0.00
 951009  10     0     0          0.00        0.00        0.00          0.00
 951009  11     0     0          0.00        0.00        0.00          0.00
 951009  12     0     0          0.00        0.00        0.00          0.00
 951009  13     0     0          0.00        0.00        0.00          0.00
 951009  14     0     0          0.00        0.00        0.00          0.00
 951009  15     0     0          0.00        0.00        0.00          0.00
 951009  16     0     0          0.00        0.00        0.00          0.00
 951009  17     0     0          0.00        0.00        0.00          0.00
 951009  18     0     0          0.00        0.00        0.00          0.00
 951009  19     0     0          0.00        0.00        0.00          0.00
 951009  20     0     0          0.00        0.00        0.00          0.00
 951009  21     0     0          0.00        0.00        0.00          0.00
 951009  22     0     0          0.00        0.00        0.00          0.00
 951009  23     0     0          0.00        0.00        0.00          0.00
 951009  24     0     0          0.00        0.00        0.00          0.00
1
 
                   MAX
            TOTAL  SIM                MAXIMUM CPS                   CONNECT
 DATE  HOUR USERS USERS            IN         OUT       TOTAL         HOURS
 
 
 951010   1     0     0          0.00        0.00        0.00          0.00
 951010   2     0     0          0.00        0.00        0.00          0.00
 951010   3     0     0          0.00        0.00        0.00          0.00
 951010   4     0     0          0.00        0.00        0.00          0.00
 951010   5     0     0          0.00        0.00        0.00          0.00
 951010   6     0     0          0.00        0.00        0.00          0.00
 951010   7     0     0          0.00        0.00        0.00          0.00
 951010   8     0     0          0.00        0.00        0.00          0.00
 951010   9     0     0          0.00        0.00        0.00          0.00
 951010  10     0     0          0.00        0.00        0.00          0.00
 951010  11     0     0          0.00        0.00        0.00          0.00
 951010  12     0     0          0.00        0.00        0.00          0.00
 951010  13     0     0          0.00        0.00        0.00          0.00
 951010  14     0     0          0.00        0.00        0.00          0.00
 951010  15     0     0          0.00        0.00        0.00          0.00
 951010  16     0     0          0.00        0.00        0.00          0.00
 951010  17     0     0          0.00        0.00        0.00          0.00
 951010  18     0     0          0.00        0.00        0.00          0.00
 951010  19     0     0          0.00        0.00        0.00          0.00
 951010  20     0     0          0.00        0.00        0.00          0.00
 951010  21     0     0          0.00        0.00        0.00          0.00
 951010  22     0     0          0.00        0.00        0.00          0.00
 951010  23     0     0          0.00        0.00        0.00          0.00
 951010  24     0     0          0.00        0.00        0.00          0.00
1
 
                   MAX
            TOTAL  SIM                MAXIMUM CPS                   CONNECT
 DATE  HOUR USERS USERS            IN         OUT       TOTAL         HOURS
 
 
 951011   1     0     0          0.00        0.00        0.00          0.00
 951011   2     0     0          0.00        0.00        0.00          0.00
 951011   3     0     0          0.00        0.00        0.00          0.00
 951011   4     0     0          0.00        0.00        0.00          0.00
 951011   5     0     0          0.00        0.00        0.00          0.00
 951011   6     0     0          0.00        0.00        0.00          0.00
 951011   7     0     0          0.00        0.00        0.00          0.00
 951011   8     0     0          0.00        0.00        0.00          0.00
 951011   9     0     0          0.00        0.00        0.00          0.00
 951011  10     0     0          0.00        0.00        0.00          0.00
 951011  11     0     0          0.00        0.00        0.00          0.00
 951011  12     0     0          0.00        0.00        0.00          0.00
 951011  13     0     0          0.00        0.00        0.00          0.00
 951011  14     0     0          0.00        0.00        0.00          0.00
 951011  15     0     0          0.00        0.00        0.00          0.00
 951011  16     0     0          0.00        0.00        0.00          0.00
 951011  17     0     0          0.00        0.00        0.00          0.00
 951011  18     0     0          0.00        0.00        0.00          0.00
 951011  19     0     0          0.00        0.00        0.00          0.00
 951011  20     0     0          0.00        0.00        0.00          0.00
 951011  21     0     0          0.00        0.00        0.00          0.00
 951011  22     0     0          0.00        0.00        0.00          0.00
 951011  23     0     0          0.00        0.00        0.00          0.00
 951011  24     0     0          0.00        0.00        0.00          0.00
1
 
                   MAX
            TOTAL  SIM                MAXIMUM CPS                   CONNECT
 DATE  HOUR USERS USERS            IN         OUT       TOTAL         HOURS
 
 
 951012   1     0     0          0.00        0.00        0.00          0.00
 951012   2     0     0          0.00        0.00        0.00          0.00
 951012   3     0     0          0.00        0.00        0.00          0.00
 951012   4     0     0          0.00        0.00        0.00          0.00
 951012   5     0     0          0.00        0.00        0.00          0.00
 951012   6     0     0          0.00        0.00        0.00          0.00
 951012   7     0     0          0.00        0.00        0.00          0.00
 951012   8     0     0          0.00        0.00        0.00          0.00
 951012   9     0     0          0.00        0.00        0.00          0.00
 951012  10     0     0          0.00        0.00        0.00          0.00
 951012  11     0     0          0.00        0.00        0.00          0.00
 951012  12     0     0          0.00        0.00        0.00          0.00
 951012  13     0     0          0.00        0.00        0.00          0.00
 951012  14     0     0          0.00        0.00        0.00          0.00
 951012  15     0     0          0.00        0.00        0.00          0.00
 951012  16     0     0          0.00        0.00        0.00          0.00
 951012  17     0     0          0.00        0.00        0.00          0.00
 951012  18     0     0          0.00        0.00        0.00          0.00
 951012  19     0     0          0.00        0.00        0.00          0.00
 951012  20     0     0          0.00        0.00        0.00          0.00
 951012  21     0     0          0.00        0.00        0.00          0.00
 951012  22     0     0          0.00        0.00        0.00          0.00
 951012  23     0     0          0.00        0.00        0.00          0.00
 951012  24     0     0          0.00        0.00        0.00          0.00
1
 
                   MAX
            TOTAL  SIM                MAXIMUM CPS                   CONNECT
 DATE  HOUR USERS USERS            IN         OUT       TOTAL         HOURS
 
 
 951013   1     0     0          0.00        0.00        0.00          0.00
 951013   2     0     0          0.00        0.00        0.00          0.00
 951013   3     0     0          0.00        0.00        0.00          0.00
 951013   4     0     0          0.00        0.00        0.00          0.00
 951013   5     0     0          0.00        0.00        0.00          0.00
 951013   6     0     0          0.00        0.00        0.00          0.00
 951013   7     0     0          0.00        0.00        0.00          0.00
 951013   8     0     0          0.00        0.00        0.00          0.00
 951013   9     0     0          0.00        0.00        0.00          0.00
 951013  10     0     0          0.00        0.00        0.00          0.00
 951013  11     0     0          0.00        0.00        0.00          0.00
 951013  12     0     0          0.00        0.00        0.00          0.00
 951013  13     0     0          0.00        0.00        0.00          0.00
 951013  14     0     0          0.00        0.00        0.00          0.00
 951013  15     0     0          0.00        0.00        0.00          0.00
 951013  16     0     0          0.00        0.00        0.00          0.00
 951013  17     0     0          0.00        0.00        0.00          0.00
 951013  18     0     0          0.00        0.00        0.00          0.00
 951013  19     0     0          0.00        0.00        0.00          0.00
 951013  20     0     0          0.00        0.00        0.00          0.00
 951013  21     0     0          0.00        0.00        0.00          0.00
 951013  22     0     0          0.00        0.00        0.00          0.00
 951013  23     0     0          0.00        0.00        0.00          0.00
 951013  24     0     0          0.00        0.00        0.00          0.00
1     MAXIMUM OF MAXIMUM SIMULTANEOUS USERS
 
 
                   MAX
            TOTAL  SIM                MAXIMUM CPS                   CONNECT
 DATE  HOUR USERS USERS            IN         OUT       TOTAL         HOURS
 
      0   0     0     0          0.00        0.00        0.00          0.00
 
 
     MAXIMUM OF CONNECT HOURS
 
 
                   MAX
            TOTAL  SIM                MAXIMUM CPS                   CONNECT
 DATE  HOUR USERS USERS            IN         OUT       TOTAL         HOURS
 
      0   0     0     0          0.00        0.00        0.00          0.00
1
  