1
 
                   MAX
            TOTAL  SIM                MAXIMUM CPS                   CONNECT
 DATE  HOUR USERS USERS            IN         OUT       TOTAL         HOURS
 
 
 951016   1     2     1          2.80       41.67       44.47          0.07
 951016   2     2     1          2.80       41.67       44.47          0.07
 951016   3     2     1          2.80       41.67       44.45          0.07
 951016   4     2     1          2.67       40.83       43.50          0.10
 951016   5     1     1          2.67       40.82       43.48          0.05
 951016   6     0     0          0.00        0.00        0.00          0.00
 951016   7     0     0          0.00        0.00        0.00          0.00
 951016   8     0     0          0.00        0.00        0.00          0.00
 951016   9     0     0          0.00        0.00        0.00          0.00
 951016  10     0     0          0.00        0.00        0.00          0.00
 951016  11     4     2          6.87       41.67       44.47          0.60
 951016  12    60    15         37.13      437.55      474.68          7.57
 951016  13   312    52        143.97     1165.07     1293.35         32.03
 951016  14   480    71        210.18     1636.35     1806.92         50.13
 951016  15   736    90        261.53     2044.90     2298.18         73.25
 951016  16   942   123        432.02     2580.15     2981.28        101.47
 951016  17  1057   135        596.33     2769.77     3343.57        107.10
 951016  18  1298   176        723.48     3671.83     4372.07        140.98
 951016  19  1500   191        731.53     3809.00     4540.53        161.92
 951016  20  1505   175        547.88     3627.85     4115.50        154.50
 951016  21  1396   177        581.57     3414.90     3947.57        152.03
 951016  22   769   104        346.53     2155.55     2502.08         74.10
 951016  23   324    51        170.88     1016.08     1177.58         36.52
 951016  24   101    34        132.75      637.62      748.18         15.60
1
 
                   MAX
            TOTAL  SIM                MAXIMUM CPS                   CONNECT
 DATE  HOUR USERS USERS            IN         OUT       TOTAL         HOURS
 
 
 951017   1    45    23         83.05      508.62      591.67          4.02
 951017   2     5     1          2.80       39.37       41.55          0.53
 951017   3     8     2          8.18       99.65      107.83          0.48
 951017   4     4     2          3.38       46.62       50.00          0.18
 951017   5     3     1          2.67       40.83       43.50          0.23
 951017   6     1     1          2.45       24.82       27.27          0.05
 951017   7     1     1          0.83       11.50       12.33          0.15
 951017   8     0     0          0.00        0.00        0.00          0.00
 951017   9     0     0          0.00        0.00        0.00          0.00
 951017  10     0     0          0.00        0.00        0.00          0.00
 951017  11     6     3          8.73       47.40       50.68          1.15
 951017  12    35    11         21.47      281.47      302.93          4.60
 951017  13   168    33         99.90      774.42      870.70         17.23
 951017  14   379    61        138.55     1260.27     1395.75         38.32
 951017  15   547    78        308.48     1684.58     1993.07         59.22
 951017  16   323   100        308.23     1944.37     2252.60         40.27
 951017  17     3     3          6.50       43.37       49.87          0.80
 951017  18  1055   186        636.02     3527.22     4163.10        122.80
 951017  19  1407   181        547.17     3587.17     4118.47        148.67
 951017  20  1378   177        546.55     3438.78     3960.78        143.13
 951017  21  1165   153        566.67     3050.35     3612.10        126.17
 951017  22   533   101        320.00     1991.43     2311.43         56.23
 951017  23   130    38        132.58      849.80      975.98         12.37
 951017  24   112    24         74.08      427.43      480.38         16.28
1
 
                   MAX
            TOTAL  SIM                MAXIMUM CPS                   CONNECT
 DATE  HOUR USERS USERS            IN         OUT       TOTAL         HOURS
 
 
 951018   1    23    16         42.18      267.22      309.40          2.35
 951018   2     6     2          2.25       39.50       41.68          0.35
 951018   3     5     2          4.15       50.43       54.58          0.43
 951018   4     5     1          3.83       49.22       53.05          0.25
 951018   5     3     1          5.62       83.17       88.78          0.10
 951018   6     0     0          0.00        0.00        0.00          0.00
 951018   7     0     0          0.00        0.00        0.00          0.00
 951018   8     0     0          0.00        0.00        0.00          0.00
 951018   9     0     0          0.00        0.00        0.00          0.00
 951018  10     4     4          6.15       70.15       76.30          0.98
 951018  11    11     6          9.08      133.02      142.10          4.32
 951018  12    41    12         17.58      223.40      240.98          7.58
 951018  13   194    41        130.13     1020.23     1150.37         20.32
 951018  14   367    63        239.98     1368.83     1608.82         35.27
 951018  15   579    83        306.08     1765.27     2071.35         60.83
 951018  16   767   105        437.87     2251.60     2689.47         85.95
 951018  17   861   114        443.52     2369.00     2766.82         93.12
 951018  18  1045   151        707.40     3132.98     3720.87        118.20
 951018  19  1317   166        608.60     3307.48     3916.08        141.88
 951018  20  1338   169        515.62     3418.32     3924.20        136.32
 951018  21   312   137        396.03     2709.85     3105.88         35.30
 951018  22     9     3         13.13       83.48       96.62          0.88
 951018  23    92    20         54.90      422.48      477.38          9.23
 951018  24    91    20         51.77      360.82      412.58         13.42
1
 
                   MAX
            TOTAL  SIM                MAXIMUM CPS                   CONNECT
 DATE  HOUR USERS USERS            IN         OUT       TOTAL         HOURS
 
 
 951019   1    30    15         29.03      275.18      304.22          2.43
 951019   2     7     2          3.48       68.72       71.62          0.77
 951019   3     4     2          4.97       68.22       73.18          0.40
 951019   4     2     1          2.80       41.92       44.72          0.17
 951019   5     4     1          6.38       41.98       44.78          0.15
 951019   6     3     1          1.50       28.08       29.50          0.37
 951019   7     0     0          0.00        0.00        0.00          0.00
 951019   8     0     0          0.00        0.00        0.00          0.00
 951019   9     0     0          0.00        0.00        0.00          0.00
 951019  10     0     0          0.00        0.00        0.00          0.00
 951019  11    11     6          8.87      116.53      125.40          2.28
 951019  12     8     7         10.68      131.68      142.37          2.62
 951019  13     1     1          2.27       19.77       22.03          0.23
 951019  14   233    44        150.33     1223.12     1373.45         22.60
 951019  15   535    92        285.93     1814.28     2100.22         57.37
 951019  16   743    98        327.28     2091.17     2390.18         81.05
 951019  17   820   122        419.98     2693.15     3095.42         91.75
 951019  18  1111   160        608.55     3331.78     3856.22        125.20
 951019  19  1180   173        541.00     3589.72     4119.42        131.40
 951019  20  1246   167        512.32     3324.73     3815.47        130.72
 951019  21  1090   147        567.12     3114.88     3674.78        121.08
 951019  22   435    77        219.97     1498.65     1718.62         45.63
 951019  23   127    25         55.97      492.10      545.63         15.45
 951019  24    90    19         57.43      391.67      431.37         13.98
1
 
                   MAX
            TOTAL  SIM                MAXIMUM CPS                   CONNECT
 DATE  HOUR USERS USERS            IN         OUT       TOTAL         HOURS
 
 
 951020   1    18     7         15.03      121.77      132.50          1.70
 951020   2     7     3          6.30       71.28       77.58          0.55
 951020   3     4     2          2.83       43.12       45.95          0.92
 951020   4     3     1          2.80       41.98       44.78          0.12
 951020   5     8     2          3.77       43.90       47.67          0.18
 951020   6     2     1          2.35       15.47       17.82          0.12
 951020   7     0     0          0.00        0.00        0.00          0.00
 951020   8     0     0          0.00        0.00        0.00          0.00
 951020   9     0     0          0.00        0.00        0.00          0.00
 951020  10     1     1          2.83       27.05       29.88          0.18
 951020  11     9     4          8.22       68.93       74.43          1.82
 951020  12    41     9         31.62      252.32      283.93          4.38
 951020  13   119    27         57.47      724.65      782.12         12.00
 951020  14   291    50        164.38     1144.50     1289.42         32.70
 951020  15   443    69        225.52     1592.65     1805.00         47.27
 951020  16   794   148        526.80     3420.90     3947.70         84.62
 951020  17  1323   203        865.25     4283.37     5084.52        146.23
 951020  18  1825   260        982.03     5055.30     5887.10        195.47
 951020  19  1306   264        766.17     4940.73     5682.17        152.03
 951020  20     6     6          7.07       57.57       64.63          3.83
 951020  21     0     0          0.00        0.00        0.00          0.00
 951020  22    28    27         73.78      517.45      591.23          1.08
 951020  23   118    32         84.52      650.85      735.37         11.80
 951020  24   154    45        109.77      778.33      888.10         19.92
1     MAXIMUM OF MAXIMUM SIMULTANEOUS USERS
 
 
                   MAX
            TOTAL  SIM                MAXIMUM CPS                   CONNECT
 DATE  HOUR USERS USERS            IN         OUT       TOTAL         HOURS
 
 951020  19  1306   264        766.17     4940.73     5682.17        152.03
 
 
     MAXIMUM OF CONNECT HOURS
 
 
                   MAX
            TOTAL  SIM                MAXIMUM CPS                   CONNECT
 DATE  HOUR USERS USERS            IN         OUT       TOTAL         HOURS
 
 951020  18  1825   260        982.03     5055.30     5887.10        195.47
1
  