1
 
                   MAX
            TOTAL  SIM                MAXIMUM CPS                   CONNECT
 DATE  HOUR USERS USERS            IN         OUT       TOTAL         HOURS
 
 
 951009   1    68    35         86.05     1695.63     1775.78         23.88
 951009   2    78    30         63.87     1739.08     1802.95         21.82
 951009   3    79    25         50.53     1372.32     1422.77         20.28
 951009   4    55    17        118.78     1080.22     1114.63         13.63
 951009   5    30    14        210.47      522.25      684.87          8.97
 951009   6    25     9         19.27      323.43      341.75          6.00
 951009   7    19     7         22.80      294.65      311.03          4.45
 951009   8    24     8         17.57      398.48      416.05          4.42
 951009   9    32    11         13.43      391.37      403.75          6.12
 951009  10    57    17         25.38      852.32      877.70         10.63
 951009  11   146    48         80.10     1480.15     1552.12         29.70
 951009  12   459   148        175.47     4056.45     4231.92         86.32
 951009  13   759   204        290.08     5451.28     5741.37        175.00
 951009  14   558   154        160.33     3874.93     4014.93        134.73
 951009  15   724   197        226.43     5715.27     5941.70        140.18
 951009  16   594   201        223.40     6283.08     6506.48        106.18
 951009  17   521   142        287.08     4724.68     4935.80         83.85
 951009  18   626   152        218.95     5007.35     5210.72         94.98
 951009  19   622   136        542.42     4266.05     4665.40        101.98
 951009  20   594   120        468.52     4520.63     4706.55         90.43
 951009  21   570   148        236.70     5671.28     5906.62         81.97
 951009  22   231    68        148.43     2590.00     2683.37         44.00
 951009  23   150    39         73.60     1792.23     1865.83         31.35
 951009  24   139    34         96.42     1692.35     1751.33         26.10
1
 
                   MAX
            TOTAL  SIM                MAXIMUM CPS                   CONNECT
 DATE  HOUR USERS USERS            IN         OUT       TOTAL         HOURS
 
 
 951010   1   137    37         82.17     1532.47     1597.98         32.18
 951010   2   153    44        106.45     1979.13     2082.82         34.13
 951010   3   137    47        102.37     2465.70     2564.85         34.20
 951010   4    94    34         79.68     1327.12     1395.98         25.05
 951010   5    50    20         44.05      544.82      588.87         14.08
 951010   6    37    13         15.87      310.47      324.57         10.27
 951010   7    51    16         22.45      474.17      496.62         11.07
 951010   8    37    11         19.83      408.88      425.85          7.50
 951010   9    40    13         23.00      473.10      493.83          9.87
 951010  10    59    22         36.73      976.15     1012.22         12.40
 951010  11   151    52        127.52     2060.88     2164.13         34.78
 951010  12   512   168        199.40     4707.98     4877.60         95.77
 951010  13   776   214        218.62     6082.23     6297.68        176.95
 951010  14   567   157        205.72     3526.08     3668.00        144.02
 951010  15   724   185        251.35     4771.83     5023.18        144.87
 951010  16   411   212        301.02     5519.15     5800.17         85.80
 951010  17    13    13         10.10      233.02      243.12          6.88
 951010  18   427    95        110.20     2564.23     2661.15         67.93
 951010  19   707   145        176.48     4274.52     4443.52        111.93
 951010  20   651   134        168.03     4781.30     4947.58         96.05
 951010  21   588   154        201.20     5408.45     5597.67         89.37
 951010  22   238    65        106.93     2112.43     2219.37         50.60
 951010  23   157    43         91.28     1655.02     1746.30         36.10
 951010  24   154    38         87.07     1635.35     1702.23         32.87
1
 
                   MAX
            TOTAL  SIM                MAXIMUM CPS                   CONNECT
 DATE  HOUR USERS USERS            IN         OUT       TOTAL         HOURS
 
 
 951011   1   151    40         83.70     1915.05     1997.80         34.20
 951011   2   145    53        250.68     2331.77     2435.07         44.92
 951011   3   136    47        593.03     1834.60     2121.50         36.98
 951011   4    85    34        379.12     1176.00     1514.95         26.08
 951011   5    62    22        374.55      641.57      971.78         15.63
 951011   6     7     7          6.28      109.67      115.95          4.13
 951011   7     1     1          0.17        4.20        4.37          1.00
 951011   8     1     1          0.17        4.20        4.37          1.00
 951011   9    26    12         21.15      460.33      481.48          5.63
 951011  10    49    17         31.12      599.57      630.68         12.72
 951011  11   124    36         62.93     1171.48     1228.77         21.92
 951011  12   489   142        199.02     4405.28     4573.45         88.95
 951011  13   709   205        211.77     5618.17     5829.93        162.70
 951011  14   535   141        199.27     3494.42     3664.70        128.55
 951011  15   734   201        224.58     5567.30     5791.88        143.80
 951011  16   643   218        257.90     6200.23     6458.13        117.85
 951011  17   495   124        157.42     4140.77     4290.03         74.75
 951011  18   637   148        202.62     5809.72     6012.33        101.68
 951011  19   677   141        178.77     4753.60     4923.67        107.43
 951011  20   667   168        199.60     5474.77     5674.12        110.40
 951011  21   603   175        244.53     5809.02     6021.60         92.30
 951011  22   256    63        215.43     2060.03     2270.92         51.70
 951011  23    93    36         68.50     1286.57     1354.37         26.12
 951011  24    39    27         47.08      888.47      935.55         13.27
1
 
                   MAX
            TOTAL  SIM                MAXIMUM CPS                   CONNECT
 DATE  HOUR USERS USERS            IN         OUT       TOTAL         HOURS
 
 
 951012   1   136    38        221.17     1734.07     1820.85         33.07
 951012   2   146    46        156.35     1836.15     1991.98         39.58
 951012   3   139    54        120.92     2135.93     2250.07         41.93
 951012   4    95    37        109.38     1422.35     1531.73         28.85
 951012   5    54    20         56.18      681.33      730.08         14.55
 951012   6    45    16         18.65      405.83      421.15         11.65
 951012   7    51    22         43.98      735.60      779.58         13.12
 951012   8    43    15        181.18      390.65      408.35         10.22
 951012   9    42    12        241.38      372.67      588.83          8.27
 951012  10    35    15         31.48      442.57      470.22          9.43
 951012  11     4     4          2.35       55.63       57.98          1.68
 951012  12     1     1          0.10        2.32        2.42          1.00
 951012  13   384   138        123.58     3609.73     3722.98         74.93
 951012  14   534   143        120.77     3482.38     3599.97        118.72
 951012  15   713   194        239.33     5859.63     6059.22        134.37
 951012  16   630   210        210.83     6028.67     6232.45        109.30
 951012  17   499   141        173.00     4962.12     5135.12         75.77
 951012  18   613   151        210.88     5544.87     5755.75         99.67
 951012  19   700   147        194.22     5137.72     5320.30        112.58
 951012  20   666   162        208.08     5302.33     5510.42         99.18
 951012  21   563   167        345.87     5789.05     6009.93         86.60
 951012  22   249    58        119.28     1870.40     1983.27         47.48
 951012  23   163    44        568.65     1592.08     2068.65         35.48
 951012  24   150    43        311.20     1657.73     1965.05         34.23
1
 
                   MAX
            TOTAL  SIM                MAXIMUM CPS                   CONNECT
 DATE  HOUR USERS USERS            IN         OUT       TOTAL         HOURS
 
 
 951013   1   148    44        523.60     1870.70     2325.95         38.17
 951013   2   149    43        420.00     1803.40     2213.25         38.42
 951013   3   152    51        482.52     2001.03     2282.52         42.88
 951013   4   106    43        220.00     1756.52     1848.33         29.27
 951013   5    70    29        221.18      864.95     1028.38         20.32
 951013   6    45    13         16.82      441.70      457.95         10.30
 951013   7    30    12         12.78      316.20      328.98          8.93
 951013   8    36    12        121.88      401.95      436.27          8.17
 951013   9    45    14         23.90      465.78      488.52          8.30
 951013  10    67    25         49.97     1018.97     1068.93         15.55
 951013  11   126    43         57.55     1347.13     1393.85         24.48
 951013  12   489   163        187.30     4542.63     4714.00         92.88
 951013  13   806   213        220.45     5757.15     5977.60        191.23
 951013  14   603   178        325.60     4759.95     4931.50        136.83
 951013  15   722   200        219.65     5996.57     6216.22        132.95
 951013  16   630   202        210.98     5953.03     6164.02        112.67
 951013  17   511   133        168.27     4743.53     4911.80         75.88
 951013  18   616   162        226.85     5780.48     5992.42        102.17
 951013  19   652   163        253.23     5543.78     5773.43        107.57
 951013  20   608   133        194.32     4608.78     4802.80         87.03
 951013  21   532   155        189.88     5244.45     5434.33         77.23
 951013  22   153    40         62.55     1435.38     1479.85         27.35
 951013  23    85    29         61.30     1223.45     1284.75         18.32
 951013  24    74    21         33.22      862.28      892.02         11.20
1     MAXIMUM OF MAXIMUM SIMULTANEOUS USERS
 
 
                   MAX
            TOTAL  SIM                MAXIMUM CPS                   CONNECT
 DATE  HOUR USERS USERS            IN         OUT       TOTAL         HOURS
 
 951011  16   643   218        257.90     6200.23     6458.13        117.85
 
 
     MAXIMUM OF CONNECT HOURS
 
 
                   MAX
            TOTAL  SIM                MAXIMUM CPS                   CONNECT
 DATE  HOUR USERS USERS            IN         OUT       TOTAL         HOURS
 
 951013  13   806   213        220.45     5757.15     5977.60        191.23
1
  