        2769687 40011631111772  0   40  0921001 142       97795       25416       123211921001 208     26 2 0775272OKIODA                    9191  0       0       000   0 6135 76720    00    1537      0              000000000000000000000000000000000     0     0 0     
        5325087 400116311 2305  0   40  09210011917          51       91550        916019210011932     14 2 0775272OKIODA                    9191  0       0       000   069435702900    00     855      0              000000000000000000000000000000000     0     0 0     
        5597576 40011641111772  0   40  09210012319          50        2250         23009210012323      3 3 0775272OKIODA                    9191  0       0       000   083969841690    00     200      0              000000000000000000000000000000000     0     0 0     
        5622979 63351441111772  0   40  09210012351           1         264          2659210012353      1 3 0775272OKIODA                    3743  0       0       000   085888859640    00      76      0              000000000000000000000000000000000     0     0 0     
        5631734 40011641111772  0   40  0921002   3        1046        3723         4769921002  16     14 2 0775272OKIODA                    9191  0       0       000   0  160  9810    00     821      0              000000000000000000000000000000000     0     0 0     
       11557498 633514111 2305  0   40  09210022333           1         328          3299210022333      1 3 0775272OKIODA                    3743  0       0       000   084764847950    00      31      0              000000000000000000000000000000000     0     0 0     
       11559640 63351441111772  0   40  09210022336          13        2174         21879210022337      2 3 0775272OKIODA                    3743  0       0       000   084935850360    00     101      0              000000000000000000000000000000000     0     0 0     
       11654305 633514111 2305  0   40  0921003 213         123       10477        10600921003 224     11 3 0775272OKIODA                    3743  0       0       000   0 7998 86660    00     668      0              000000000000000000000000000000000     0     0 0     
       10799995 40011651111772  0   40  09210051756           8        1587         15959210051801      4 3 0775272OKIODA                    9191  0       0       000   064588648570    00     269      0              000000000000000000000000000000000     0     0 0     
       10809135 40011641111772  0   40  09210051803          57       31257        313149210051809      6 2 0775272OKIODA                    9191  0       0       000   064971653410    00     370      0              000000000000000000000000000000000     0     0 0     
       11196373 400116511 2305  0   40  09210052309      424710        1466       4261769210052333     24 3 0775272OKIODA                    9191  0       0       000   083345847630    00    1418      0              000000000000000000000000000000000     0     0 0     
        3485356 40011641111772  0   40  09210061756          51        7375         74269210061801      5 2 0775272OKIODA                    9191  0       0       000   064531648520    00     321      0              000000000000000000000000000000000     0     0 0     
        3895051 40011641111772  0   40  09210062306       13424        4441        178659210062329     23 2 0775272OKIODA                    9191  0       0       000   083173845660    00    1393      0              000000000000000000000000000000000     0     0 0     
       11220663 400116411 2305  0   40  09210052337     1748429        6664      1755093921006 126    109 2 0775272OKIODA                    9191  0       0       000   085008 51370    00    6529      0              000000000000000000000000000000000     0     0 0     
        4649657 40011641111772  0   40  09210072339       11720        2656        143769210072346      6 2 0775272OKIODA                    9191  0       0       000   085154855410    00     387      0              000000000000000000000000000000000     0     0 0     
       13301577 400116511 2305  0   40  09210071410          38        4351         43899210071415      5 2 0775272OKIODA                    9191  0       0       000   050980513080    00     328      0              000000000000000000000000000000000     0     0 0     
        2287913 40011641111772  0   40  09210081412          51       21537        215889210081418      6 2 0775272OKIODA                    9191  0       0       000   051127514780    00     351      0              000000000000000000000000000000000     0     0 0     
        4681425 40011641111772  0   40  0921008  20       11138       15242        26380921008  32     11 2 0775272OKIODA                    9191  0       0       000   0 1228 19050    00     677      0              000000000000000000000000000000000     0     0 0     
        3038021 400116511 2305  0   40  0921009  18        9652       42333        51985921009  31     13 2 0775272OKIODA                    9191  0       0       000   0 1105 18630    00     758      0              000000000000000000000000000000000     0     0 0     
       12543645 400116511 2305  0   40  09210092308       45282        6224        515069210092328     20 2 0775272OKIODA                    9191  0       0       000   083276844620    00    1186      0              000000000000000000000000000000000     0     0 0     
        3170798 40011651111772  0   40  0921010  36          55      268536       268591921010 111     36 2 0775272OKIODA                    9191  0       0       000   0 2145 42760    00    2131      0              000000000000000000000000000000000     0     0 0     
