D,850601
B,   50,    1,9999999999999,     .0000
B,   51,    1,9999999999999,     .0000
B,   53,    1,9999999999999,     .0000
B,   54,    1,9999999999999,     .0000
B,   55,    1,9999999999999,     .0000
B,   56,    1,9999999999999,     .0000
B,   57,    1,9999999999999,     .0000
B,   60,    1,        15000,   30.0000
B,   60,    2,        25000,   25.0000
B,   60,    3,9999999999999,   18.0000
B,   65,    1,9999999999999,     .0000
B,   74,    1,9999999999999,   50.0000
B,   75,    1,9999999999999,   10.0000
B,   76,    1,9999999999999,    5.0000
B,   77,    1,9999999999999,    5.0000
B,   78,    1,9999999999999,    5.0000
B,   81,    1,9999999999999,   50.0000
B,   82,    1,9999999999999,  850.0000
B,   83,    1,9999999999999,   20.0000
B,   86,    1,9999999999999,   10.0000
B,   87,    1,9999999999999,   10.0000
B,   90,    1,9999999999999,    6.0000
B,   91,    1,9999999999999,   12.0000
B,   92,    1,9999999999999,   40.0000
B,  100,    1,9999999999999,   20.0000
B,  101,    1,9999999999999,  120.0000
B,  102,    1,9999999999999,   20.0000
B,  104,    1,9999999999999,     .0000
B,  105,    1,9999999999999,     .0000
B,  116,    1,9999999999999,     .0000
B,  117,    1,9999999999999,     .0000
B,  118,    1,9999999999999,     .0000
B,  119,    1,9999999999999,     .0000
B,  122,    1,9999999999999,   50.0000
B,  123,    1,9999999999999,     .2000
B,  149,    1,9999999999999,    5.0000
B,  150,    1,9999999999999,    5.0000
B,  154,    1,9999999999999,     .0500
B,  155,    1,9999999999999,     .0800
B,  156,    1,9999999999999,    1.0000
B,  157,    1,9999999999999,   10.0000
B,  158,    1,9999999999999,    5.0000
B,  160,    1,9999999999999,   25.0000
B,  162,    1,9999999999999,    1.0000
B,  163,    1,9999999999999, 1000.0000
B,  164,    1,9999999999999,    1.0000
B,  180,    1,9999999999999,     .0000
B,  181,    1,9999999999999,     .0000
B,  182,    1,9999999999999,     .0000
B,  183,    1,9999999999999,     .0000
B,  184,    1,9999999999999,     .0000
B,  185,    1,9999999999999,     .0000
B,  190,    1,9999999999999,   22.0000
B,  200,    1,9999999999999, 5000.0000
B,  201,    1,9999999999999,     .0000
B,  202,    1,9999999999999,     .0000
B,  203,    1,9999999999999,     .0000
B,  204,    1,9999999999999,     .0000
B,  210,    1,9999999999999,    1.0000
B,  211,    1,9999999999999,    1.0000
B,  212,    1,9999999999999,    1.0000
B,  230,    1,9999999999999,     .0000
B,  232,    1,9999999999999,     .0000
B,  234,    1,9999999999999,     .0000
B,  236,    1,9999999999999,     .0000
B,  238,    1,9999999999999,     .0000
B,  240,    1,9999999999999,   50.0000
B,  242,    1,9999999999999,     .0200
B,  244,    1,9999999999999,    1.0000
B,  245,    1,9999999999999,    1.0000
B,  246,    1,9999999999999,     .7000
B,  248,    1,9999999999999,    1.0000
B,  250,    1,9999999999999,    1.0000
B,  252,    1,9999999999999,    1.0000
B,  254,    1,9999999999999,    1.0000
B,  256,    1,9999999999999,    1.0000
B,  258,    1,9999999999999,    1.0000
B,  260,    1,9999999999999,    1.0000
B,  262,    1,9999999999999,    1.0000
B,  264,    1,9999999999999,    1.0000
B,  266,    1,9999999999999,    1.0000
B,  268,    1,9999999999999,    1.0000
B,  270,    1,9999999999999,     .0000
B,  272,    1,9999999999999,    1.0000
B,  274,    1,9999999999999,    1.0000
B,  280,    1,9999999999999, 1800.0000
B,  282,    1,9999999999999, 2300.0000
B,  284,    1,9999999999999, 2600.0000
B,  286,    1,9999999999999, 2800.0000
B,  288,    1,9999999999999,  600.0000
B,  290,    1,9999999999999,  225.0000
B,  292,    1,9999999999999,  280.0000
B,  294,    1,9999999999999,     .0000
B,  296,    1,9999999999999,    3.0000
B,  298,    1,9999999999999,    3.0000
B,  300,    1,9999999999999,    5.0000
B,  302,    1,9999999999999,     .1000
B,  304,    1,9999999999999,    5.0000
B,  306,    1,9999999999999,  100.0000
B,  308,    1,9999999999999,   15.0000
B,  310,    1,9999999999999,    1.5000
B,  312,    1,9999999999999,   10.0000
B,  314,    1,9999999999999,    4.0000
B,  316,    1,9999999999999,    6.0000
B,  318,    1,9999999999999,    1.5000
B,  320,    1,9999999999999,    3.0000
B,  322,    1,9999999999999,    1.5000
B,  324,    1,9999999999999,   50.0000
B,  326,    1,9999999999999,   11.0000
B,  328,    1,9999999999999,   25.0000
B,  360,    1,9999999999999,     .0180
B,  362,    1,9999999999999,     .0360
B,  364,    1,9999999999999,     .0540
B,  366,    1,9999999999999,     .0720
B,  368,    1,9999999999999,     .0105
B,  370,    1,9999999999999,     .0210
B,  372,    1,9999999999999,     .0315
B,  374,    1,9999999999999,     .0420
B,  384,    1,9999999999999,     .0070
B,  386,    1,9999999999999,     .0140
B,  388,    1,9999999999999,     .0210
B,  390,    1,9999999999999,     .0280
B,  392,    1,9999999999999,     .0000
B,  404,    1,9999999999999,     .3600
B,  406,    1,9999999999999,     .2900
B,  408,    1,9999999999999,     .2100
B,  430,    1,9999999999999,     .3600
B,  431,    1,9999999999999,     .2100
B,  552,    1,9999999999999,   25.0000
B,  553,    1,9999999999999,   12.0000
B,  554,    1,9999999999999,   35.0000
B,  555,    1,9999999999999,   17.0000
B,  585,    1,9999999999999,     .0000
B, 1033,    1,9999999999999,    1.0000
B, 1034,    1,9999999999999,    1.0000
B, 1035,    1,9999999999999,    1.0000
B, 1036,    1,9999999999999,    1.0000
B, 1037,    1,9999999999999,    1.0000
B, 1038,    1,9999999999999,    1.0000
B, 1039,    1,9999999999999,    1.0000
B, 1040,    1,9999999999999,    1.0000
B, 1041,    1,9999999999999,    1.0000
B, 1042,    1,9999999999999,    1.0000
B, 1043,    1,9999999999999,    1.0000
B, 1044,    1,9999999999999,    1.0000
B, 1045,    1,9999999999999,    1.0000
B, 1046,    1,9999999999999,    1.0000
B, 1047,    1,9999999999999,    1.0000
B, 1048,    1,9999999999999,    1.0000
B, 1049,    1,9999999999999,    1.0000
B, 1050,    1,9999999999999,    1.0000
B, 1051,    1,9999999999999,    1.0000
B, 1052,    1,9999999999999,    1.0000
B, 1053,    1,9999999999999,    1.0000
B, 1054,    1,9999999999999,    1.0000
B, 1055,    1,9999999999999,    1.0000
B, 1056,    1,9999999999999,    1.0000
B, 1057,    1,9999999999999,    1.0000
B, 1058,    1,9999999999999,    1.0000
B, 1059,    1,9999999999999,    1.0000
B, 1060,    1,9999999999999,    1.0000
B, 1061,    1,9999999999999,    1.0000
B, 1062,    1,9999999999999,    1.0000
B, 1063,    1,9999999999999,    1.0000
B, 1064,    1,9999999999999,     .0000
B, 2502,    1,9999999999999,    1.0000
B, 2504,    1,9999999999999,    1.0000
B, 2506,    1,9999999999999,    1.0000
B, 2508,    1,9999999999999,    1.0000
B, 2510,    1,9999999999999,    1.0000
B, 2512,    1,9999999999999,    1.0000
B, 2514,    1,9999999999999,    1.0000
B, 2516,    1,9999999999999,    1.0000
B, 2518,    1,9999999999999,    1.0000
B, 2520,    1,9999999999999,    1.0000
B, 2522,    1,9999999999999,    1.0000
B, 2524,    1,9999999999999,    1.0000
B, 2526,    1,9999999999999,    1.0000
B, 2528,    1,9999999999999,    1.0000
B, 2530,    1,9999999999999,    1.0000
B, 2532,    1,9999999999999,    1.0000
B, 2534,    1,9999999999999,    1.0000
B, 2536,    1,9999999999999,    1.0000
B, 2538,    1,9999999999999,    1.0000
B, 2540,    1,9999999999999,    1.0000
B, 2542,    1,9999999999999,    1.0000
B, 2544,    1,9999999999999,    1.0000
B, 2546,    1,9999999999999,    1.0000
B, 2548,    1,9999999999999,    1.0000
B, 2550,    1,9999999999999,    1.0000
B, 2552,    1,9999999999999,    1.0000
B, 2554,    1,9999999999999,    1.0000
B, 2602,    1,9999999999999,    1.0000
B, 2604,    1,9999999999999,    1.0000
B, 2606,    1,9999999999999,    1.0000
B, 2608,    1,9999999999999,    1.0000
B, 2610,    1,9999999999999,    1.0000
B, 2612,    1,9999999999999,    1.0000
B, 2614,    1,9999999999999,    1.0000
B, 2616,    1,9999999999999,    1.0000
B, 2618,    1,9999999999999,    1.0000
B, 2620,    1,9999999999999,    1.0000
B, 2622,    1,9999999999999,    1.0000
B, 2624,    1,9999999999999,    1.0000
B, 2626,    1,9999999999999,    1.0000
B, 2628,    1,9999999999999,    1.0000
B, 2702,    1,9999999999999,    1.0000
B, 2704,    1,9999999999999,    1.0000
B, 2706,    1,9999999999999,    1.0000
B, 2708,    1,9999999999999,    1.0000
B, 2710,    1,9999999999999,    1.0000
B, 2712,    1,9999999999999,    1.0000
B, 2714,    1,9999999999999,    1.0000
B, 2716,    1,9999999999999,    1.0000
B, 2722,    1,9999999999999,    1.0000
B, 2724,    1,9999999999999,    1.0000
B, 2726,    1,9999999999999,    1.0000
B, 2742,    1,9999999999999,    1.0000
B, 2744,    1,9999999999999,    1.0000
B, 2746,    1,9999999999999,    1.0000
B, 2748,    1,9999999999999,    1.0000
B, 2750,    1,9999999999999,    1.0000
B, 2752,    1,9999999999999,    1.0000
B, 2754,    1,9999999999999,    1.0000
B, 2756,    1,9999999999999,    1.0000
B, 2758,    1,9999999999999,    1.0000
B, 2760,    1,9999999999999,    1.0000
B, 2762,    1,9999999999999,    1.0000
B, 2764,    1,9999999999999,    1.0000
B, 2766,    1,9999999999999,    1.0000
B, 2768,    1,9999999999999,    1.0000
B, 2770,    1,9999999999999,    1.0000
B, 2772,    1,9999999999999,    1.0000
B, 2774,    1,9999999999999,    1.0000
B, 2784,    1,9999999999999,    1.0000
B, 2786,    1,9999999999999,    1.0000
B, 2788,    1,9999999999999,    1.0000
B, 2790,    1,9999999999999,    1.0000
B, 2792,    1,9999999999999,    1.0000
B, 2800,    1,9999999999999,    1.0000
B, 2802,    1,9999999999999,    1.0000
B, 2803,    1,9999999999999,    1.0000
B, 2805,    1,9999999999999,    1.0000
B, 2806,    1,9999999999999,    1.0000
B, 2810,    1,9999999999999,    1.0000
B, 2811,    1,9999999999999,    1.0000
B, 2812,    1,9999999999999,    1.0000
B, 2813,    1,9999999999999,    1.0000
B, 2815,    1,9999999999999,    1.0000
B, 2816,    1,9999999999999,    1.0000
B, 2817,    1,9999999999999,    1.0000
B, 2818,    1,9999999999999,    1.0000
B, 2820,    1,9999999999999,    1.0000
B, 2821,    1,9999999999999,    1.0000
B, 2822,    1,9999999999999,    1.0000
B, 2830,    1,9999999999999,    1.0000
B, 2832,    1,9999999999999,    1.0000
B, 2834,    1,9999999999999,    1.0000
B, 2836,    1,9999999999999,    1.0000
B, 2838,    1,9999999999999,    1.0000
B, 2840,    1,9999999999999,    1.0000
B, 2842,    1,9999999999999,    1.0000
B, 2844,    1,9999999999999,    1.0000
B, 2846,    1,9999999999999,    1.0000
B, 2848,    1,9999999999999,    1.0000
B, 2850,    1,9999999999999,    1.0000
B, 2852,    1,9999999999999,    1.0000
B, 2854,    1,9999999999999,    1.0000
B, 2856,    1,9999999999999,    1.0000
B, 2858,    1,9999999999999,    1.0000
B, 2860,    1,9999999999999,    1.0000
B, 2862,    1,9999999999999,    1.0000
B, 2864,    1,9999999999999,    1.0000
B, 2872,    1,9999999999999,    1.0000
B, 2874,    1,9999999999999,    1.0000
B, 2876,    1,9999999999999,    1.0000
B, 2882,    1,9999999999999,    1.0000
B, 2884,    1,9999999999999,    1.0000
B, 2886,    1,9999999999999,    1.0000
B, 2888,    1,9999999999999,    1.0000
B, 2890,    1,9999999999999,    1.0000
B, 2892,    1,9999999999999,    1.0000
B, 2894,    1,9999999999999,    1.0000
B, 2900,    1,9999999999999,    1.0000
B, 2902,    1,9999999999999,    1.0000
B, 2904,    1,9999999999999,    1.0000
B, 2906,    1,9999999999999,    1.0000
B, 2908,    1,9999999999999,    1.0000
B, 2910,    1,9999999999999,    1.0000
B, 2912,    1,9999999999999,    1.0000
B, 2914,    1,9999999999999,    1.0000
B, 2916,    1,9999999999999,    1.0000
B, 2918,    1,9999999999999,    1.0000
B, 2920,    1,9999999999999,    1.0000
B, 2922,    1,9999999999999,    1.0000
B, 2951,    1,9999999999999,     .0000
B, 2952,    1,9999999999999,     .0000
B, 2953,    1,9999999999999,     .0000
B, 2954,    1,9999999999999,     .0000
B, 2955,    1,9999999999999,     .0000
B, 2956,    1,9999999999999,     .0000
B, 2957,    1,9999999999999,     .0000
B, 2958,    1,9999999999999,     .0000
B, 2959,    1,9999999999999,     .0000
B, 2960,    1,9999999999999,     .0000
B, 2961,    1,9999999999999,     .0000
B, 2962,    1,9999999999999,     .0000
B, 2963,    1,9999999999999,     .0000
B, 2964,    1,9999999999999,     .0000
B, 2965,    1,9999999999999,     .0000
B, 2966,    1,9999999999999,     .0000
B, 2967,    1,9999999999999,     .0000
B, 2968,    1,9999999999999,     .0000
B, 2969,    1,9999999999999,     .0000
B, 9950,    1,9999999999999,  100.0000
B,99995,    1,9999999999999,     .0000
D,850601
B, 2903,    1,9999999999999,    1.0000
D,850601
B, 2924,    1,9999999999999,    1.0000
