1
 
                   MAX
            TOTAL  SIM                MAXIMUM CPS                   CONNECT
 DATE  HOUR USERS USERS            IN         OUT       TOTAL         HOURS
 
 
 900820   1    51     8        183.35      350.08      423.62          5.57
 900820   2    33     6          9.72      180.30      185.40          2.45
 900820   3    22     4         34.62      135.22      137.12          1.35
 900820   4    28     8         42.57      353.13      379.47          2.48
 900820   5    26     6         58.95      142.73      201.68          2.88
 900820   6    49     7         34.53      109.45      115.05          2.63
 900820   7    45     8         34.67      189.80      197.27          3.97
 900820   8    29     4         29.77      134.48      148.07          1.97
 900820   9    31     7         84.28      120.10      131.48          1.60
 900820  10    27     5         70.42      177.52      227.98          2.50
 900820  11    44     8         44.40      343.98      367.82          2.85
 900820  12   110    18         79.92      925.25      934.98          7.10
 900820  13   354    37        269.17     1460.80     1517.60         23.80
 900820  14   349    42        126.62     1481.92     1545.45         29.58
 900820  15   312    44        157.52     1412.57     1481.28         31.65
 900820  16   334    45        176.13     1383.10     1460.13         31.95
 900820  17   232    38        334.05     1012.50     1169.60         27.53
 900820  18   273    37        281.65      953.25     1204.12         28.33
 900820  19   295    41        407.75     1178.42     1320.40         35.33
 900820  20   327    57        275.60     1192.92     1449.67         44.17
 900820  21   326    58        283.52     1087.43     1210.52         36.97
 900820  22   267    35        333.25     1120.42     1185.92         26.02
 900820  23   162    27        185.37      877.03      975.30         17.08
 900820  24    64    18        196.53      464.50      565.22         10.42
1
 
                   MAX
            TOTAL  SIM                MAXIMUM CPS                   CONNECT
 DATE  HOUR USERS USERS            IN         OUT       TOTAL         HOURS
 
 
 900821   1   120    22        243.65      771.20      887.78         11.88
 900821   2    93    15        150.55      229.98      348.38          8.15
 900821   3    18    13          7.72      318.13      325.13          4.47
 900821   4     3     3          0.70       28.03       28.73          2.28
 900821   5     2     2          0.23       12.08       12.32          2.00
 900821   6     2     2          0.23       12.08       12.32          0.93
 900821   7    33     5        207.58       83.70      243.12          2.10
 900821   8    42     5        120.47      193.20      282.43          2.68
 900821   9    33     6         25.78      244.52      258.58          2.40
 900821  10    25     4        107.45       65.67      173.12          1.28
 900821  11    34     6         53.75      379.85      393.73          2.15
 900821  12   145    15         95.85      592.22      688.07          8.80
 900821  13   309    36        101.33     1415.47     1464.62         21.82
 900821  14   344    39        262.57     1239.08     1328.10         30.32
 900821  15   325    45        239.98     1347.90     1454.53         38.00
 900821  16   372    52        280.43     1666.70     1939.58         38.68
 900821  17   266    38        108.45      748.27      788.30         27.83
 900821  18   317    45        343.40     1138.78     1393.92         31.17
 900821  19   312    44        291.83     1339.83     1466.02         35.75
 900821  20   258    41        176.50      984.07     1090.50         29.05
 900821  21   327    42        206.08      985.08     1117.72         32.32
 900821  22   272    36        220.85      788.38      940.10         26.13
 900821  23   170    23        172.15      473.38      591.05         15.82
 900821  24   142    19        161.22      501.62      576.15         12.68
1
 
                   MAX
            TOTAL  SIM                MAXIMUM CPS                   CONNECT
 DATE  HOUR USERS USERS            IN         OUT       TOTAL         HOURS
 
 
 900822   1   122    15        179.73      479.68      659.42         11.08
 900822   2    70    11        172.48      402.38      526.53          7.48
 900822   3    54    12         96.77      162.23      221.87          6.97
 900822   4    46    11         51.27      554.93      556.17          7.35
 900822   5    33     7         54.58      499.43      500.82          4.87
 900822   6    38     6         59.12      248.10      295.18          3.53
 900822   7    50     8         26.32      217.08      237.30          3.92
 900822   8    32     6         26.50      120.60      132.48          2.82
 900822   9    18     3         25.70       56.87       62.33          1.58
 900822  10    24     5        154.73       87.90      199.75          2.30
 900822  11    37     7         44.30      188.22      199.32          3.57
 900822  12   136    17         91.15      712.58      728.70          9.17
 900822  13   328    31        174.92     1197.37     1242.73         22.73
 900822  14   325    34        212.38     1106.32     1318.70         24.53
 900822  15   312    42        418.80     1237.58     1569.32         33.08
 900822  16   321    49        126.90     1562.67     1689.57         36.25
 900822  17   266    41        272.67      955.03     1048.95         31.83
 900822  18   267    40        521.43      935.67     1286.90         30.37
 900822  19   314    40        249.43      923.00     1030.90         28.40
 900822  20   291    39        401.87      717.50     1012.15         31.03
 900822  21   337    44        361.03     1318.32     1584.12         33.85
 900822  22   262    36        280.18      717.02      860.93         25.58
 900822  23   170    24        181.35      521.98      618.43         16.97
 900822  24    54    19         88.47      536.38      600.48          9.58
1
 
                   MAX
            TOTAL  SIM                MAXIMUM CPS                   CONNECT
 DATE  HOUR USERS USERS            IN         OUT       TOTAL         HOURS
 
 
 900823   1   121    21        172.68      751.28      788.15          9.47
 900823   2    72    12         89.85      260.67      282.77          7.35
 900823   3    46     9         80.25      146.68      216.18          3.65
 900823   4    44     5         98.95      164.45      227.02          2.90
 900823   5    30     7         40.18      301.95      316.33          4.22
 900823   6    40     8         81.50      214.27      244.55          3.93
 900823   7    34     5         39.82      241.58      246.08          2.33
 900823   8    27     5         51.12      174.43      178.68          1.92
 900823   9    43     6         68.23      125.17      159.42          2.15
 900823  10    33     6        224.52      116.18      284.53          2.07
 900823  11    35     6         59.45      243.12      301.75          2.28
 900823  12   129    18         70.58      842.48      867.52          9.15
 900823  13   327    35        325.33     1442.55     1543.52         21.95
 900823  14   325    40        294.47     2377.58     2639.50         30.53
 900823  15   291    46        340.80     2617.77     2828.70         33.78
 900823  16   301    45        340.25     2568.25     2891.08         34.75
 900823  17   346    45        356.80     2020.63     2155.97         30.02
 900823  18   316    37        364.60     2038.17     2170.92         29.85
 900823  19   328    45        227.03     2095.97     2261.30         33.52
 900823  20   380    53        244.32     1669.75     1833.67         40.22
 900823  21   363    55        510.15     1375.67     1784.17         40.48
 900823  22   254    34        246.75     1539.23     1744.92         26.45
 900823  23   169    25        243.38     1351.55     1509.77         17.63
 900823  24    68    14        122.88      801.77      909.80          6.98
1
 
                   MAX
            TOTAL  SIM                MAXIMUM CPS                   CONNECT
 DATE  HOUR USERS USERS            IN         OUT       TOTAL         HOURS
 
 
 900824   1   135    19        218.70     1010.27     1050.08         13.12
 900824   2    69    10        214.05      735.42      918.48          6.28
 900824   3    57     9         69.35      267.02      276.35          5.03
 900824   4    41     9        238.93      214.32      375.77          6.03
 900824   5    20     6         34.07      170.77      172.08          2.65
 900824   6    32     5         66.63      244.30      246.12          2.60
 900824   7    36     5         44.45       82.08      116.63          1.83
 900824   8    31     6         44.90      140.38      147.58          1.73
 900824   9    36     5         49.38      173.57      218.30          2.08
 900824  10    38     7         47.97      209.57      256.10          2.62
 900824  11    25     4         50.65      227.33      249.43          1.65
 900824  12   139    20         66.78      873.50      881.88          8.92
 900824  13   367    45        304.77     1877.88     2063.27         28.52
 900824  14   291    45        246.92     2150.98     2331.37         35.27
 900824  15   298    47        229.92     2509.47     2649.52         36.85
 900824  16   364    42        349.58     1804.07     1898.52         34.67
 900824  17   264    36        559.35     1709.62     1878.37         27.73
 900824  18   250    30        240.72     1621.75     1765.68         24.83
 900824  19   357    44        439.92     1112.82     1552.73         33.27
 900824  20   372    46        215.07     1163.67     1216.55         37.25
 900824  21   387    49        321.68     1164.43     1305.33         37.62
 900824  22   259    36        279.42      855.03     1095.20         21.68
 900824  23   135    18        218.48      616.00      637.13         13.45
 900824  24   119    17        225.77      591.60      671.65          9.72
1     MAXIMUM OF MAXIMUM SIMULTANEOUS USERS
 
 
                   MAX
            TOTAL  SIM                MAXIMUM CPS                   CONNECT
 DATE  HOUR USERS USERS            IN         OUT       TOTAL         HOURS
 
 900820  21   326    58        283.52     1087.43     1210.52         36.97
 
 
     MAXIMUM OF CONNECT HOURS
 
 
                   MAX
            TOTAL  SIM                MAXIMUM CPS                   CONNECT
 DATE  HOUR USERS USERS            IN         OUT       TOTAL         HOURS
 
 900820  20   327    57        275.60     1192.92     1449.67         44.17
1
  