        2448078 2451151 1 6721  0   38  09511232353          74        4359         4433951124 629    396 3 0    21OPER;                    18331 45       0       000   085962233413    00   23779      0              000000000000000000000000000000000     0     0 0     
        2455305 6720153 0 6721  0   38  0951124   5          42         969         1011951124   5      0 3 0    21OPER;                       34  0       0       000   0  280  3070    00      27      0              000000000000000000000000000000000     0     0 0     
        2455411 6720155 0 6721  0   38  0951124   5          42         971         1013951124   5      1 3 0    21OPER;                       34  0       0       000   0  289  3280    00      39      0              000000000000000000000000000000000     0     0 0     
        2459785 6720152 0 6721  0   38  0951124  12          30         736          766951124  12      0 3 0    21OPER;                       34  0       0       000   0  703  7060    00       3      0              000000000000000000000000000000000     0     0 0     
        2467949 6720153 0 6721  0   38  0951124  25          42         969         1011951124  25      0 3 0    21OPER;                       34  0       0       000   0 1480 15050    00      25      0              000000000000000000000000000000000     0     0 0     
        2468044 6720155 0 6721  0   38  0951124  25          42         971         1013951124  25      1 3 0    21OPER;                       34  0       0       000   0 1490 15260    00      36      0              000000000000000000000000000000000     0     0 0     
        2469265 6720152 0 6721  0   38  0951124  27          30         736          766951124  27      0 3 0    21OPER;                       34  0       0       000   0 1603 16070    00       4      0              000000000000000000000000000000000     0     0 0     
        2474721 321221212 6721  0   38  0951124  35         193        1148         1341951124  38      3 2 0251216WATECH;                   9928  0 1000900       001   0 2110 22950    00     185      0              000000000000000000000000000000000     0     0 0     
        2479380 6720152 0 6721  0   38  0951124  43          30         736          766951124  43      0 3 0    21OPER;                       34  0       0       000   0 2555 25630    00       8      0              000000000000000000000000000000000     0     0 0     
        2480673 6720153 0 6721  0   38  0951124  45          42         973         1015951124  45      1 3 0    21OPER;                       34  0       0       000   0 2680 27230    00      43      0              000000000000000000000000000000000     0     0 0     
        2480774 6720155 0 6721  0   38  0951124  45          42         971         1013951124  45      1 3 0    21OPER;                       34  0       0       000   0 2689 27230    00      34      0              000000000000000000000000000000000     0     0 0     
        2489226 6720152 0 6721  0   38  0951124  58          30         736          766951124  58      0 3 0    21OPER;                       34  0       0       000   0 3462 34660    00       4      0              000000000000000000000000000000000     0     0 0     
        2494223 6720153 0 6721  0   38  0951124 105          42         971         1013951124 105      1 3 0    21OPER;                       34  0       0       000   0 3880 39200    00      40      0              000000000000000000000000000000000     0     0 0     
        2494344 6720155 0 6721  0   38  0951124 105          42         969         1011951124 105      1 3 0    21OPER;                       34  0       0       000   0 3890 39200    00      30      0              000000000000000000000000000000000     0     0 0     
        2499596 6720152 0 6721  0   38  0951124 113          30         736          766951124 113      0 3 0    21OPER;                       34  0       0       000   0 4363 43670    00       4      0              000000000000000000000000000000000     0     0 0     
        2507573 6720153 0 6721  0   38  0951124 125          42         971         1013951124 125      1 3 0    21OPER;                       34  0       0       000   0 5080 51170    00      37      0              000000000000000000000000000000000     0     0 0     
        2507663 6720155 0 6721  0   38  0951124 125          42         969         1011951124 125      0 3 0    21OPER;                       34  0       0       000   0 5089 51170    00      28      0              000000000000000000000000000000000     0     0 0     
        2509486 6720152 0 6721  0   38  0951124 128          30         736          766951124 128      0 3 0    21OPER;                       34  0       0       000   0 5263 52670    00       4      0              000000000000000000000000000000000     0     0 0     
        2519460 6720152 0 6721  0   38  0951124 143          30         736          766951124 143      0 3 0    21OPER;                       34  0       0       000   0 6164 61690    00       5      0              000000000000000000000000000000000     0     0 0     
        2520724 6720153 0 6721  0   38  0951124 145          42         971         1013951124 145      1 3 0    21OPER;                       34  0       0       000   0 6279 63140    00      35      0              000000000000000000000000000000000     0     0 0     
        2520820 6720155 0 6721  0   38  0951124 145          42         969         1011951124 145      0 3 0    21OPER;                       34  0       0       000   0 6289 63140    00      25      0              000000000000000000000000000000000     0     0 0     
        2529017 6720152 0 6721  0   38  0951124 158          30         736          766951124 158      0 3 0    21OPER;                       34  0       0       000   0 7063 70670    00       4      0              000000000000000000000000000000000     0     0 0     
       11638463 6720146 0 6721  0   38  0951124 639          42        1021         1063951124 640      0 3 0    21OPER;                       34  0       0       000   023953239770    00      24      0              000000000000000000000000000000000     0     0 0     
       11638536 6720150 0 6721  0   38  0951124 639          42         971         1013951124 640      1 3 0    21OPER;                       34  0       0       000   023962239980    00      36      0              000000000000000000000000000000000     0     0 0     
       11639087 6720146 0 6721  0   38  0951124 641          30         788          818951124 641      0 3 0    21OPER;                       34  0       0       000   024033240410    00       8      0              000000000000000000000000000000000     0     0 0     
       11646258 6720147 0 6721  0   38  0951124 656          30         788          818951124 656      0 3 0    21OPER;                       34  0       0       000   024941249460    00       5      0              000000000000000000000000000000000     0     0 0     
       11648172 6720150 0 6721  0   38  0951124 660          42        1023         1065951124 700      1 3 0    21OPER;                       34  0       0       000   025172252090    00      37      0              000000000000000000000000000000000     0     0 0     
       11648269 6720152 0 6721  0   38  0951124 660          42         969         1011951124 700      0 3 0    21OPER;                       34  0       0       000   025183252090    00      26      0              000000000000000000000000000000000     0     0 0     
       11654043 6720147 0 6721  0   38  0951124 711          30         788          818951124 711      0 3 0    21OPER;                       34  0       0       000   025838258430    00       5      0              000000000000000000000000000000000     0     0 0     
       11658257 6720150 0 6721  0   38  0951124 720          42        1023         1065951124 720      1 3 0    21OPER;                       34  0       0       000   026375264080    00      33      0              000000000000000000000000000000000     0     0 0     
       11658353 6720152 0 6721  0   38  0951124 720          42         973         1015951124 720      1 3 0    21OPER;                       34  0       0       000   026385264290    00      44      0              000000000000000000000000000000000     0     0 0     
       11661114 6720147 0 6721  0   38  0951124 726          30         788          818951124 726      0 3 0    21OPER;                       34  0       0       000   026740267460    00       6      0              000000000000000000000000000000000     0     0 0     
       11667982 6720150 0 6721  0   38  0951124 740          42        1021         1063951124 740      1 3 0    21OPER;                       34  0       0       000   027576276060    00      30      0              000000000000000000000000000000000     0     0 0     
       11668051 6720152 0 6721  0   38  0951124 740          42         973         1015951124 740      1 3 0    21OPER;                       34  0       0       000   027585276270    00      42      0              000000000000000000000000000000000     0     0 0     
       11668512 6720147 0 6721  0   38  0951124 741          30         788          818951124 741      0 3 0    21OPER;                       34  0       0       000   027641276470    00       6      0              000000000000000000000000000000000     0     0 0     
       11675692 6720147 0 6721  0   38  0951124 756          30         788          818951124 756      0 3 0    21OPER;                       34  0       0       000   028541285460    00       5      0              000000000000000000000000000000000     0     0 0     
       11677654 6720150 0 6721  0   38  0951124 760          42        1021         1063951124 800      0 3 0    21OPER;                       34  0       0       000   028775288030    00      28      0              000000000000000000000000000000000     0     0 0     
       11677748 6720152 0 6721  0   38  0951124 760          42         971         1013951124 800      1 3 0    21OPER;                       34  0       0       000   028785288240    00      39      0              000000000000000000000000000000000     0     0 0     
       11681315 6720151 0 6721  0   38  0951124 806          42         973         1015951124 807      1 3 0    21OPER;                       34  0       0       000   029180292230    00      43      0              000000000000000000000000000000000     0     0 0     
       11681387 6720150 0 6721  0   38  0951124 807          30         736          766951124 807      0 3 0    21OPER;                       34  0       0       000   029190291940    00       4      0              000000000000000000000000000000000     0     0 0     
       11681393 6720153 0 6721  0   38  0951124 807          42         971         1013951124 807      1 3 0    21OPER;                       34  0       0       000   029191292230    00      32      0              000000000000000000000000000000000     0     0 0     
       11689141 6720142 0 6721  0   38  0951124 822          30         736          766951124 822      0 3 0    21OPER;                       34  0       0       000   030102301060    00       4      0              000000000000000000000000000000000     0     0 0     
       11691735 6720147 0 6721  0   38  0951124 827          42         969         1011951124 827      0 3 0    21OPER;                       34  0       0       000   030397304220    00      25      0              000000000000000000000000000000000     0     0 0     
       11691851 6720151 0 6721  0   38  0951124 827          42         971         1013951124 827      1 3 0    21OPER;                       34  0       0       000   030408304430    00      35      0              000000000000000000000000000000000     0     0 0     
       11701682 6720147 0 6721  0   38  0951124 847          42         973         1015951124 847      1 3 0    21OPER;                       34  0       0       000   031599316410    00      42      0              000000000000000000000000000000000     0     0 0     
       11701779 6720151 0 6721  0   38  0951124 847          42         971         1013951124 847      1 3 0    21OPER;                       34  0       0       000   031609316410    00      32      0              000000000000000000000000000000000     0     0 0     
       11704247 6720142 0 6721  0   38  0951124 852          30         736          766951124 852      0 3 0    21OPER;                       34  0       0       000   031904319070    00       3      0              000000000000000000000000000000000     0     0 0     
       11712197 6720150 0 6721  0   38  0951124 907          42         971         1013951124 907      1 3 0    21OPER;                       34  0       0       000   032799328380    00      39      0              000000000000000000000000000000000     0     0 0     
       11712286 6720152 0 6721  0   38  0951124 907          42         969         1011951124 907      0 3 0    21OPER;                       34  0       0       000   032809328380    00      29      0              000000000000000000000000000000000     0     0 0     
       11712661 6720142 0 6721  0   38  0951124 908          30         736          766951124 908      0 3 0    21OPER;                       34  0       0       000   032857328620    00       5      0              000000000000000000000000000000000     0     0 0     
       11720601 6720142 0 6721  0   38  0951124 923          30         736          766951124 923      0 3 0    21OPER;                       34  0       0       000   033761337660    00       5      0              000000000000000000000000000000000     0     0 0     
       11722611 6720147 0 6721  0   38  0951124 927          42         971         1013951124 927      1 3 0    21OPER;                       34  0       0       000   033999340350    00      36      0              000000000000000000000000000000000     0     0 0     
       11722687 6720151 0 6721  0   38  0951124 927          42         969         1011951124 927      0 3 0    21OPER;                       34  0       0       000   034010340350    00      25      0              000000000000000000000000000000000     0     0 0     
       11725460 6720142 0 6721  0   38  0951124 932          67        1937         2004951124 933      0 3 0167357MAIL;                       34  0       0       000   034336343570    00      21      0              000000000000000000000000000000000     0     0 0     
       11728172 6720142 0 6721  0   38  0951124 938          30         736          766951124 938      0 3 0    21OPER;                       34  0       0       000   034668346730    00       5      0              000000000000000000000000000000000     0     0 0     
       11732369 6720147 0 6721  0   38  0951124 947          42         971         1013951124 947      1 3 0    21OPER;                       34  0       0       000   035200352330    00      33      0              000000000000000000000000000000000     0     0 0     
       11732462 6720151 0 6721  0   38  0951124 947          42         973         1015951124 948      1 3 0    21OPER;                       34  0       0       000   035210352540    00      44      0              000000000000000000000000000000000     0     0 0     
       11735198 6720142 0 6721  0   38  0951124 953          30         736          766951124 953      0 3 0    21OPER;                       34  0       0       000   035565355710    00       6      0              000000000000000000000000000000000     0     0 0     
       11742091 6720147 0 6721  0   38  09511241007          42         969         10119511241007      1 3 0    21OPER;                       34  0       0       000   036399364300    00      31      0              000000000000000000000000000000000     0     0 0     
       11742178 6720151 0 6721  0   38  09511241007          42         971         10139511241008      1 3 0    21OPER;                       34  0       0       000   036410364510    00      41      0              000000000000000000000000000000000     0     0 0     
       11742552 6720142 0 6721  0   38  09511241008          30         736          7669511241008      0 3 0    21OPER;                       34  0       0       000   036462364670    00       5      0              000000000000000000000000000000000     0     0 0     
       11749714 6720142 0 6721  0   38  09511241023          30         736          7669511241023      0 3 0    21OPER;                       34  0       0       000   037366373710    00       5      0              000000000000000000000000000000000     0     0 0     
       11751568 6720147 0 6721  0   38  09511241027          42         969         10119511241027      0 3 0    21OPER;                       34  0       0       000   037602376290    00      27      0              000000000000000000000000000000000     0     0 0     
       11751703 6720151 0 6721  0   38  09511241027          42         971         10139511241028      1 3 0    21OPER;                       34  0       0       000   037614376500    00      36      0              000000000000000000000000000000000     0     0 0     
       11757273 6720142 0 6721  0   38  09511241038           7           0            79511241039      1 3 0    21OPER;                       34  0       0       000   038279383220    00      43      0              000000000000000000000000000000000     0     0 0     
       11757393 6720150 0 6721  0   38  09511241038           7         696          7039511241039      1 3 0    21OPER;                       34  0       0       000   038296383430    00      47      0              000000000000000000000000000000000     0     0 0     
       11761549 6720147 0 6721  0   38  09511241047          42         973         10159511241047      1 3 0    21OPER;                       34  0       0       000   038801388470    00      46      0              000000000000000000000000000000000     0     0 0     
       11761665 6720151 0 6721  0   38  09511241047          42         971         10139511241047      1 3 0    21OPER;                       34  0       0       000   038813388470    00      34      0              000000000000000000000000000000000     0     0 0     
       117 6720142 0 6721  0   38  09511241053          30         736          7669511241053      0 3 0    21OPER;                       34  0       0       000   039165391700    00       5      0              000000000000000000000000000000000     0     0 0     
       11771692 6720147 0 6721  0   38  09511241107          42         971         10139511241107      1 3 0    21OPER;                       34  0       0       000   040001400440    00      43      0              000000000000000000000000000000000     0     0 0     
       11771783 6720151 0 6721  0   38  09511241107          42         969         10119511241107      1 3 0    21OPER;                       34  0       0       000   040012400440    00      32      0              000000000000000000000000000000000     0     0 0     
       11772675 6720142 0 6721  0   38  09511241109          30         736          7669511241109      0 3 0    21OPER;                       34  0       0       000   040119401250    00       6      0              000000000000000000000000000000000     0     0 0     
       11780046 6720142 0 6721  0   38  09511241124          30         736          7669511241124      0 3 0    21OPER;                       34  0       0       000   041025410300    00       5      0              000000000000000000000000000000000     0     0 0     
       11781494 6720150 0 6721  0   38  09511241127          42         971         10139511241127      1 3 0    21OPER;                       34  0       0       000   041201412410    00      40      0              000000000000000000000000000000000     0     0 0     
       11781580 6720152 0 6721  0   38  09511241127          42         969         10119511241127      1 3 0    21OPER;                       34  0       0       000   041211412410    00      30      0              000000000000000000000000000000000     0     0 0     
       11787678 6720150 0 6721  0   38  09511241139          30         736          7669511241139      0 3 0    21OPER;                       34  0       0       000   041926419310    00       5      0              000000000000000000000000000000000     0     0 0     
       11791693 6720151 0 6721  0   38  09511241147          42         971         10139511241147      1 3 0    21OPER;                       34  0       0       000   042403424390    00      36      0              000000000000000000000000000000000     0     0 0     
       11791801 6720153 0 6721  0   38  09511241147          42         969         10119511241147      0 3 0    21OPER;                       34  0       0       000   042413424390    00      26      0              000000000000000000000000000000000     0     0 0     
       11795564 6720150 0 6721  0   38  09511241154          30         736          7669511241154      0 3 0    21OPER;                       34  0       0       000   042827428320    00       5      0              000000000000000000000000000000000     0     0 0     
       11799335 306514312 6721  0   38  09511241200          61        1419         14809511241201      1 2 0233421BOXT;                    16239  0 4310600       001   043208432490    00      41      0              000000000000000000000000000000000     0     0 0     
       11799484 306514412 6721  0   38  09511241200         101         913         10149511241201      1 2 0233421BOXT;                    16239  0 4310600       001   043222432700    00      48      0              000000000000000000000000000000000     0     0 0     
       11799686 306514512 6721  0   38  09511241201         101         927         10289511241202      1 2 0233421BOXT;                    16239  0 4310600       001   043240432910    00      51      0              000000000000000000000000000000000     0     0 0     
       11799848 306514312 6721  0   38  09511241201         101         927         10289511241202      1 2 0233421BOXT;                    16239  0 4310600       001   043254432910    00      37      0              000000000000000000000000000000000     0     0 0     
       11799991 306514612 6721  0   38  09511241201         101         927         10289511241202      1 2 0233421BOXT;                    16239  0 4310600       001   043267433120    00      45      0              000000000000000000000000000000000     0     0 0     
       11800139 306514412 6721  0   38  09511241201         101         927         10289511241202      1 2 0233421BOXT;                    16239  0 4310600       001   043281433330    00      52      0              000000000000000000000000000000000     0     0 0     
       11800323 306514712 6721  0   38  09511241202           7         672          6799511241232     30 3 0233421BOXT;                    16239  0 4310600       001   043294450960    00    1802      0              000000000000000000000000000000000     0     0 0     
       11803774 6720151 0 6721  0   38  09511241207          42         971         10139511241207      1 3 0    21OPER;                       34  0       0       000   043608436420    00      34      0              000000000000000000000000000000000     0     0 0     
       11803886 6720153 0 6721  0   38  09511241207          42         973         10159511241208      1 3 0    21OPER;                       34  0       0       000   043619436630    00      44      0              000000000000000000000000000000000     0     0 0     
       11805043 6720150 0 6721  0   38  09511241209          30         736          7669511241209      0 3 0    21OPER;                       34  0       0       000   043732437380    00       6      0              000000000000000000000000000000000     0     0 0     
       11814282 6720142 0 6721  0   38  09511241224          30         736          7669511241224      0 3 0    21OPER;                       34  0       0       000   044634446390    00       5      0              000000000000000000000000000000000     0     0 0     
       11816140 6720150 0 6721  0   38  09511241227          42         969         10119511241227      1 3 0    21OPER;                       34  0       0       000   044810448400    00      30      0              000000000000000000000000000000000     0     0 0     
       11816251 6720152 0 6721  0   38  09511241227          42         971         10139511241228      1 3 0    21OPER;                       34  0       0       000   044819448610    00      42      0              000000000000000000000000000000000     0     0 0     
       11819378 306514312 6721  0   38  09511241232         101         927         10289511241232      1 2 0233421BOXT;                    16239  0 4310600       001   045101451390    00      38      0              000000000000000000000000000000000     0     0 0     
       11819550 306514412 6721  0   38  09511241232         101         927         10289511241233      1 2 0233421BOXT;                    16239  0 4310600       001   045116451600    00      44      0              000000000000000000000000000000000     0     0 0     
       11819713 306514512 6721  0   38  09511241232         101         927         10289511241233      1 2 0233421BOXT;                    16239  0 4310600       001   045130451810    00      51      0              000000000000000000000000000000000     0     0 0     
       11824199 6720142 0 6721  0   38  09511241239          30         736          7669511241239      0 3 0    21OPER;                       34  0       0       000   045534455390    00       5      0              000000000000000000000000000000000     0     0 0     
       11829520 6720150 0 6721  0   38  09511241247          42         969         10119511241247      0 3 0    21OPER;                       34  0       0       000   046010460370    00      27      0              000000000000000000000000000000000     0     0 0     
       11829647 6720152 0 6721  0   38  09511241247          42         971         10139511241248      1 3 0    21OPER;                       34  0       0       000   046021460580    00      37      0              000000000000000000000000000000000     0     0 0     
       11834781 6720142 0 6721  0   38  09511241254          30         736          7669511241254      0 3 0    21OPER;                       34  0       0       000   046450464550    00       5      0              000000000000000000000000000000000     0     0 0     
       11845292 6720150 0 6721  0   38  09511241307          42         971         10139511241308      1 3 0    21OPER;                       34  0       0       000   047226472700    00      44      0              000000000000000000000000000000000     0     0 0     
       11845450 6720152 0 6721  0   38  09511241307          42         969         10119511241308      1 3 0    21OPER;                       34  0       0       000   047238472700    00      32      0              000000000000000000000000000000000     0     0 0     
       11847007 6720142 0 6721  0   38  09511241309          30         736          7669511241309      0 3 0    21OPER;                       34  0       0       000   047349473550    00       6      0              000000000000000000000000000000000     0     0 0     
       11860187 6720142 0 6721  0   38  09511241324          30         736          7669511241324      0 3 0    21OPER;                       34  0       0       000   048250482550    00       5      0              000000000000000000000000000000000     0     0 0     
       11862787 6720147 0 6721  0   38  09511241327          42         971         10139511241328      1 3 0    21OPER;                       34  0       0       000   048425484670    00      42      0              000000000000000000000000000000000     0     0 0     
       11862914 6720151 0 6721  0   38  09511241327          42         971         10139511241328      1 3 0    21OPER;                       34  0       0       000   048434484670    00      33      0              000000000000000000000000000000000     0     0 0     
       11874013 6720142 0 6721  0   38  09511241339          30         736          7669511241339      0 3 0    21OPER;                       34  0       0       000   049151491560    00       5      0              000000000000000000000000000000000     0     0 0     
       11881463 6720147 0 6721  0   38  09511241347          42         971         10139511241348      1 3 0    21OPER;                       34  0       0       000   049626496650    00      39      0              000000000000000000000000000000000     0     0 0     
       11881638 6720151 0 6721  0   38  09511241347          42         969         10119511241348      0 3 0    21OPER;                       34  0       0       000   049636496650    00      29      0              000000000000000000000000000000000     0     0 0     
       11888282 6720142 0 6721  0   38  09511241354          30         736          7669511241354      0 3 0    21OPER;                       34  0       0       000   050050500550    00       5      0              000000000000000000000000000000000     0     0 0     
       11901866 6720147 0 6721  0   38  09511241407          42         971         10139511241408      1 3 0    21OPER;                       34  0       0       000   050827508620    00      35      0              000000000000000000000000000000000     0     0 0     
       11902062 6720151 0 6721  0   38  09511241407          42         973         10159511241408      1 3 0    21OPER;                       34  0       0       000   050838508830    00      45      0              000000000000000000000000000000000     0     0 0     
       11904112 6720142 0 6721  0   38  09511241409          30         736          7669511241409      0 3 0    21OPER;                       34  0       0       000   050950509540    00       4      0              000000000000000000000000000000000     0     0 0     
       11920036 6720142 0 6721  0   38  09511241424          30         736          7669511241424      0 3 0    21OPER;                       34  0       0       000   051849518550    00       6      0              000000000000000000000000000000000     0     0 0     
       11923163 6720147 0 6721  0   38  09511241427          42         971         10139511241428      1 3 0    21OPER;                       34  0       0       000   052026520590    00      33      0              000000000000000000000000000000000     0     0 0     
       11923366 6720151 0 6721  0   38  09511241427          42         971         10139511241428      1 3 0    21OPER;                       34  0       0       000   052037520800    00      43      0              000000000000000000000000000000000     0     0 0     
       11936506 6720142 0 6721  0   38  09511241439          30         736          7669511241439      0 3 0    21OPER;                       34  0       0       000   052752527580    00       6      0              000000000000000000000000000000000     0     0 0     
       11945684 6720147 0 6721  0   38  09511241447          42         969         10119511241448      0 3 0    21OPER;                       34  0       0       000   053227532560    00      29      0              000000000000000000000000000000000     0     0 0     
       11945914 6720151 0 6721  0   38  09511241447          42         971         10139511241448      1 3 0    21OPER;                       34  0       0       000   053239532770    00      38      0              000000000000000000000000000000000     0     0 0     
       11954039 6720142 0 6721  0   38  09511241454          30         736          7669511241454      0 3 0    21OPER;                       34  0       0       000   053650536560    00       6      0              000000000000000000000000000000000     0     0 0     
       11970835 6720147 0 6721  0   38  09511241507          42         969         10119511241508      0 3 0    21OPER;                       34  0       0       000   054428544530    00      25      0              000000000000000000000000000000000     0     0 0     
       11971070 6720151 0 6721  0   38  09511241507          42         971         10139511241508      1 3 0    21OPER;                       34  0       0       000   054439544740    00      35      0              000000000000000000000000000000000     0     0 0     
       11973354 6720142 0 6721  0   38  09511241509          30         736          7669511241509      0 3 0    21OPER;                       34  0       0       000   054550545560    00       6      0              000000000000000000000000000000000     0     0 0     
       11991725 6720142 0 6721  0   38  09511241524          30         736          7669511241524      0 3 0    21OPER;                       34  0       0       000   055449554550    00       6      0              000000000000000000000000000000000     0     0 0     
       11995283 6720147 0 6721  0   38  09511241527          42         973         10159511241528      1 3 0    21OPER;                       34  0       0       000   055626556710    00      45      0              000000000000000000000000000000000     0     0 0     
       11995497 6720151 0 6721  0   38  09511241527          42         971         10139511241528      1 3 0    21OPER;                       34  0       0       000   055637556710    00      34      0              000000000000000000000000000000000     0     0 0     
       12010280 6720142 0 6721  0   38  09511241539          30         736          7669511241539      0 3 0    21OPER;                       34  0       0       000   056359563650    00       6      0              000000000000000000000000000000000     0     0 0     
       12020170 6720147 0 6721  0   38  09511241547          42         971         10139511241548      1 3 0    21OPER;                       34  0       0       000   056837568780    00      41      0              000000000000000000000000000000000     0     0 0     
       12020389 6720151 0 6721  0   38  09511241547          42         969         10119511241548      1 3 0    21OPER;                       34  0       0       000   056848568780    00      30      0              000000000000000000000000000000000     0     0 0     
       12028872 6720142 0 6721  0   38  09511241554          30         736          7669511241554      0 3 0    21OPER;                       34  0       0       000   057260572650    00       5      0              000000000000000000000000000000000     0     0 0     
       12045048 6720147 0 6721  0   38  09511241607          42         971         10139511241608      1 3 0    21OPER;                       34  0       0       000   058037580750    00      38      0              000000000000000000000000000000000     0     0 0     
       12045253 6720151 0 6721  0   38  09511241607          42         969         10119511241608      0 3 0    21OPER;                       34  0       0       000   058048580750    00      27      0              000000000000000000000000000000000     0     0 0     
       12047583 6720142 0 6721  0   38  09511241609          30         736          7669511241609      0 3 0    21OPER;                       34  0       0       000   058160581660    00       6      0              000000000000000000000000000000000     0     0 0     
       12066045 6720142 0 6721  0   38  09511241624          30         736          7669511241624      0 3 0    21OPER;                       34  0       0       000   059061590670    00       6      0              000000000000000000000000000000000     0     0 0     
       12069598 6720147 0 6721  0   38  09511241627          42         971         10139511241628      1 3 0    21OPER;                       34  0       0       000   059235592720    00      37      0              000000000000000000000000000000000     0     0 0     
       12069892 6720151 0 6721  0   38  09511241627          42         969         10119511241628      0 3 0    21OPER;                       34  0       0       000   059248592720    00      24      0              000000000000000000000000000000000     0     0 0     
       12084343 6720142 0 6721  0   38  09511241639          30         736          7669511241639      0 3 0    21OPER;                       34  0       0       000   059959599640    00       5      0              000000000000000000000000000000000     0     0 0     
       12093731 6720147 0 6721  0   38  09511241647          42         969         10119511241648      1 3 0    21OPER;                       34  0       0       000   060437604690    00      32      0              000000000000000000000000000000000     0     0 0     
       12093962 6720151 0 6721  0   38  09511241647          42         971         10139511241648      1 3 0    21OPER;                       34  0       0       000   060448604900    00      42      0              000000000000000000000000000000000     0     0 0     
       12102244 6720142 0 6721  0   38  09511241654          30         736          7669511241654      0 3 0    21OPER;                       34  0       0       000   060861608680    00       7      0              000000000000000000000000000000000     0     0 0     
       12117379 6720147 0 6721  0   38  09511241707          42         969         10119511241708      1 3 0    21OPER;                       34  0       0       000   061636616660    00      30      0              000000000000000000000000000000000     0     0 0     
       12117598 6720151 0 6721  0   38  09511241707          42         971         10139511241708      1 3 0    21OPER;                       34  0       0       000   061647616870    00      40      0              000000000000000000000000000000000     0     0 0     
       12119722 6720142 0 6721  0   38  09511241709          30         736          7669511241709      0 3 0    21OPER;                       34  0       0       000   061759617630    00       4      0              000000000000000000000000000000000     0     0 0     
       12136356 6720142 0 6721  0   38  09511241724          30         736          7669511241724      0 3 0    21OPER;                       34  0       0       000   062662626660    00       4      0              000000000000000000000000000000000     0     0 0     
       12139458 6720147 0 6721  0   38  09511241727          42         969         10119511241728      0 3 0    21OPER;                       34  0       0       000   062836628630    00      27      0              000000000000000000000000000000000     0     0 0     
       12139617 6720151 0 6721  0   38  09511241727          42         971         10139511241728      1 3 0    21OPER;                       34  0       0       000   062845628840    00      39      0              000000000000000000000000000000000     0     0 0     
       12143912 246614219 6721  0   38  09511241732         370        2108         24789511241742     11 2 0    21OPER;                     9647 34       0       000   063091637430    00     652      0              000000000000000000000000000000000     0     0 0     
       12152151 6720142 0 6721  0   38  09511241739          30         258          2889511241739      0 3 0    21OPER;                       34  0       0       000   063560635650    00       5      0              000000000000000000000000000000000     0     0 0     
       12156275 246614219 6721  0   38  09511241743          46         512          5589511241744      1 2 0    21OPER;                     9647 34       0       000   063795638370    00      42      0              000000000000000000000000000000000     0     0 0     
       12157255 246614219 6721  0   38  09511241744          31         236          2679511241946    122 2 0    21OPER;                     9647 34       0       000   063851711660    00    7315      0              000000000000000000000000000000000     0     0 0     
       12160434 6720147 0 6721  0   38  09511241747          45         527          5729511241748      0 3 0    21OPER;                       34  0       0       000   064035640600    00      25      0              000000000000000000000000000000000     0     0 0     
       12160652 6720151 0 6721  0   38  09511241747          45         529          5749511241748      1 3 0    21OPER;                       34  0       0       000   064046640810    00      35      0              000000000000000000000000000000000     0     0 0     
       12167729 6720142 0 6721  0   38  09511241754          30         258          2889511241754      0 3 0    21OPER;                       34  0       0       000   064458644620    00       4      0              000000000000000000000000000000000     0     0 0     
       12181657 6720147 0 6721  0   38  09511241807          45         531          5769511241808      1 3 0    21OPER;                       34  0       0       000   065235652780    00      43      0              000000000000000000000000000000000     0     0 0     
       12181851 6720151 0 6721  0   38  09511241807          45         529          5749511241808      1 3 0    21OPER;                       34  0       0       000   065246652780    00      32      0              000000000000000000000000000000000     0     0 0     
       12184789 6720142 0 6721  0   38  09511241810          30         258          2889511241810      0 3 0    21OPER;                       34  0       0       000   065414654200    00       6      0              000000000000000000000000000000000     0     0 0     
       12200534 6720142 0 6721  0   38  09511241825          30         258          2889511241825      0 3 0    21OPER;                       34  0       0       000   066320663250    00       5      0              000000000000000000000000000000000     0     0 0     
       12202540 6720147 0 6721  0   38  09511241827          45         529          5749511241828      1 3 0    21OPER;                       34  0       0       000   066438664750    00      37      0              000000000000000000000000000000000     0     0 0     
       12202703 6720151 0 6721  0   38  09511241827          45         527          5729511241828      0 3 0    21OPER;                       34  0       0       000   066447664750    00      28      0              000000000000000000000000000000000     0     0 0     
       12216231 6720142 0 6721  0   38  09511241840          30         258          2889511241841      0 3 0    21OPER;                       34  0       0       000   067219672340    00      15      0              000000000000000000000000000000000     0     0 0     
       12224089 6720147 0 6721  0   38  09511241847          45         529          5749511241848      1 3 0    21OPER;                       34  0       0       000   067635676720    00      37      0              000000000000000000000000000000000     0     0 0     
       12224270 6720151 0 6721  0   38  09511241847          45         527          5729511241848      0 3 0    21OPER;                       34  0       0       000   067645676720    00      27      0              000000000000000000000000000000000     0     0 0     
       12232506 6720142 0 6721  0   38  09511241855          30         258          2889511241855      0 3 0    21OPER;                       34  0       0       000   068118681220    00       4      0              000000000000000000000000000000000     0     0 0     
       12245447 6720147 0 6721  0   38  09511241907          45         527          5729511241908      1 3 0    21OPER;                       34  0       0       000   068837688700    00      33      0              000000000000000000000000000000000     0     0 0     
       12245590 6720151 0 6721  0   38  09511241907          45         531          5769511241908      1 3 0    21OPER;                       34  0       0       000   068847688910    00      44      0              000000000000000000000000000000000     0     0 0     
       12248492 6720142 0 6721  0   38  09511241910          30         258          2889511241910      0 3 0    21OPER;                       34  0       0       000   069019690230    00       4      0              000000000000000000000000000000000     0     0 0     
       12263641 6720142 0 6721  0   38  09511241925          30         258          2889511241925      0 3 0    21OPER;                       34  0       0       000   069919699240    00       5      0              000000000000000000000000000000000     0     0 0     
       12265571 6720147 0 6721  0   38  09511241927          45         527          5729511241928      1 3 0    21OPER;                       34  0       0       000   070036700670    00      31      0              000000000000000000000000000000000     0     0 0     
       12265709 6720151 0 6721  0   38  09511241927          45         531          5769511241928      1 3 0    21OPER;                       34  0       0       000   070045700880    00      43      0              000000000000000000000000000000000     0     0 0     
       12279052 6720142 0 6721  0   38  09511241940          30         258          2889511241940      0 3 0    21OPER;                       34  0       0       000   070822708260    00       4      0              000000000000000000000000000000000     0     0 0     
       12285878 6720147 0 6721  0   38  09511241947          45         527          5729511241948      0 3 0    21OPER;                       34  0       0       000   071239712670    00      28      0              000000000000000000000000000000000     0     0 0     
       12286025 6720151 0 6721  0   38  09511241947          45         529          5749511241948      1 3 0    21OPER;                       34  0       0       000   071247712880    00      41      0              000000000000000000000000000000000     0     0 0     
       12293720 6720142 0 6721  0   38  09511241955          30         258          2889511241955      0 3 0    21OPER;                       34  0       0       000   071722717270    00       5      0              000000000000000000000000000000000     0     0 0     
       12305722 6720147 0 6721  0   38  09511242007          45         531          5769511242008      1 3 0    21OPER;                       34  0       0       000   072440724850    00      45      0              000000000000000000000000000000000     0     0 0     
       12305904 6720151 0 6721  0   38  09511242008          45         529          5749511242008      1 3 0    21OPER;                       34  0       0       000   072450724850    00      35      0              000000000000000000000000000000000     0     0 0     
       12308851 6720142 0 6721  0   38  09511242010          30         258          2889511242010      0 3 0    21OPER;                       34  0       0       000   072623726270    00       4      0              000000000000000000000000000000000     0     0 0     
       12323446 6720142 0 6721  0   38  09511242025          30         258          2889511242025      0 3 0    21OPER;                       34  0       0       000   073524735280    00       4      0              000000000000000000000000000000000     0     0 0     
       12325368 6720147 0 6721  0   38  09511242027          45         531          5769511242028      1 3 0    21OPER;                       34  0       0       000   073639736820    00      43      0              000000000000000000000000000000000     0     0 0     
       12325516 6720151 0 6721  0   38  09511242027          45         529          5749511242028      1 3 0    21OPER;                       34  0       0       000   073648736820    00      34      0              000000000000000000000000000000000     0     0 0     
       12338071 6720142 0 6721  0   38  09511242040          30         258          2889511242040      0 3 0    21OPER;                       34  0       0       000   074422744270    00       5      0              000000000000000000000000000000000     0     0 0     
       12344674 6720147 0 6721  0   38  09511242047          45         529          5749511242048      1 3 0    21OPER;                       34  0       0       000   074840748790    00      39      0              000000000000000000000000000000000     0     0 0     
       12344814 6720151 0 6721  0   38  09511242047          45         527          5729511242048      1 3 0    21OPER;                       34  0       0       000   074849748790    00      30      0              000000000000000000000000000000000     0     0 0     
       12352302 6720142 0 6721  0   38  09511242055          30         258          2889511242055      0 3 0    21OPER;                       34  0       0       000   075322753270    00       5      0              000000000000000000000000000000000     0     0 0     
       12364103 6720147 0 6721  0   38  09511242107          45         529          5749511242108      1 3 0    21OPER;                       34  0       0       000   076039760760    00      37      0              000000000000000000000000000000000     0     0 0     
       12364249 6720151 0 6721  0   38  09511242107          45         527          5729511242108      0 3 0    21OPER;                       34  0       0       000   076048760760    00      28      0              000000000000000000000000000000000     0     0 0     
       12367063 6720142 0 6721  0   38  09511242110          30         258          2889511242110      0 3 0    21OPER;                       34  0       0       000   076222762260    00       4      0              000000000000000000000000000000000     0     0 0     
       12380977 6720142 0 6721  0   38  09511242125          30         258          2889511242125      0 3 0    21OPER;                       34  0       0       000   077123771270    00       4      0              000000000000000000000000000000000     0     0 0     
       12382894 6720147 0 6721  0   38  09511242127          45         529          5749511242128      1 3 0    21OPER;                       34  0       0       000   077240772730    00      33      0              000000000000000000000000000000000     0     0 0     
       12383064 6720151 0 6721  0   38  09511242127          45         531          5769511242128      1 3 0    21OPER;                       34  0       0       000   077249772940    00      45      0              000000000000000000000000000000000     0     0 0     
       12394862 6720142 0 6721  0   38  09511242140          30         258          2889511242140      0 3 0    21OPER;                       34  0       0       000   078021780260    00       5      0              000000000000000000000000000000000     0     0 0     
       12401227 6720147 0 6721  0   38  09511242147          45         527          5729511242148      1 3 0    21OPER;                       34  0       0       000   078439784700    00      31      0              000000000000000000000000000000000     0     0 0     
       12401356 6720151 0 6721  0   38  09511242147          45         529          5749511242148      1 3 0    21OPER;                       34  0       0       000   078449784910    00      42      0              000000000000000000000000000000000     0     0 0     
       12408394 6720142 0 6721  0   38  09511242155          30         258          2889511242155      0 3 0    21OPER;                       34  0       0       000   078923789260    00       3      0              000000000000000000000000000000000     0     0 0     
       12418654 6720147 0 6721  0   38  09511242207          45         527          5729511242208      0 3 0    21OPER;                       34  0       0       000   079638796670    00      29      0              000000000000000000000000000000000     0     0 0     
       12418771 6720151 0 6721  0   38  09511242207          45         529          5749511242208      1 3 0    21OPER;                       34  0       0       000   079647796880    00      41      0              000000000000000000000000000000000     0     0 0     
       12421209 6720142 0 6721  0   38  09511242210          30         258          2889511242210      0 3 0    21OPER;                       34  0       0       000   079822798250    00       3      0              000000000000000000000000000000000     0     0 0     
       12433514 6720142 0 6721  0   38  09511242225          30         258          2889511242225      0 3 0    21OPER;                       34  0       0       000   080721807250    00       4      0              000000000000000000000000000000000     0     0 0     
       12435074 6720147 0 6721  0   38  09511242227          45         527          5729511242228      0 3 0    21OPER;                       34  0       0       000   080838808640    00      26      0              000000000000000000000000000000000     0     0 0     
       12435196 6720151 0 6721  0   38  09511242227          45         529          5749511242228      1 3 0    21OPER;                       34  0       0       000   080847808850    00      38      0              000000000000000000000000000000000     0     0 0     
       12445358 6720142 0 6721  0   38  09511242240          30         258          2889511242240      0 3 0    21OPER;                       34  0       0       000   081625816290    00       4      0              000000000000000000000000000000000     0     0 0     
       12450811 6720147 0 6721  0   38  09511242247          45         531          5769511242248      1 3 0    21OPER;                       34  0       0       000   082039820820    00      43      0              000000000000000000000000000000000     0     0 0     
       12450936 6720151 0 6721  0   38  09511242247          45         529          5749511242248      1 3 0    21OPER;                       34  0       0       000   082048820820    00      34      0              000000000000000000000000000000000     0     0 0     
       12457017 6720142 0 6721  0   38  09511242255          30         258          2889511242255      0 3 0    21OPER;                       34  0       0       000   082523825270    00       4      0              000000000000000000000000000000000     0     0 0     
       12466532 6720147 0 6721  0   38  09511242307          45         529          5749511242308      1 3 0    21OPER;                       34  0       0       000   083239832790    00      40      0              000000000000000000000000000000000     0     0 0     
       12466640 6720151 0 6721  0   38  09511242307          45         527          5729511242308      1 3 0    21OPER;                       34  0       0       000   083248832790    00      31      0              000000000000000000000000000000000     0     0 0     
       12468823 6720142 0 6721  0   38  09511242310          30         258          2889511242310      0 3 0    21OPER;                       34  0       0       000   083422834260    00       4      0              000000000000000000000000000000000     0     0 0     
       12478146 6720147 0 6721  0   38  09511242323          45         531          5769511242325      2 3 0    21OPER;                       34  0       0       000   084193842870    00      94      0              000000000000000000000000000000000     0     0 0     
       12478872 6720150 0 6721  0   38  09511242324          45         529          5749511242325      1 3 0    21OPER;                       34  0       0       000   084253842870    00      34      0              000000000000000000000000000000000     0     0 0     
       12479689 6720142 0 6721  0   38  09511242325          30         258          2889511242326      0 3 0    21OPER;                       34  0       0       000   084320843300    00      10      0              000000000000000000000000000000000     0     0 0     
       12490550 6720142 0 6721  0   38  09511242340          30         258          2889511242340      0 3 0    21OPER;                       34  0       0       000   085220852260    00       6      0              000000000000000000000000000000000     0     0 0     
       12493353 6720147 0 6721  0   38  09511242344          45         527          5729511242345      0 3 0    21OPER;                       34  0       0       000   085458854840    00      26      0              000000000000000000000000000000000     0     0 0     
       12493460 6720151 0 6721  0   38  09511242344          45         529          5749511242345      1 3 0    21OPER;                       34  0       0       000   085468855050    00      37      0              000000000000000000000000000000000     0     0 0     
       12501288 6720142 0 6721  0   38  09511242355          30         258          2889511242355      0 3 0    21OPER;                       34  0       0       000   086121861260    00       5      0              000000000000000000000000000000000     0     0 0     

@Z\