1
 
                   MAX
            TOTAL  SIM                MAXIMUM CPS                   CONNECT
 DATE  HOUR USERS USERS            IN         OUT       TOTAL         HOURS
 
 
 951106   1    14     6          1.57       40.60       42.17          3.63
 951106   2    13     5          1.50       37.88       39.38          3.27
 951106   3    13     5          1.50       37.82       39.32          3.27
 951106   4    13     5          1.50       37.82       39.32          3.27
 951106   5    13     5          1.50       37.88       39.38          3.27
 951106   6    13     5          1.50       37.85       39.35          3.27
 951106   7    10     6          2.00       50.98       52.98          3.18
 951106   8     3     3          0.00        2.38        2.38          3.00
 951106   9    10     6          2.00       49.22       51.22          3.18
 951106  10    15     6          1.50       37.50       39.00          3.30
 951106  11    13     5          1.50       36.95       38.45          3.27
 951106  12    12     5          1.50       36.95       38.45          3.25
 951106  13    14     6          1.50     1986.60     1988.10          4.27
 951106  14    13     6          1.50     1986.63     1988.13          4.23
 951106  15    20     7          7.40     1986.53     1988.03          4.18
 951106  16     8     4          1.73      248.37      250.10          3.13
 951106  17     6     4          0.50       14.65       15.15          3.05
 951106  18    12     6          1.50       37.05       38.55          4.02
 951106  19     7     5          0.50       14.68       15.18          3.97
 951106  20     6     4          1.50       36.70       38.20          2.50
 951106  21     3     3          0.40       19.85       20.25          2.03
 951106  22     4     4          0.27       11.82       12.08          2.52
 951106  23     9     6          0.95       41.35       42.30          4.68
 951106  24    12     6          1.50       38.05       39.55          4.10
1
 
                   MAX
            TOTAL  SIM                MAXIMUM CPS                   CONNECT
 DATE  HOUR USERS USERS            IN         OUT       TOTAL         HOURS
 
 
 951107   1    16     6          1.50       38.12       39.62          4.28
 951107   2    14     6          1.50       37.18       38.68          4.28
 951107   3    14     6          1.50       37.18       38.68          4.23
 951107   4     8     6          1.50       37.22       38.72          4.10
 951107   5     4     4          0.00        2.62        2.62          4.00
 951107   6     4     4          0.00        2.62        2.62          4.00
 951107   7    13     6          1.50       37.22       38.72          3.50
 951107   8    13     5          1.50       37.22       38.72          3.28
 951107   9    13     5          1.50       37.15       38.65          3.28
 951107  10    13     5          1.50       37.18       38.68          3.27
 951107  11    13     5          1.50       37.18       38.68          3.28
 951107  12    13     5          1.50       37.18       38.68          3.25
 951107  13    23    10         11.12      119.80      130.92          3.53
 951107  14    13     5          1.50       37.22       38.72          3.23
 951107  15     9     4          0.75       19.92       20.67          3.13
 951107  16     7     4          0.50       14.85       15.35          3.08
 951107  17     7     4          0.50       14.85       15.35          3.08
 951107  18     9     5          0.77       16.38       17.15          3.37
 951107  19     9     5          1.63       74.62       76.25          3.18
 951107  20     8     4          0.50       14.85       15.35          3.13
 951107  21     8     5          0.50      520.30      520.80          3.37
 951107  22     8     5          0.50      520.30      520.80          4.13
 951107  23     8     5          0.50      520.30      520.80          4.12
 951107  24    12     6          4.45      526.87      531.32          4.73
1
 
                   MAX
            TOTAL  SIM                MAXIMUM CPS                   CONNECT
 DATE  HOUR USERS USERS            IN         OUT       TOTAL         HOURS
 
 
 951108   1     9     6          0.50      520.42      520.92          4.37
 951108   2    13     6          3.58       30.32       33.90          4.27
 951108   3    12     6          7.67       18.38       25.87          4.30
 951108   4     8     5          0.50       14.65       15.15          4.07
 951108   5    11     5          2.13       62.52       64.65          3.78
 951108   6    12     4          2.78       62.45       65.23          1.12
 951108   7    10     3          2.00       46.83       48.83          0.18
 951108   8    10     3          2.00       46.90       48.90          0.23
 951108   9    10     3          2.00       46.90       48.90          0.23
 951108  10    11     3          2.00       46.83       48.83          0.47
 951108  11    11     3          2.00       64.25       66.23          0.45
 951108  12    10     2          1.50       34.57       36.07          0.27
 951108  13    12     3          1.50     2018.55     2020.05          1.27
 951108  14    11     4          1.50     2018.62     2020.12          1.33
 951108  15    21     5          7.40     2001.43     2002.18          1.68
 951108  16     9     2          0.75       17.45       18.20          1.15
 951108  17     1     1          0.00        0.18        0.18          1.00
 951108  18     2     2          0.50       12.45       12.95          1.02
 951108  19     8     2          1.50       34.57       36.07          0.63
 951108  20    12     3          1.68       39.58       41.27          0.80
 951108  21    11     2          1.50      100.10      101.32          0.27
 951108  22    11     3          1.50       34.88       36.38          1.18
 951108  23    11     3          1.50       34.82       36.32          1.22
 951108  24    13     4          2.28       84.97       87.08          1.35
1
 
                   MAX
            TOTAL  SIM                MAXIMUM CPS                   CONNECT
 DATE  HOUR USERS USERS            IN         OUT       TOTAL         HOURS
 
 
 951109   1    10     4          2.00       47.08       49.08          1.25
 951109   2    10     4          2.00       47.08       49.08          1.23
 951109   3    10     4          2.00       47.15       49.15          1.25
 951109   4    11     4          2.00       47.08       49.08          1.27
 951109   5    10     4          2.00       47.08       49.08          1.25
 951109   6    12     4          2.00       47.08       49.08          1.25
 951109   7    12     4          1.57       40.88       41.73          1.83
 951109   8    12     4          3.95       55.17       59.12          1.28
 951109   9    11     3          1.52       35.00       36.52          1.28
 951109  10    11     3          1.52       34.97       36.48          1.25
 951109  11     7     2          0.77       17.70       18.47          1.13
 951109  12     5     2          0.52       12.63       13.15          1.07
 951109  13     7     3          1.03     1956.87     1957.90          2.08
 951109  14    11     4          1.50     1967.30     1968.80          1.92
 951109  15     5     3          0.75     1950.07     1950.82          2.07
 951109  16     4     2          1.27     1932.73     1932.73          1.27
 951109  17    11     3          1.50       34.77       36.27          1.20
 951109  18     8     3          1.25       39.08       39.95          1.22
 951109  19     5     2          0.50       12.40       12.90          1.07
 951109  20     5     2          0.50       12.40       12.90          0.90
 951109  21     4     1          0.50       12.27       12.77          0.07
 951109  22     4     1          0.50       12.27       12.77          0.07
 951109  23     7     2          1.50       34.60       36.10          0.12
 951109  24     0     0          0.00        0.00        0.00          0.00
1     MAXIMUM OF MAXIMUM SIMULTANEOUS USERS
 
 
                   MAX
            TOTAL  SIM                MAXIMUM CPS                   CONNECT
 DATE  HOUR USERS USERS            IN         OUT       TOTAL         HOURS
 
 951107  13    23    10         11.12      119.80      130.92          3.53
 
 
     MAXIMUM OF CONNECT HOURS
 
 
                   MAX
            TOTAL  SIM                MAXIMUM CPS                   CONNECT
 DATE  HOUR USERS USERS            IN         OUT       TOTAL         HOURS
 
 951107  24    12     6          4.45      526.87      531.32          4.73
1
