A/C EXC  COUNT
101 760    1
139 657    1
201 225    1
201 231    1
201 239    1
201 242    1
201 254    1
201 256    1
201 263    1
201 272    2
201 277    1
201 288    3
201 299    1
201 321    2
201 326    5
201 343    1
201 348    1
201 368    2
201 392    1
201 398    1
201 428    1
201 430    3
201 434    3
201 442    1
201 444    1
201 455    8
201 460    1
201 481    1
201 487    1
201 503    1
201 524    6
201 533    1
201 536    1
201 549    1
201 560    1
201 562    1
201 565    1
201 567    1
201 568    1
201 569    1
201 573   12
201 574    3
201 592    3
201 599    1
201 627    1
201 628    1
201 641    1
201 646    1
201 665    3
201 672    1
201 685    4
201 696    1
201 714    1
201 721    1
201 767    2
201 768    1
201 777    2
201 822    3
201 825    2
201 836    1
201 846    1
201 848    1
201 866    3
201 867    2
201 877    3
201 883    1
201 884    1
201 885    2
201 891    1
201 893    1
201 894    3
201 939    1
201 946    1
201 947    2
201 953    1
201 962    2
201 967    1
201 994    1
202 287    1
202 347    1
202 365    1
202 537    1
202 624    2
202 637    1
202 789    1
202 797    1
202 863    1
202 872    4
202 887    1
202 944    1
203 225    2
203 227    2
203 244    1
203 255    1
203 273    3
203 275    1
203 277    3
203 322    1
203 327    1
203 328    1
203 329    4
203 332    1
203 348    1
203 351    2
203 353    1
203 356    2
203 357    5
203 358    2
203 373    1
203 385    1
203 531    1
203 574    1
203 622    3
203 625    1
203 629    5
203 637    1
203 656    1
203 661    2
203 674    1
203 677    1
203 678    1
203 728    5
203 762    1
203 847    1
203 854    1
203 866    1
203 965    1
203 967    1
203 977    1
205 237    1
205 269    1
205 272    1
205 326    2
205 837    1
205 854    1
206 223    2
206 246    1
206 258    1
206 281    1
206 292    1
206 344    1
206 345    1
206 583    1
206 587    1
207 594    1
207 645    1
208 383    1
209 538    1
212 206    1
212 210    1
212 223   10
212 233    1
212 245    1
212 246    1
212 247    1
212 248    6
212 265    1
212 267    2
212 269    3
212 274    1
212 279    2
212 285    1
212 288    1
212 291    1
212 298    3
212 305    1
212 306    1
212 309    2
212 310    1
212 313    1
212 319    3
212 323    2
212 326    1
212 330    5
212 333    2
212 334    1
212 340    4
212 344    4
212 347    1
212 348    1
212 349    2
212 350    2
212 352    2
212 355    2
212 363    5
212 368    1
212 370    2
212 371    2
212 391    7
212 392    2
212 393    1
212 395    2
212 397    3
212 398    4
212 399    1
212 407    1
212 415    4
212 421    3
212 422    2
212 425    4
212 432   15
212 437    1
212 440    2
212 449    2
212 460    1
212 466    2
212 476    2
212 480    4
212 481    3
212 483    2
212 484    3
212 486    1
212 489    2
212 490    1
212 504    1
212 510    8
212 512    1
212 513    2
212 517    1
212 522    3
212 524    1
212 526    1
212 530    2
212 532    2
212 536    1
212 541    3
212 546    3
212 551    2
212 552   65
212 554    3
212 556    5
212 557    2
212 558    2
212 560    3
212 565    1
212 566    1
212 571    1
212 572    3
212 573    6
212 575    1
212 576    2
212 577    1
212 578    7
212 581    2
212 585    1
212 587    3
212 593    4
212 594    1
212 595    1
212 596    1
212 598    4
212 599    1
212 613    2
212 614    4
212 620    2
212 621    1
212 625    1
212 630    1
212 635    5
212 637    3
212 640    1
212 641    1
212 644    3
212 661    2
212 664    1
212 668    3
212 669   12
212 674    1
212 676   52
212 679    1
212 682    1
212 686    1
212 687    2
212 688    2
212 689    1
212 692    1
212 695    1
212 696    2
212 697    2
212 698    1
212 701    1
212 702    3
212 705    1
212 708    1
212 709    5
212 713    1
212 714   10
212 715    1
212 722    1
212 730    5
212 732    2
212 736    2
212 747    8
212 750    9
212 751    1
212 752    6
212 754    3
212 755    1
212 758    3
212 759    2
212 760    3
212 764    1
212 765    4
212 766    3
212 770    2
212 775    2
212 790    5
212 791    2
212 797    1
212 799    1
212 804    2
212 806    1
212 809    1
212 815    1
212 816    1
212 819    2
212 826    1
212 832    5
212 834    1
212 837    1
212 838    3
212 840    2
212 841    1
212 847    1
212 850    2
212 867    6
212 869    1
212 870    1
212 877    1
212 878    1
212 880    7
212 883    3
212 888    3
212 902    3
212 907    8
212 909    3
212 912    5
212 916    1
212 917    1
212 924    1
212 929    1
212 930    3
212 935    1
212 938    6
212 943    2
212 944    1
212 947    1
212 949    5
212 952    2
212 953    2
212 957    1
212 968    1
212 972    3
212 973    3
212 975    2
212 977    1
212 986    2
212 989    2
212 997    8
213 202    2
213 205    1
213 239    1
213 312    2
213 321    1
213 380    1
213 391    1
213 394    1
213 417    1
213 427    1
213 432    1
213 449    1
213 452    2
213 479    2
213 480    1
213 486    2
213 512    1
213 548    1
213 553    2
213 568    1
213 573    1
213 604    1
213 613    1
213 618    1
213 620    1
213 624    1
213 629    1
213 646    1
213 689    1
213 723    1
213 724    1
213 727    1
213 741    1
213 742    1
213 781    1
213 826    1
213 852    1
213 859    1
213 879    2
213 937    1
213 977    1
214 290    1
214 353    1
214 355    1
214 438    1
214 631    1
214 634    1
214 651    1
214 653    1
214 658    1
214 659    1
214 661    1
214 670    1
214 744    1
214 746    1
214 750    2
214 879    2
214 922    2
214 938    1
215 270    1
215 296    1
215 299    2
215 341    1
215 378    1
215 398    1
215 522    1
215 542    1
215 557    1
215 585    2
215 592    1
215 628    1
215 629    4
215 643    1
215 647    1
215 672    1
215 751    1
215 770    1
215 786    1
215 854    4
215 935    1
215 947    1
215 972    1
215 977    2
215 985    2
216 243    1
216 266    2
216 374    2
216 379    2
216 383    1
216 464    1
216 476    1
216 523    1
216 543    1
216 575    1
216 687    1
216 694    1
217 222    1
217 423    2
217 424    1
219 236    1
219 426    1
219 824    1
301 237    1
301 244    2
301 266    1
301 296    2
301 332    2
301 338    1
301 347    1
301 667    4
301 964    1
302 323    1
302 366    1
302 428    1
302 478    1
302 575    1
302 594    1
302 651    3
302 658    1
302 734    1
302 774    1
302 888    1
302 992    1
303 232    1
303 292    1
303 293    1
303 624    1
303 629    1
303 773    4
303 793    1
303 796    1
303 799    1
303 850    1
303 861    1
303 892    1
303 989    1
304 344    1
304 623    1
304 797    1
304 925    1
305 273    1
305 375    1
305 376    1
305 423    1
305 470    1
305 491    1
305 492    1
305 577    2
305 579    1
305 592    1
305 594    1
305 655    1
305 727    2
305 764    1
305 765    1
305 766    1
305 820    1
305 826    2
305 850    1
305 851    1
305 861    1
305 873    1
305 920    1
305 972    1
305 998    1
309 675    1
309 752    1
312 222    1
312 291    1
312 295    1
312 329    1
312 336    1
312 385    1
312 397    1
312 407    2
312 427    9
312 443    1
312 444    1
312 454    1
312 461    1
312 467    1
312 470    1
312 471    1
312 498    1
312 564    1
312 580    1
312 586    1
312 621    1
312 647    1
312 661    1
312 663    1
312 696    1
312 750    1
312 782    1
312 828    1
312 845    1
312 855    1
312 856    4
312 859    1
312 861    5
312 865    1
312 875    1
312 876    2
312 937    1
312 942    2
312 948    3
312 949    1
312 966    1
312 967    1
312 981    1
312 987    1
313 222    1
313 225    2
313 256    1
313 322    2
313 337    3
313 431    1
313 556    3
313 589    1
313 593    1
313 643    1
313 649    1
313 769    2
313 777    1
313 827    2
313 965    1
313 972    4
314 232    1
314 342    2
314 425    2
314 553    1
314 694    2
314 821    3
314 862    1
314 889    3
315 433    2
315 477    3
315 782    1
315 798    1
316 261    1
316 266    1
316 685    1
316 688    1
317 463    1
317 474    1
317 634    1
317 639    1
317 839    1
319 372    1
322 223    1
322 226    1
401 278    2
401 421    4
401 568    1
401 885    1
402 346   10
402 633    1
402 948    1
402 968    1
402 978    8
404 239    2
404 255    2
404 325    1
404 391    6
404 392    1
404 521    1
404 581    1
404 588    2
404 843    3
404 885    1
404 898    1
404 939    1
404 981    1
405 231    1
405 272    1
405 762    2
406 442    1
408 245    1
408 646    1
408 727    1
408 749    1
408 942    1
408 973    1
408 987    2
409 223    1
409 229    2
412 227    1
412 232    1
412 255    2
412 263    1
412 281    1
412 288    2
412 291    1
412 355    1
412 393    2
412 456    1
412 471    1
412 553    1
412 562    1
412 782    1
412 787    1
412 825    1
412 925    1
413 499    1
413 785    1
413 788    3
413 855    1
414 228    1
414 261    1
414 271    1
414 643    2
414 765    3
415 271    1
415 321    1
415 324    1
415 348    1
415 394    1
415 396    1
415 445    1
415 463    1
415 477    1
415 492    1
415 494    1
415 546    1
415 565    1
415 570    2
415 572    1
415 573    2
415 648    1
415 655    1
415 686    1
415 765    3
415 855    2
415 857    1
415 873    1
415 882    3
415 891    1
415 894    2
415 953    1
415 955    2
415 981    1
416 528    1
416 863    3
416 867    1
416 928    2
417 358    1
419 247    1
419 422    5
419 468    1
425 811    1
466 410    1
481 102    1
481 243    1
501 273    3
501 372    1
501 378    1
501 782    1
501 933    1
502 560    1
502 566    1
502 581    1
502 585    1
502 683    1
503 221    1
503 222    1
503 224    1
503 225    2
503 226    1
503 378    2
504 346    1
504 356    1
504 368    1
504 521    1
504 561    1
504 582    2
509 456    1
512 220    1
512 476    1
512 641    2
513 222    1
513 223    1
513 425    3
513 498    1
513 579    1
513 632    1
513 662    1
513 684    1
514 877    1
515 225    1
515 245    1
515 269    1
515 754    1
516 222    2
516 228    1
516 261    1
516 273    1
516 293    1
516 294    1
516 354    1
516 364    3
516 379    1
516 454    1
516 459    1
516 484    1
516 486    2
516 488    1
516 561    1
516 574    3
516 579    1
516 621    1
516 694    1
516 752    1
516 794    1
516 832    2
516 887    1
516 921    2
516 997    1
518 273    1
518 381    1
518 385    1
518 458    1
518 474    3
519 332    1
519 621    1
536 591    1
552 227    1
572 411    1
586 585    1
601 354    1
601 948    1
602 225    1
602 229    1
602 231    1
602 248    2
602 261    1
602 262    1
602 271    1
602 893    1
602 894    2
602 949    1
603 643    1
603 746    1
603 885    1
603 893    1
606 329    1
607 432    1
607 937    2
608 257    1
608 787    1
609 282    1
609 285    1
609 338    1
609 443    1
609 541    1
609 921    1
609 989    1
612 291    1
612 310    1
612 330    2
612 370    5
612 372    1
612 475    3
612 541    1
612 574    1
612 623    1
612 726    2
612 853    2
612 870    2
612 937    1
614 224    1
614 225    1
614 248    1
614 463    3
614 475    1
614 863    1
615 271    1
615 297    1
615 327    2
615 361    1
615 383    1
615 521    1
615 522    1
615 748    2
615 749    1
615 755    1
615 847    1
616 323    2
616 697    2
616 777    1
616 961    1
616 966    2
617 222    2
617 237    3
617 262    2
617 264    4
617 272    1
617 275    1
617 292    1
617 329    1
617 366    1
617 367    1
617 421    1
617 434    1
617 437    1
617 439    1
617 451    1
617 458    1
617 459    4
617 485    1
617 486    1
617 493    1
617 523    1
617 542    1
617 543    1
617 578    2
617 661    1
617 692    1
617 726    1
617 742    2
617 757    1
617 786    1
617 853    1
617 860    1
617 862    1
617 890    1
617 895    2
617 933    1
617 935    1
617 961    1
618 242    1
619 238    1
619 452    1
619 458    3
619 549    1
619 693    1
619 695    1
643 217    1
644 630    1
679 772    2
683 450    1
688 505    1
702 329    1
702 386    1
702 784    1
703 276    3
703 356    1
703 450    1
703 684    1
703 759    4
703 827    1
703 849    1
703 892    1
703 949    1
704 374    2
704 554    1
713 221    1
713 224    2
713 229    1
713 236    1
713 241    3
713 293    1
713 432    1
713 521    1
713 546    1
713 621    1
713 623    1
713 626    1
713 627    1
713 630    1
713 650    2
713 651    1
713 654    2
713 655    1
713 656    1
713 658    2
713 681    1
713 751    1
713 754    1
713 757    1
713 759    6
713 795    1
713 870    8
713 871    1
713 877    1
713 880    1
713 945    1
714 220    2
714 238    1
714 250    1
714 493    1
714 545    1
714 557    1
714 662    1
714 671    1
714 821    1
714 835    1
714 890    1
714 957    2
715 346    1
716 258    1
716 338    1
716 436    2
716 473    2
716 482    1
716 631    1
716 652    1
716 691    1
716 724    1
716 855    1
717 243    1
717 295    1
717 327    1
717 347    1
717 780    2
717 824    1
718 204    1
718 291    1
718 507    1
718 539    1
718 630    1
718 761    1
718 895    1
730 209    1
730 737    1
747 777    2
750 066    1
752 600    1
759 133    1
764 794    1
800 227    1
800 237    1
801 350    4
801 524    1
802 229    2
802 658    1
803 744    1
803 765    1
804 257    1
804 281    1
804 380    1
804 441    1
804 771    2
804 782    2
804 788    1
804 847    1
808 525    1
808 537    1
809 292    1
809 721    7
809 722    4
809 723    6
809 724    1
809 725    3
809 733    2
809 737    2
809 738    1
809 739    3
809 750    3
809 751    3
809 753   22
809 754    5
809 757    4
809 758   12
809 759    2
809 761    1
809 762    4
809 764    4
809 766    1
809 782    2
809 784    1
809 785    1
809 788    1
809 791    1
809 792    8
809 793    3
809 795    2
809 796    1
809 798    1
809 821    1
809 826    1
809 844    2
809 845    1
809 846    2
809 847    1
809 852    3
809 854    6
809 858    2
809 864    3
809 868    1
809 870    4
809 873    1
809 883    1
809 891    3
812 288    1
812 429    1
813 224    1
813 227    1
813 228    4
813 448    1
813 530    1
813 538    1
813 541    1
813 677    1
813 832    1
813 886    1
813 887    2
813 895    1
814 827    1
815 226    1
815 758    1
815 937    1
816 234    2
816 274    1
816 391    1
816 474    2
816 556    3
817 267    1
817 338    1
817 551    1
817 640    1
817 666    1
817 968    1
818 814    1
818 841    1
825 840    1
880 184    1
883 813    1
901 321    1
901 763    1
901 922    1
904 358    1
904 359    1
904 366    1
904 396    1
904 798    1
912 234    1
913 451    1
913 782    1
914 253    4
914 273    1
914 328    2
914 335    4
914 337    1
914 359    1
914 428    2
914 472    1
914 478    2
914 528    1
914 592    1
914 627    1
914 631    1
914 633    2
914 636    2
914 638    1
914 647    1
914 654    1
914 664    2
914 668    2
914 682    2
914 683    1
914 691    1
914 694    2
914 725    2
914 747    2
914 761    1
914 762    1
914 765    1
914 937    1
914 941    1
914 967    2
914 997    1
916 446    1
918 496    1
918 583    1
918 586    1
918 588    1
918 627    1
918 661    1
918 747    1
919 399    1
919 734    1
919 748    1
919 773    1
919 787    1
919 828    1
952 827    1
 
 