2052418200  MONTGOMERY  AL  2281XXX  478  4  *YYY                  540      87    1415.2       7.0      19.040      49.560       4.410       2.800       2.800       1.050       1.050       0.210      12.186      47.578       5.645       4.480       4.480       3.360       3.360       1.344T
2057923365  DOTHAN      AL  2213365  478  9  *YYY                  544      88       0.0       0.0       0.000       0.000       0.000       0.000       0.000       0.000       0.000       0.000       0.000       0.000       0.000       0.000       0.000       0.000       0.000       0.000T
2052541000  MOBILE      AL  5372XXX  480  4  *YYY                  549      89   14201.1      70.1     190.672     496.308      44.163      28.040      28.040      10.515      10.515       2.103     122.030     476.456      56.529      44.864      44.864      33.648      33.648      13.459T
2052541001  MOBILE      AL  5379XXX  480  4  *YYY                  554       0       2.6       0.0       0.000       0.000       0.000       0.000       0.000       0.000       0.000       0.000       0.000       0.000       0.000       0.000       0.000       0.000       0.000       0.000T
2052724670  MONTGOMERY  AL  2284XXX  478  4  *YYY                  561      91     857.4       4.2      11.424      29.736       2.646       1.680       1.680       0.630       0.630       0.126       7.311      28.547       3.387       2.688       2.688       2.016       2.016       0.806T
2054531673  HUNTSVILLE  AL  871136X  477  4  *YYY                  563      93     484.1       2.4       6.528      16.992       1.512       0.960       0.960       0.360       0.360       0.072       4.178      16.312       1.935       1.536       1.536       1.152       1.152       0.461T
2054532121  HUNTSVILLE  AL  8722XXX  477  4  *YYY                  564       0    2790.4      13.8      37.536      97.704       8.694       5.520       5.520       2.070       2.070       0.414      24.023      93.796      11.128       8.832       8.832       6.624       6.624       2.650T
2055348434  HUNTSVILLE  AL  871139X  477  4  *YYY                  565      94     853.3       4.2      11.424      29.736       2.646       1.680       1.680       0.630       0.630       0.126       7.311      28.547       3.387       2.688       2.688       2.016       2.016       0.806T
2055391711  HUNTSVILLE  AL  871137X  477  4  *YYY                  566      95     166.3       0.8       2.176       5.664       0.504       0.320       0.320       0.120       0.120       0.024       1.393       5.437       0.645       0.512       0.512       0.384       0.384       0.154T
2055390623  HUNTSVILLE  AL  871190X  477  4  *YYY                  567      95     130.4       0.6       1.632       4.248       0.378       0.240       0.240       0.090       0.090       0.018       1.044       4.078       0.484       0.384       0.384       0.288       0.288       0.115T
2054532100  HUNTSVILLE  AL  8720XXX  477  4  *YYY                  568      96   14995.9      74.0     201.280     523.920      46.620      29.600      29.600      11.100      11.100       2.220     128.819     502.963      59.674      47.360      47.360      35.520      35.520      14.208T
2057270550  TUSKEGEE    AL  5340XXX  478  4  *YYY                  574      98       0.0       0.0       0.000       0.000       0.000       0.000       0.000       0.000       0.000       0.000       0.000       0.000       0.000       0.000       0.000       0.000       0.000       0.000T
2057270550  TUSKEGEE    AL  5343XXX  478  4  *YYY                  576      98      73.5       0.4       1.088       2.832       0.252       0.160       0.160       0.060       0.060       0.012       0.696       2.719       0.323       0.256       0.256       0.192       0.192       0.077T
2057665242  FLORENCE    AL  871138X  477  4  *YYY                  579     101     175.0       0.9       2.448       6.372       0.567       0.360       0.360       0.135       0.135       0.027       1.567       6.117       0.726       0.576       0.576       0.432       0.432       0.173T
2055340244  HUNTSVILLE  AL  871180X  477  4  *YYY                  580     102     398.9       2.0       5.440      14.160       1.260       0.800       0.800       0.300       0.300       0.060       3.482      13.594       1.613       1.280       1.280       0.960       0.960       0.384T
2057720211  MADISON     AL  8732XXX  477  4  *YYY                  581       0       9.8       0.0       0.000       0.000       0.000       0.000       0.000       0.000       0.000       0.000       0.000       0.000       0.000       0.000       0.000       0.000       0.000       0.000T
2057923721  DOTHAN      AL  53482XX  478  9  *YYY                  582     103     212.0       1.0       2.720       7.080       0.630       0.400       0.400       0.150       0.150       0.030       1.741       6.797       0.806       0.640       0.640       0.480       0.480       0.192T
2058218070  AUBURN      AL  5344XXX  478  4  *YYY                  583     104     210.4       1.0       2.720       7.080       0.630       0.400       0.400       0.150       0.150       0.030       1.741       6.797       0.806       0.640       0.640       0.480       0.480       0.192T
2058301180  HUNTSVILLE  AL  8731XXX  477  4  SYYY                  584     105     232.0       1.1       2.992       7.788       0.693       0.440       0.440       0.165       0.165       0.033       1.915       7.476       0.887       0.704       0.704       0.528       0.528       0.211T
2058327521  MONTGOMERY  AL  5347XXX  478  4  *YYY                  585     106    8362.2      41.3     112.336     292.404      26.019      16.520      16.520       6.195       6.195       1.239      71.895     280.708      33.304      26.432      26.432      19.824      19.824       7.930T
2058955150  HUNTSVILLE  AL  8733XXX  477  4  *YYY                  593     108   24148.7     119.1     323.952     843.228      75.033      47.640      47.640      17.865      17.865       3.573     207.329     809.499      96.042      76.224      76.224      57.168      57.168      22.867T
2087657000  COEUR D AI  ID  4427XXX  960  9  *YYY                  672     143    5322.6      26.3      71.536     186.204      16.569      10.520      10.520       3.945       3.945       0.789      45.783     178.756      21.208      16.832      16.832      12.624      12.624       5.050T
2092256100  FRESNO      CA  4669XXX  728  7  *YYY                  676     146    1206.1       5.9      16.048      41.772       3.717       2.360       2.360       0.885       0.885       0.177      10.271      40.101       4.758       3.776       3.776       2.832       2.832       1.133T
2093720200  YOSEMITE    CA  4484XXX  738  7  *YYY                  677     147    1114.8       5.5      14.960      38.940       3.465       2.200       2.200       0.825       0.825       0.165       9.574      37.382       4.435       3.520       3.520       2.640       2.640       1.056T
2093834455              CA  4619250  738  7  *YYY                  678     148     154.3       0.8       2.176       5.664       0.504       0.320       0.320       0.120       0.120       0.024       1.393       5.437       0.645       0.512       0.512       0.384       0.384       0.154T
2094546006  FRESNO      CA  4616XXX  728  7  *YYY                  679     149    6959.8      34.3      93.296     242.844      21.609      13.720      13.720       5.145       5.145       1.029      59.709     233.130      27.660      21.952      21.952      16.464      16.464       6.586T
2094875006  KERMAN      CA  4619339  728  7  *YYY                  681     150       0.0       0.0       0.000       0.000       0.000       0.000       0.000       0.000       0.000       0.000       0.000       0.000       0.000       0.000       0.000       0.000       0.000       0.000T
2094875312  FRESNO      CA  4675XXX  728  7  *YYY                  682     150    1483.3       7.3      19.856      51.684       4.599       2.920       2.920       1.095       1.095       0.219      12.708      49.617       5.887       4.672       4.672       3.504       3.504       1.402T
2095271914  KERMAN      CA  4636253  738  7  *YYY                  683     151      85.9       0.4       1.088       2.832       0.252       0.160       0.160       0.060       0.060       0.012       0.696       2.719       0.323       0.256       0.256       0.192       0.192       0.077T
2095653341  KINGS CANY  CA  467500X  728  7  *YYY                  684     152    6576.1      32.4      88.128     229.392      20.412      12.960      12.960       4.860       4.860       0.972      56.402     220.216      26.127      20.736      20.736      15.552      15.552       6.221T
2099466011  STOCKTON    CA  4636XXX  738  7  *YYY                  685     153    2957.6      14.6      39.712     103.368       9.198       5.840       5.840       2.190       2.190       0.438      25.416      99.233      11.773       9.344       9.344       7.008       7.008       2.803T
5172368214  NILES       MI  333821X  348  3  *YYY                  931     253     265.2       1.3       3.536       9.204       0.819       0.520       0.520       0.195       0.195       0.039       2.263       8.836       1.048       0.832       0.832       0.624       0.624       0.250T
5177899999  JACKSON     MI  3806035  346  3  *YYY                 1345       0       0.0       0.0       0.000       0.000       0.000       0.000       0.000       0.000       0.000       0.000       0.000       0.000       0.000       0.000       0.000       0.000       0.000       0.000T
8122389999  TERRE HAUT  IN  3318104  938  3  *YYY                 1477     458       0.0       0.0       0.000       0.000       0.000       0.000       0.000       0.000       0.000       0.000       0.000       0.000       0.000       0.000       0.000       0.000       0.000       0.000T
3182218411  SHREVEPORT  LA  4936XXX  486  4  *YYY                 1482     462    1328.3       6.6      17.952      46.728       4.158       2.640       2.640       0.990       0.990       0.198      11.489      44.859       5.322       4.224       4.224       3.168       3.168       1.267T
3182265011  SHREVEPORT  LA  4935XXX  486  4  *YYY                 1483     463    4911.7      24.2      65.824     171.336      15.246       9.680       9.680       3.630       3.630       0.726      42.127     164.483      19.515      15.488      15.488      11.616      11.616       4.646T
3182345011  LAFAYETTE   LA  6876XXX  488  4  *YYY                 1484       0    3263.5      16.1      43.792     113.988      10.143       6.440       6.440       2.415       2.415       0.483      28.027     109.428      12.983      10.304      10.304       7.728       7.728       3.091T
3184395011  LAKE CHARL  LA  6877XXX  488  4  *YYY                 1485       0    2005.2       9.9      26.928      70.092       6.237       3.960       3.960       1.485       1.485       0.297      17.234      67.288       7.983       6.336       6.336       4.752       4.752       1.901T
3183872679  MONROE      LA  49365XX  486  4  *YYY                 1486     464     267.4       1.3       3.536       9.204       0.819       0.520       0.520       0.195       0.195       0.039       2.263       8.836       1.048       0.832       0.832       0.624       0.624       0.250T
3184562252  SHREVEPORT  LA  4932XXX  486  4  *YYY                 1487     465      50.0       0.2       0.544       1.416       0.126       0.080       0.080       0.030       0.030       0.006       0.348       1.359       0.161       0.128       0.128       0.096       0.096       0.038T
3184730010  ALEXANDRIA  LA  4970XXX  486  4  *YYY                 1490     466    1241.3       6.1      16.592      43.188       3.843       2.440       2.440       0.915       0.915       0.183      10.619      41.460       4.919       3.904       3.904       2.928       2.928       1.171T
3184737160  ALEXANDRIA  LA  4973XXX  486  4  *YYY                 1491       0       1.1       0.0       0.000       0.000       0.000       0.000       0.000       0.000       0.000       0.000       0.000       0.000       0.000       0.000       0.000       0.000       0.000       0.000T
3184737419  ALEXANDRIA  LA  4976XXX  486  4  *YYY                 1492       0    6106.5      30.1      81.872     213.108      18.963      12.040      12.040       4.515       4.515       0.903      52.398     204.584      24.273      19.264      19.264      14.448      14.448       5.779T
4024719999  LINCOLN     NE  5412XXX  958  9  *YYY                 1543     485    4681.7      23.1      62.832     163.548      14.553       9.240       9.240       3.465       3.465       0.693      40.212     157.006      18.628      14.784      14.784      11.088      11.088       4.435T
9124313199  ALBANY      GA  256314X  444  4  *YYY                 1588       0       0.0       0.0       0.000       0.000       0.000       0.000       0.000       0.000       0.000       0.000       0.000       0.000       0.000       0.000       0.000       0.000       0.000       0.000T
8036483100  AIKEN       SC  2563144  442  4  *YYY                 1594       0       0.0       0.0       0.000       0.000       0.000       0.000       0.000       0.000       0.000       0.000       0.000       0.000       0.000       0.000       0.000       0.000       0.000       0.000T
9124311001  ALBANY      GA  2306XXX  444  4  *YYY                 1599     493       0.0       0.0       0.000       0.000       0.000       0.000       0.000       0.000       0.000       0.000       0.000       0.000       0.000       0.000       0.000       0.000       0.000       0.000T
4047245116  AUGUSTA     GA  2511XXX  442  4  *YYY                 1612     503     206.5       1.0       2.720       7.080       0.630       0.400       0.400       0.150       0.150       0.030       1.741       6.797       0.806       0.640       0.640       0.480       0.480       0.192T
4047245116  AUGUSTA     GA  2512XXX  442  4  *YYY                 1613     503    3913.0      19.3      52.496     136.644      12.159       7.720       7.720       2.895       2.895       0.579      33.597     131.178      15.564      12.352      12.352       9.264       9.264       3.706T
4084432000  SALINAS     CA  4682XXX  736  7  *YYY                 1672     533    1979.8       9.8      26.656      69.384       6.174       3.920       3.920       1.470       1.470       0.294      17.060      66.609       7.903       6.272       6.272       4.704       4.704       1.882T
4085462100  KING CITY   CA  4619340  736  7  *YYY                 1673     534       0.0       0.0       0.000       0.000       0.000       0.000       0.000       0.000       0.000       0.000       0.000       0.000       0.000       0.000       0.000       0.000       0.000       0.000T
8148701000  ERIE        PA  722722X  924  9  *YYY                 1688     543       0.0       0.0       0.000       0.000       0.000       0.000       0.000       0.000       0.000       0.000       0.000       0.000       0.000       0.000       0.000       0.000       0.000       0.000T
8148701001  MEADVILLE   PA  7227223  924  9  *YYY                 1690     543       0.0       0.0       0.000       0.000       0.000       0.000       0.000       0.000       0.000       0.000       0.000       0.000       0.000       0.000       0.000       0.000       0.000       0.000T
4192271660  LIMA        OH  9439XXX  923  3  *YYY                 1836     599     992.6       4.9      13.328      34.692       3.087       1.960       1.960       0.735       0.735       0.147       8.530      33.304       3.951       3.136       3.136       2.352       2.352       0.941T
5024446311  PADUCAH     KY  3556XXX  464  4  *YYY                 1864     614    1917.4       9.5      25.840      67.260       5.985       3.800       3.800       1.425       1.425       0.285      16.538      64.570       7.661       6.080       6.080       4.560       4.560       1.824T
5026842939  OWENSBORO   KY  35272XX  464  4  *YYY                 1879     619     124.8       0.6       1.632       4.248       0.378       0.240       0.240       0.090       0.090       0.018       1.044       4.078       0.484       0.384       0.384       0.288       0.288       0.115T
6017620982  PASCAGOLLA  MS  6810982  484  4  *YYY                 1936       0       0.0       0.0       0.000       0.000       0.000       0.000       0.000       0.000       0.000       0.000       0.000       0.000       0.000       0.000       0.000       0.000       0.000       0.000T
5043890300  BATON ROUG  LA  6870XXX  492  4  *YYY                 1938     649    6376.3      31.5      85.680     223.020      19.845      12.600      12.600       4.725       4.725       0.945      54.835     214.099      25.402      20.160      20.160      15.120      15.120       6.048T
3183870100  MONROE      LA  681010X  486  4  *YYY                 1942       0       0.0       0.0       0.000       0.000       0.000       0.000       0.000       0.000       0.000       0.000       0.000       0.000       0.000       0.000       0.000       0.000       0.000       0.000T
6018630029  GULFPORT    MS  6810029  484  4  *YYY                 1943       0       0.0       0.0       0.000       0.000       0.000       0.000       0.000       0.000       0.000       0.000       0.000       0.000       0.000       0.000       0.000       0.000       0.000       0.000T
5046427771  CARVILLE    LA  687020X  492  4  *YYY                 1959     655     657.6       3.2       8.704      22.656       2.016       1.280       1.280       0.480       0.480       0.096       5.571      21.750       2.580       2.048       2.048       1.536       1.536       0.614T
5132923100  COVINGTON   KY  7783XXX  922  3  *YYY                 2150     712      13.3       0.1       0.272       0.708       0.063       0.040       0.040       0.015       0.015       0.003       0.174       0.680       0.081       0.064       0.064       0.048       0.048       0.019T
5134214310  CINCINNATI  OH  771307X  922  3  *YYY                 2155     713     144.6       0.7       1.904       4.956       0.441       0.280       0.280       0.105       0.105       0.021       1.2    4.758       0.564       0.448       0.448       0.336       0.336       0.134T
5135278236  CINCINNATI  OH  7788XXX  922  3  *YYY                 2158     715     242.8       1.2       3.264       8.496       0.756       0.480       0.480       0.180       0.180       0.036       2.089       8.156       0.968       0.768       0.768       0.576       0.576       0.230T
5135697931  CINCINNATI  OH  6848XXX  922  3  *YYY                 2159     716     510.4       2.5       6.800      17.700       1.575       1.000       1.000       0.375       0.375       0.075       4.352      16.992       2.016       1.600       1.600       1.200       1.200       0.480T
5136842306  CINCINNATI  OH  6842XXX  922  3  *YYY                 2160     717   14217.6      70.1     190.672     496.308      44.163      28.040      28.040      10.515      10.515       2.103     122.030     476.456      56.529      44.864      44.864      33.648      33.648      13.459T
5136842200  CINCINNATI  OH  6847XXX  922  3  *YYY                 2163     717    1276.1       6.3      17.136      44.604       3.969       2.520       2.520       0.945       0.945       0.189      10.967      42.820       5.080       4.032       4.032       3.024       3.024       1.210T
5136842306  CINCINNATI  OH  771306X  922  9  *YYY                 2164     717       8.7       0.0       0.000       0.000       0.000       0.000       0.000       0.000       0.000       0.000       0.000       0.000       0.000       0.000       0.000       0.000       0.000       0.000T
5137386200  FERNALD     OH  7746XXX  922  3  *YYY                 2166     719    1670.4       8.2      22.304      58.056       5.166       3.280       3.280       1.230       1.230       0.246      14.275      55.734       6.612       5.248       5.248       3.936       3.936       1.574T
5138414287  CINCINNATI  OH  6844XXX  922  3  *YYY                 2167     720    2558.7      12.6      34.272      89.208       7.938       5.040       5.040       1.890       1.890       0.378      21.934      85.640      10.161       8.064       8.064       6.048       6.048       2.419T
5138613100  CINCINNATI  OH  7730XXX  922  3  *YYY                 2168     721     931.5       4.6      12.512      32.568       2.898       1.840       1.840       0.690       0.690       0.138       8.008      31.265       3.709       2.944       2.944       2.208       2.208       0.883T
5173776600  LANSING     MI  3741XXX  346  3  *YYY                 2207     744    5605.4      27.7      75.344     196.116      17.451      11.080      11.080       4.155       4.155       0.831      48.220     188.271      22.337      17.728      17.728      13.296      13.296       5.318T
5173776600  E LANSING   MI  37466XX  346  3  *YYY                 2208     744     261.3       1.3       3.536       9.204       0.819       0.520       0.520       0.195       0.195       0.039       2.263       8.836       1.048       0.832       0.832       0.624       0.624       0.250T
5177715711  SAGINAW     MI  3742XXX  344  3  *YYY                 2209     745    2752.8      13.6      36.992      96.288       8.568       5.440       5.440       2.040       2.040       0.408      23.675      92.436      10.967       8.704       8.704       6.528       6.528       2.611T
5177892400  JACKSON     MI  3747XXX  346  3  *YYY                 2211     747     141.7       0.7       1.904       4.956       0.441       0.280       0.280       0.105       0.105       0.021       1.219       4.758       0.564       0.448       0.448       0.336       0.336       0.134T
6013232230  MISSISSIPP  MS  4971XXX  482  4  *YYY                 2239     757      82.6       0.4       1.088       2.832       0.252       0.160       0.160       0.060       0.060       0.012       0.696       2.719       0.323       0.256       0.256       0.192       0.192       0.077T
6013624471  JACKSON     MS  5421XXX  482  4  *YYY                 2240     758    2040.2      10.1      27.472      71.508       6.363       4.040       4.040       1.515       1.515       0.303      17.582      68.648       8.145       6.464       6.464       4.848       4.848       1.939T
6013885541  BILOXI      MS  4995XXX  484  4  *YYY                 2241     759    2310.9      11.4      31.008      80.712       7.182       4.560       4.560       1.710       1.710       0.342      19.845      77.484       9.193       7.296       7.296       5.472       5.472       2.189T
6015831587  HATTIESBUR  MS  4974XXX  482  4  *YYY                 2242     760     203.3       1.0       2.720       7.080       0.630       0.400       0.400       0.150       0.150       0.030       1.741       6.797       0.806       0.640       0.640       0.480       0.480       0.192T
6016345000  VICKSBURG   MS  5425XXX  482  4  *YYY                 2243     761    4727.8      23.3      63.376     164.964      14.679       9.320       9.320       3.495       3.495       0.699      40.561     158.365      18.789      14.912      14.912      11.184      11.184       4.474T
6016363111  VICKSBURG   MS  5422XXX  482  4  *YYY                 2245     762    6521.3      32.2      87.584     227.976      20.286      12.880      12.880       4.830       4.830       0.966      56.054     218.857      25.966      20.608      20.608      15.456      15.456       6.182T
6016862311  STONEVILLE  MS  4972XXX  482  4  *YYY                 2248     763    2407.8      11.9      32.368      84.252       7.497       4.760       4.760       1.785       1.785       0.357      20.716      80.882       9.596       7.616       7.616       5.712       5.712       2.285T
6016882211  BAY ST LOU  MS  4940XXX  484  4  *YYY                 2249     764       0.0       0.0       0.000       0.000       0.000       0.000       0.000       0.000       0.000       0.000       0.000       0.000       0.000       0.000       0.000       0.000       0.000       0.000T
6017625722  PASCAGOULA  MS  4994XXX  484  4  *YYY                 2255     765    5404.8      26.7      72.624     189.036      16.821      10.680      10.680       4.005       4.005       0.801      46.479     181.475      21.531      17.088      17.088      12.816      12.816       5.126T
6018631972  GULFPORT    MS  4992XXX  484  4  *YYY                 2256     766    3151.1      15.5      42.160     109.740       9.765       6.200       6.200       2.325       2.325       0.465      26.982     105.350      12.499       9.920       9.920       7.440       7.440       2.976T
6019485000  JACKSON     MS  4918XXX  482  4  *YYY                 2258     768     113.0       0.6       1.632       4.248       0.378       0.240       0.240       0.090       0.090       0.018       1.044       4.078       0.484       0.384       0.384       0.288       0.288       0.115T
6015831000  HATTIESBUR  MS  491813X  482  4  *YYY                 2259       0     790.2       3.9      10.608      27.612       2.457       1.560       1.560       0.585       0.585       0.117       6.789      26.508       3.145       2.496       2.496       1.872       1.872       0.749T
6013448139  LAUREL      MS  4918139  482  4  *YYY                 2260       0       0.0       0.0       0.000       0.000       0.000       0.000       0.000       0.000       0.000       0.000       0.000       0.000       0.000       0.000       0.000       0.000       0.000       0.000T
6019604211  JACKSON     MS  4904XXX  482  4  SYYY                 2261     769   15653.0      77.2     209.984     546.576      48.636      30.880      30.880      11.580      11.580       2.316     134.390     524.713      62.254      49.408      49.408      37.056      37.056      14.822T
6027295051  FT DEFIANC  AZ  4797XXX  980  9  *YYY                 2297     788     131.7       0.6       1.632       4.248       0.378       0.240       0.240       0.090       0.090       0.018       1.044       4.078       0.484       0.384       0.384       0.288       0.288       0.115T
6028715151  WINDOW ROC  AZ  4795XXX  980  9  *YYY                 2308     794    1760.9       8.7      23.664      61.596       5.481       3.480       3.480       1.305       1.305       0.261      15.145      59.132       7.016       5.568       5.568       4.176       4.176       1.670T
6028714811  WINDOW ROC  AZ  5728XXX  980  9  *YYY                 2309     794    3324.3      16.4      44.608     116.112      10.332       6.560       6.560       2.460       2.460       0.492      28.549     111.468      13.225      10.496      10.496       7.872       7.872       3.149T
6062334511  LEXINGTON   KY  3523XXX  466  4  *YYY                 2331     809    1580.4       7.8      21.216      55.224       4.914       3.120       3.120       1.170       1.170       0.234      13.578      53.015       6.290       4.992       4.992       3.744       3.744       1.498T
6062332312  LEXINGTON   KY  3552XXX  466  4  *YYY                 2333       0    5110.4      25.2      68.544     178.416      15.876      10.080      10.080       3.780       3.780       0.756      43.868     171.279      20.321      16.128      16.128      12.096      12.096       4.838T
6062556812  LEXINGTON   KY  3557XXX  466  4  *YYY                 2334     810     860.0       4.2      11.424      29.736       2.646       1.680       1.680       0.630       0.630       0.126       7.311      28.547       3.387       2.688       2.688       2.016       2.016       0.806T
6064320116  PIKEVILLE   KY  355243X  466  4  *YYY                 2335     811      77.2       0.4       1.088       2.832       0.252       0.160       0.160       0.060       0.060       0.012       0.696       2.719       0.323       0.256       0.256       0.192       0.192       0.077T
6064412222  FT THOMAS   KY  77330XX  922  3  *YYY                 2336     812       0.0       0.0       0.000       0.000       0.000       0.000       0.000       0.000       0.000       0.000       0.000       0.000       0.000       0.000       0.000       0.000       0.000       0.000T
6067453100  WINCHESTER  KY  355267X  466  4  *YYY                 2337     813     210.9       1.0       2.720       7.080       0.630       0.400       0.400       0.150       0.150       0.030       1.741       6.797       0.806       0.640       0.640       0.480       0.480       0.192T
5133249999  SPRINGFIEL  OH  941300X  923  3  *YYY                 2421     855       0.0       0.0       0.000       0.000       0.000       0.000       0.000       0.000       0.000       0.000       0.000       0.000       0.000       0.000       0.000       0.000       0.000       0.000T
6154365615  GATLINBURG  TN  8540XXX  474  4  *YYY                 2432     861    1325.7       6.5      17.680      46.020       4.095       2.600       2.600       0.975       0.975       0.195      11.315      44.179       5.242       4.160       4.160       3.120       3.120       1.248T
9014231030  JACKSON     TN  8711030  468  4  *YYY                 2434       0       0.0       0.0       0.000       0.000       0.000       0.000       0.000       0.000       0.000       0.000       0.000       0.000       0.000       0.000       0.000       0.000       0.000       0.000T
9016271320  YORKVILLE   TN  8711320  468  4  *YYY                 2436       0       0.0       0.0       0.000       0.000       0.000       0.000       0.000       0.000       0.000       0.000       0.000       0.000       0.000       0.000       0.000       0.000       0.000       0.000T
6155218314  KNOXVILLE   TN  8544XXX  474  4  SYYY                 2437     863    5337.6      26.3      71.536     186.204      16.569      10.520      10.520       3.945       3.945       0.789      45.783     178.756      21.208      16.832      16.832      12.624      12.624       5.050T
6155444500  KNOXVILLE   TN  8504XXX  474  4  *YYY                 2439     864    1443.5       7.1      19.312      50.268       4.473       2.840       2.840       1.065       1.065       0.213      12.360      48.257       5.725       4.544       4.544       3.408       3.408       1.363T
6155581200  KNOXVILLE   TN  8541XXX  474  4  *YYY                 2440     865    2858.3      14.1      38.352      99.828       8.883       5.640       5.640       2.115       2.115       0.423      24.545      95.835      11.370       9.024       9.024       6.768       6.768       2.707T
6155741000  OAK RIDGE   TN  6240XXX  474  4  *YYY                 2441     866   23766.5     117.2     318.784     829.776      73.836      46.880      46.880      17.580      17.580       3.516     204.022     796.585      94.510      75.008      75.008      56.256      56.256      22.502T
6155888571  KNOXVILLE   TN  8513XXX  474  4  *YYY                 2461     867     189.1       0.9       2.448       6.372       0.567       0.360       0.360       0.135       0.135       0.027       1.567       6.117       0.726       0.576       0.576       0.432       0.432       0.173T
6157513100  CHATTANOOG  TN  851313X  472  4  *YYY                 2462       0       0.0       0.0       0.000       0.000       0.000       0.000       0.000       0.000       0.000       0.000       0.000       0.000       0.000       0.000       0.000       0.000       0.000       0.000T
6152453133  KINGSPORT   TN  8513133  956  9  *YYY                 2463       0       0.0       0.0       0.000       0.000       0.000       0.000       0.000       0.000       0.000       0.000       0.000       0.000       0.000       0.000       0.000       0.000       0.000       0.000T
6156322101  KNOXVILLE   TN  8501XXX  474  4  *YYY                 2466     868    4354.6      21.5      58.480     152.220      13.545       8.600       8.600       3.225       3.225       0.645      37.427     146.131      17.338      13.760      13.760      10.320      10.320       4.128T
6156734200  OAKRIDGE    TN  8561XXX  474  4  *YYY                 2474     869       0.0       0.0       0.000       0.000       0.000       0.000       0.000       0.000       0.000       0.000       0.000       0.000       0.000       0.000       0.000       0.000       0.000       0.000T
6156974119  CHICKAMAUG  TN  85841XX  472  4  *YYY                 2475     870      25.0       0.1       0.272       0.708       0.063       0.040       0.040       0.015       0.015       0.003       0.174       0.680       0.081       0.064       0.064       0.048       0.048       0.019T
6157510011  CHATTANOOG  TN  8580XXX  472  4  *YYY                 2479     872    5222.4      25.8      70.176     182.664      16.254      10.320      10.320       3.870       3.870       0.774      44.913     175.357      20.805      16.512      16.512      12.384      12.384       4.954T
6157564250  CHATTANOOG  TN  8528XXX  472  4  *YYY                 2488     873    3428.3      16.9      45.968     119.652      10.647       6.760       6.760       2.535       2.535       0.507      29.420     114.866      13.628      10.816      10.816       8.112       8.112       3.245T
6158569700  CLEVELAND   TN  8569XXX  472  4  *YYY                 2489     874    1038.0       5.1      13.872      36.108       3.213       2.040       2.040       0.765       0.765       0.153       8.878      34.664       4.113       3.264       3.264       2.448       2.448       0.979T
6159261171  JOHNSON CI  TN  8547XXX  956  9  *YYY                 2492     876    3738.5      18.4      50.048     130.272      11.592       7.360       7.360       2.760       2.760       0.552      32.031     125.061      14.838      11.776      11.776       8.832       8.832       3.533T
6163495855  KALAMAZOO   MI  3725XXX  348  3  *YYY                 2493     877     243.9       1.2       3.264       8.496       0.756       0.480       0.480       0.180       0.180       0.036       2.089       8.156       0.968       0.768       0.768       0.576       0.576       0.230T
6164562366  GRAND RAPI  MI  3722XXX  348  3  *YYY                 2494     878    1123.7       5.5      14.960      38.940       3.465       2.200       2.200       0.825       0.825       0.165       9.574      37.382       4.435       3.520       3.520       2.640       2.640       1.056T
6167227292  MUSKEGON    MI  3721XXX  348  3  *YYY                 2495     879     341.5       1.7       4.624      12.036       1.071       0.680       0.680       0.255       0.255       0.051       2.959      11.555       1.371       1.088       1.088       0.816       0.816       0.326T
6169228210  TRAVERSE C  MI  9740XXX  348  3  *YYY                 2496     880     377.0       1.9       5.168      13.452       1.197       0.760       0.760       0.285       0.285       0.057       3.308      12.914       1.532       1.216       1.216       0.912       0.912       0.365T
6169626511  BATTLE CRE  MI  3726XXX  348  3  *YYY                 2497     881    5298.5      26.1      70.992     184.788      16.443      10.440      10.440       3.915       3.915       0.783      45.435     177.396      21.047      16.704      16.704      12.528      12.528       5.011T
6169665600  BATTLE CRE  MI  9743XXX  348  3  *YYY                 2499     882    2056.7      10.1      27.472      71.508       6.363       4.040       4.040       1.515       1.515       0.303      17.582      68.648       8.145       6.464       6.464       4.848       4.848       1.939T
6169820722  ST JOSEPH   MI  333817X  348  3  *YYY                 2501     883     180.4       0.9       2.448       6.372       0.567       0.360       0.360       0.135       0.135       0.027       1.567       6.117       0.726       0.576       0.576       0.432       0.432       0.173T
6183958585  OLNEY       IL  955921X  978  3  *YYY                 2566     911     127.2       0.6       1.632       4.248       0.378       0.240       0.240       0.090       0.090       0.018       1.044       4.078       0.484       0.384       0.384       0.288       0.288       0.115T
7022894865  ELY         NV  4705218  720  7  *YYY                 2637     939      24.8       0.1       0.272       0.708       0.063       0.040       0.040       0.015       0.015       0.003       0.174       0.680       0.081       0.064       0.064       0.048       0.048       0.019T
7026233676  WINNEMUCCA  CA  4705423  720  7  *YYY                 2660     945      25.0       0.1       0.272       0.708       0.063       0.040       0.040       0.015       0.015       0.003       0.174       0.680       0.081       0.064       0.064       0.048       0.048       0.019T
7026355181  BATTLE MTN  NV  4700001  720  7  *YYY                 2661     946       0.0       0.0       0.000       0.000       0.000       0.000       0.000       0.000       0.000       0.000       0.000       0.000       0.000       0.000       0.000       0.000       0.000       0.000T
7027845912  RENO        NV  4700002  720  7  *YYY                 2662     947       0.0       0.0       0.000       0.000       0.000       0.000       0.000       0.000       0.000       0.000       0.000       0.000       0.000       0.000       0.000       0.000       0.000       0.000T
7027845911  RENO        NV  4705XXX  720  7  *YYY                 2663     947    6143.3      30.3      82.416     214.524      19.089      12.120      12.120       4.545       4.545       0.909      52.746     205.943      24.434      19.392      19.392      14.544      14.544       5.818T
7027867200  RENO        NV  4701XXX  720  7  *YYY                 2664     948      65.0       0.3       0.816       2.124       0.189       0.120       0.120       0.045       0.045       0.009       0.522       2.039       0.242       0.192       0.192       0.144       0.144       0.058T
7027880600  RENO        NV  47016XX  720  7  *YYY                 2666     949       0.0       0.0       0.000       0.000       0.000       0.000       0.000       0.000       0.000       0.000       0.000       0.000       0.000       0.000       0.000       0.000       0.000       0.000T
7028821631  CARSON CIT  NV  47061XX  720  7  *YYY                 2670     951      11.3       0.1       0.272       0.708       0.063       0.040       0.040       0.015       0.015       0.003       0.174       0.680       0.081       0.064       0.064       0.048       0.048       0.019T
7028821388  CARSON CIT  NV  47062XX  720  7  *YYY                 2671     951      18.9       0.1       0.272       0.708       0.063       0.040       0.040       0.015       0.015       0.003       0.174       0.680       0.081       0.064       0.064       0.048       0.048       0.019T
7034662727  BRISTOL     VA  937604X  956  9  *YYY                 2693     960    1112.0       5.5      14.960      38.940       3.465       2.200       2.200       0.825       0.825       0.165       9.574      37.382       4.435       3.520       3.520       2.640       2.640       1.056T
7036288158  ABINGDON    VA  937645X  956  9  *YYY                 2707     964     255.4       1.3       3.536       9.204       0.819       0.520       0.520       0.195       0.195       0.039       2.263       8.836       1.048       0.832       0.832       0.624       0.624       0.250T
7036695499  BRISTOL     VA  937602X  956  9  *YYY                 2728     970     317.4       1.6       4.352      11.328       1.008       0.640       0.640       0.240       0.240       0.048       2.785      10.875       1.290       1.024       1.024       0.768       0.768       0.307T
7042590691  ASHEVILLE   NC  6720XXX  420  4  *YYY                 2781     980    6218.0      30.7      83.504     217.356      19.341      12.280      12.280       4.605       4.605       0.921      53.443     208.662      24.756      19.648      19.648      14.736      14.736       5.894T
7042987911  ASHEVILLE   NC  6725XXX  420  4  *YYY                 2782     981     248.0       1.2       3.264       8.496       0.756       0.480       0.480       0.180       0.180       0.036       2.089       8.156       0.968       0.768       0.768       0.576       0.576       0.230T
7048838211  ROSMAN      NC  6721XXX  420  4  *YYY                 2787     985      35.9       0.2       0.544       1.416       0.126       0.080       0.080       0.030       0.030       0.006       0.348       1.359       0.161       0.128       0.128       0.096       0.096       0.038T
7162635700  ROCHESTER   NY  9633XXX  974  9  *YYY                 2877    1020    2252.2      11.1      30.192      78.588       6.993       4.440       4.440       1.665       1.665       0.333      19.323      75.444       8.951       7.104       7.104       5.328       5.328       2.131T
7163942000  CANANDIGUA  NY  9522XXX  974  9  *YYY                 2881    1022       0.0       0.0       0.000       0.000       0.000       0.000       0.000       0.000       0.000       0.000       0.000       0.000       0.000       0.000       0.000       0.000       0.000       0.000T
8036486211  AIKEN       SC  2370XXX  442  4  *YYY                 2997    1078    7903.3      39.0     106.080     276.120      24.570      15.600      15.600       5.850       5.850       1.170      67.891     265.075      31.450      24.960      24.960      18.720      18.720       7.488T
8037256211  AN          SC  2391XXX  442  4  *YYY                 3005    1083    1089.1       5.4      14.688      38.232       3.402       2.160       2.160       0.810       0.810       0.162       9.400      36.703       4.355       3.456       3.456       2.592       2.592       1.037T
9194881047  FAYETTEVIL  NC  6711047  949  9  *YYY                 3047    1095       0.0       0.0       0.000       0.000       0.000       0.000       0.000       0.000       0.000       0.000       0.000       0.000       0.000       0.000       0.000       0.000       0.000       0.000T
8044339433  HARRISONBU  VA  938125X  929  9  *YYY                 3064    1099      38.3       0.2       0.544       1.416       0.126       0.080       0.080       0.030       0.030       0.006       0.348       1.359       0.161       0.128       0.128       0.096       0.096       0.038T
8047712034  CHARLOTTES  VA  9252034  928  9  *YYY                 3102    1113       0.0       0.0       0.000       0.000       0.000       0.000       0.000       0.000       0.000       0.000       0.000       0.000       0.000       0.000       0.000       0.000       0.000       0.000T
8049730999  CHARLOTTES  VA  9281XXX  928  9  *YYY                 3126    1122       0.0       0.0       0.000       0.000       0.000       0.000       0.000       0.000       0.000       0.000       0.000       0.000       0.000       0.000       0.000       0.000       0.000       0.000T
8052583311  EDWARDS     CA  9613XXX  734  7  *YYY                 3127    1123    2969.8      14.7      39.984     104.076       9.261       5.880       5.880       2.205       2.205       0.441      25.590      99.913      11.854       9.408       9.408       7.056       7.056       2.822T
8053926111  BAKERSFIEL  CA  9666XXX  734  7  *YYY                 3129    1125      39.6       0.2       0.544       1.416       0.126       0.080       0.080       0.030       0.030       0.006       0.348       1.359       0.161       0.128       0.128       0.096       0.096       0.038T
8056836711  GOLETA      CA  9607XXX  740  7  *YYY                 3134    1129     875.0       4.3      11.696      30.444       2.709       1.720       1.720       0.645       0.645       0.129       7.485      29.226       3.468       2.752       2.752       2.064       2.064       0.826T
8056831491  SANTA BARB  CA  9848XXX  740  7  *YYY                 3135    1129       0.0       0.0       0.000       0.000       0.000       0.000       0.000       0.000       0.000       0.000       0.000       0.000       0.000       0.000       0.000       0.000       0.000       0.000T
8057352771  LOMPOC      CA  9600XXX  740  7  *YYY                 3136    1130       0.0       0.0       0.000       0.000       0.000       0.000       0.000       0.000       0.000       0.000       0.000       0.000       0.000       0.000       0.000       0.000       0.000       0.000T
8058614011  BAKERSFIEL  CA  9614XXX  734  7  *YYY                 3137    1131    2624.1      12.9      35.088      91.332       8.127       5.160       5.160       1.935       1.935       0.387      22.456      87.679      10.403       8.256       8.256       6.192       6.192       2.477T
8058661611  LOMPOC      CA  7850XXX  740  7  *YYY                 3138    1132    7617.0      37.6     102.272     266.208      23.688      15.040      15.040       5.640       5.640       1.128      65.454     255.560      30.321      24.064      24.064      18.048      18.048       7.219T
8059663996  SANTA BARB  CA  9606XXX  740  7  *YYY                 3158    1134    3584.1      17.7      48.144     125.316      11.151       7.080       7.080       2.655       2.655       0.531      30.812     120.303      14.273      11.328      11.328       8.496       8.496       3.398T
8122381531  TERRE HAUT  IN  331812X  938  3  *YYY                 3173    1142     747.0       3.7      10.064      26.196       2.331       1.480       1.480       0.555       0.555       0.111       6.441      25.148       2.984       2.368       2.368       1.776       1.776       0.710T
8122381619  TERRE HAUT  IN  3318257  938  3  *YYY                 3174    1142     127.2       0.6       1.632       4.248       0.378       0.240       0.240       0.090       0.090       0.018       1.044       4.078       0.484       0.384       0.384       0.288       0.288       0.115T
8122384280  TERRE HAUT  IN  3358XXX  938  3  *YYY                 3176    1142     742.4       3.7      10.064      26.196       2.331       1.480       1.480       0.555       0.555       0.111       6.441      25.148       2.984       2.368       2.368       1.776       1.776       0.710T
8122381521  TERRE HAUT  IN  335839X  938  3  *YYY                 3177    1142      25.0       0.1       0.272       0.708       0.063       0.040       0.040       0.015       0.015       0.003       0.174       0.680       0.081       0.064       0.064       0.048       0.048       0.019T
8132287662  TAMPA       FL  821719X  952  9  *YYY                 3188    1151       0.0       0.0       0.000       0.000       0.000       0.000       0.000       0.000       0.000       0.000       0.000       0.000       0.000       0.000       0.000       0.000       0.000       0.000T
8132282220  TAMPA       FL  8262XXX  952  9  *YYY                 3189       0   12351.1      60.9     165.648     431.172      38.367      24.360      24.360       9.135       9.135       1.827     106.015     413.925      49.110      38.976      38.976      29.232      29.232      11.693T
8133669482  SARASOTA    FL  8217495  952  9  *YYY                 3191    1152      69.6       0.3       0.816       2.124       0.189       0.120       0.120       0.045       0.045       0.009       0.522       2.039       0.242       0.192       0.192       0.144       0.144       0.058T
8133986661  BAY PINES   FL  8264XXX  939  9  *YYY                 3192    1153    3547.2      17.5      47.600     123.900      11.025       7.000       7.000       2.625       2.625       0.525      30.464     118.944      14.112      11.200      11.200       8.400       8.400       3.360T
8134413721  CLEARWATER  FL  821742X  952  9  *YYY                 3194    1154     169.6       0.8       2.176       5.664       0.504       0.320       0.320       0.120       0.120       0.024       1.393       5.437       0.645       0.512       0.512       0.384       0.384       0.154T
8135351437  ST. PETERS  FL  8261XXX  952  9  *YYY                 3195    1155     994.1       4.9      13.328      34.692       3.087       1.960       1.960       0.735       0.735       0.147       8.530      33.304       3.951       3.136       3.136       2.352       2.352       0.941T
8135418001  ST PETERSB  FL  8486XXX  952  9  *YYY                 3196    1156    2725.4      13.4      36.448      94.872       8.442       5.360       5.360       2.010       2.010       0.402      23.327      91.077      10.806       8.576       8.576       6.432       6.432       2.573T
8136425440  MARCO ISLA  FL  821741X  952  9  *YYY                 3198    1157     151.5       0.7       1.904       4.956       0.441       0.280       0.280       0.105       0.105       0.021       1.219       4.758       0.564       0.448       0.448       0.336       0.336       0.134T
8136886681  LAKELAND    FL  821749X  939  9  *YYY                 3199    1158     507.6       2.5       6.800      17.700       1.575       1.000       1.000       0.375       0.375       0.075       4.352      16.992       2.016       1.600       1.600       1.200       1.200       0.480T
8138471022  NEWPORT RI  FL  8217430  952  9  *YYY                 3200    1159     100.0       0.5       1.360       3.540       0.315       0.200       0.200       0.075       0.075       0.015       0.870       3.398       0.403       0.320       0.320       0.240       0.240       0.096T
8138933495  ST PETERSB  FL  8263XXX  952  9  *YYY                 3206    1160   10915.4      53.8     146.336     380.904      33.894      21.520      21.520       8.070       8.070       1.614      93.655     365.668      43.384      34.432      34.432      25.824      25.824      10.330T
8139393939  FT MYERS    FL  8209XXX  952  9  *YYY                 3207    1161     339.1       1.7       4.624      12.036       1.071       0.680       0.680       0.255       0.255       0.051       2.959      11.555       1.371       1.088       1.088       0.816       0.816       0.326T
8139722000  TAMPA       FL  8226XXX  952  9  *YYY                 3208    1162       0.0       0.0       0.000       0.000       0.000       0.000       0.000       0.000       0.000       0.000       0.000       0.000       0.000       0.000       0.000       0.000       0.000       0.000T
8144540049  ERIE        PA  7212XXX  924  9  *YYY                 3209    1163    2281.5      11.3      30.736      80.004       7.119       4.520       4.520       1.695       1.695       0.339      19.671      76.804       9.112       7.232       7.232       5.424       5.424       2.170T
9013650970  MEMPHIS     TN  222318X  468  4  *YYY                 3352    1211     592.4       2.9       7.888      20.532       1.827       1.160       1.160       0.435       0.435       0.087       5.048      19.711       2.339       1.856       1.856       1.392       1.392       0.557T
9013655678  MEMPHIS     TN  2285XXX  468  4  *YYY                 3353       0    4343.9      21.4      58.208     151.512      13.482       8.560       8.560       3.210       3.210       0.642      37.253     145.452      17.257      13.696      13.696      10.272      10.272       4.109T
9014234848  JACKSON     TN  22237XX  468  4  *YYY                 3354    1212     242.4       1.2       3.264       8.496       0.756       0.480       0.480       0.180       0.180       0.036       2.089       8.156       0.968       0.768       0.768       0.576       0.576       0.230T
9015214000  MEMPHIS     TN  2222XXX  468  4  *YYY                 3355    1213   14095.9      69.5     189.040     492.060      43.785      27.800      27.800      10.425      10.425       2.085     120.986     472.378      56.045      44.480      44.480      33.360      33.360      13.344T
9015214001  MEMPHIS     TN  22245XX  468  4  *YYY                 3360    1213     116.3       0.6       1.632       4.248       0.378       0.240       0.240       0.090       0.090       0.018       1.044       4.078       0.484       0.384       0.384       0.288       0.288       0.115T
9015238990  MEMPHIS     TN  2225XXX  468  4  *YYY                 3362    1214     351.5       1.7       4.624      12.036       1.071       0.680       0.680       0.255       0.255       0.051       2.959      11.555       1.371       1.088       1.088       0.816       0.816       0.326T
9042467341  NAYPORT     FL  9447XXX  450  4  *YYY                 3364    1215     151.1       0.7       1.904       4.956       0.441       0.280       0.280       0.105       0.105       0.021       1.219       4.758       0.564       0.448       0.448       0.336       0.336       0.134T
9042836373  PANAMA CIT  FL  534826X  450  4  *YYY                 3365    1216     198.9       1.0       2.720       7.080       0.630       0.400       0.400       0.150       0.150       0.030       1.741       6.797       0.806       0.640       0.640       0.480       0.480       0.192T
9044523900  PANAMA CIT  FL  945390X  448  4  *YYY                 3369       0       0.0       0.0       0.000       0.000       0.000       0.000       0.000       0.000       0.000       0.000       0.000       0.000       0.000       0.000       0.000       0.000       0.000       0.000T
9044332011  PENSACOLA   FL  9465XXX  448  4  *YYY                 3376    1221    3124.6      15.4      41.888     109.032       9.702       6.160       6.160       2.310       2.310       0.462      26.808     104.671      12.419       9.856       9.856       7.392       7.392       2.957T
9046817139  TALLAHASSE  FL  9657XXX  953  9  *YYY                 3387    1224    6417.4      31.7      86.224     224.436      19.971      12.680      12.680       4.755       4.755       0.951      55.183     215.459      25.563      20.288      20.288      15.216      15.216       6.086T
9048816668  EGLIN       FL  9491XXX  448  4  *YYY                 3402    1234       0.0       0.0       0.000       0.000       0.000       0.000       0.000       0.000       0.000       0.000       0.000       0.000       0.000       0.000       0.000       0.000       0.000       0.000T
9049325311  GULF BREEZ  FL  6869XXX  448  4  *YYY                 3409    1235     535.9       2.6       7.072      18.408       1.638       1.040       1.040       0.390       0.390       0.078       4.526      17.672       2.097       1.664       1.664       1.248       1.248       0.499T
5177889999  JACKSON     MI  3713004  346  3  *YYY                 3414       0       0.0       0.0       0.000       0.000       0.000       0.000       0.000       0.000       0.000       0.000       0.000       0.000       0.000       0.000       0.000       0.000       0.000       0.000T
6163499999  KALAMAZOO   MI  3713007  348  3  *YYY                 3415       0       0.0       0.0       0.000       0.000       0.000       0.000       0.000       0.000       0.000       0.000       0.000       0.000       0.000       0.000       0.000       0.000       0.000       0.000T
9075867150  JUNEAU      AK  9807XXX  832  8  *YYY                 3417    1241    2633.9      13.0      35.360      92.040       8.190       5.200       5.200       1.950       1.950       0.390      22.630      88.358      10.483       8.320       8.320       6.240       6.240       2.496T
9122261761  THOMASVILL  GA  2811XXX  444  4  *YYY                 3418    1242     205.0       1.0       2.720       7.080       0.630       0.400       0.400       0.150       0.150       0.030       1.741       6.797       0.806       0.640       0.640       0.480       0.480       0.192T
9124352725  ALBANY      GA  23064XX  444  4  *YYY                 3422    1246     391.3       1.9       5.168      13.452       1.197       0.760       0.760       0.285       0.285       0.057       3.308      12.914       1.532       1.216       1.216       0.912       0.912       0.365T
9162465222  REDDING     CA  4505XXX  724  7  *YYY                 3506    1281    4008.7      19.8      53.856     140.184      12.474       7.920       7.920       2.970       2.970       0.594      34.468     134.577      15.967      12.672      12.672       9.504       9.504       3.802T
9168938363  CHICO       CA  4619222  724  7  *YYY                 3515    1288     154.3       0.8       2.176       5.664       0.504       0.320       0.320       0.120       0.120       0.024       1.393       5.437       0.645       0.512       0.512       0.384       0.384       0.154T
9192474510  MOREHEAD C  NC  670244X  951  9  *YYY                 3530    1299      21.7       0.1       0.272       0.708       0.063       0.040       0.040       0.015       0.015       0.003       0.174       0.680       0.081       0.064       0.064       0.048       0.048       0.019T
9194579111  GREENVILLE  NC  6702XXX  951  9  *YYY                 3531    1300    1007.6       5.0      13.600      35.400       3.150       2.000       2.000       0.750       0.750       0.150       8.704      33.984       4.032       3.200       3.200       2.400       2.400       0.960T
9193383941  ELIZABETH   NC  9310XXX  951  9  *YYY                 3535    1303     577.6       2.8       7.616      19.824       1.764       1.120       1.120       0.420       0.420       0.084       4.874      19.031       2.258       1.792       1.792       1.344       1.344       0.538T
9193434444  WILMINGTON  NC  6714XXX  428  4  *YYY                 3536    1304    5305.9      26.2      71.264     185.496      16.506      10.480      10.480       3.930       3.930       0.786      45.609     178.076      21.128      16.768      16.768      12.576      12.576       5.030T
9194885111  FAYETTEVIL  NC  6707XXX  949  9  *YYY                 3537    1305    1396.5       6.9      18.768      48.852       4.347       2.760       2.760       1.035       1.035       0.207      12.012      46.898       5.564       4.416       4.416       3.312       3.312       1.325T
9194732111  MANTEO      NC  827301X  951  9  *YYY                 3555    1308    3002.2      14.8      40.256     104.784       9.324       5.920       5.920       2.220       2.220       0.444      25.764     100.593      11.935       9.472       9.472       7.104       7.104       2.842T
9194882120  FAYETTEVIL  NC  6997XXX  949  9  *YYY                 3556    1309     143.5       0.7       1.904       4.956       0.441       0.280       0.280       0.105       0.105       0.021       1.219       4.758       0.564       0.448       0.448       0.336       0.336       0.134T
9194882120  FAYETTEVIL  NC  6997000  949  9  *YYY                 3557    1309      53.3       0.3       0.816       2.124       0.189       0.120       0.120       0.045       0.045       0.009       0.522       2.039       0.242       0.192       0.192       0.144       0.144       0.058T
9196935151  OXFORD      NC  6723XXX  951  9  *YYY                 3565    1312       0.0       0.0       0.000       0.000       0.000       0.000       0.000       0.000       0.000       0.000       0.000       0.000       0.000       0.000       0.000       0.000       0.000       0.000T
9197283595  BEAUFORT    NC  670242X  951  9  *YYY                 3566    1313      94.6       0.5       1.360       3.540       0.315       0.200       0.200       0.075       0.075       0.015       0.870       3.398       0.403       0.320       0.320       0.240       0.240       0.096T
011671XXXX  AGANA       GU  550XXXX  836  8  *YYY                 3600       0       0.0       0.0       0.000       0.000       0.000       0.000       0.000       0.000       0.000       0.000       0.000       0.000       0.000       0.000       0.000       0.000       0.000       0.000T
8085465158  HONOLULU    HI  551XXXX  834  8  *YYY                 3601       0       0.0       0.0       0.000       0.000       0.000       0.000       0.000       0.000       0.000       0.000       0.000       0.000       0.000       0.000       0.000       0.000       0.000       0.000T
9072713631  ANCHORAGE   AK  9990001  832  8  *YYY                 3603       0       0.0       0.0       0.000       0.000       0.000       0.000       0.000       0.000       0.000       0.000       0.000       0.000       0.000       0.000       0.000       0.000       0.000       0.000T
8099534342  HATO REY    PR  9990002  845  8  *YYY                 3604       0       0.0       0.0       0.000       0.000       0.000       0.000       0.000       0.000       0.000       0.000       0.000       0.000       0.000       0.000       0.000       0.000       0.000       0.000T
809774XXXX  ST THOMAS   VI  9990003  822  8  *YYY                 3605       0       0.0       0.0       0.000       0.000       0.000       0.000       0.000       0.000       0.000       0.000       0.000       0.000       0.000       0.000       0.000       0.000       0.000       0.000T
 >
/q