"Node" "Sync" "SIO" "ASYNC" "2400" "Slots" "Consat" "T3270 " "H3270" "CMT" "SNA" "Tymcomm" "SDLC" "HASP" "X25" "MinXCNT" "MINXLP" "Delay" "CpsIN" "CpsOUT" "Sessions" "Chars" "Connect" "MaxCPS"
 7361  1  0 16 1  2  1  0  0  0  0  0  0  0  0    0    0      0      0      0      0        .0      .00      0 
 5223  1  0 16 1  2  1  0  0  0  0  0  0  0  0    0    0      0      0      0      0        .0      .00      0 
 4613  1  0 16 1  2  1  0  0  0  0  0  0  0  0    0    0      0      0      0      0        .0      .00      0 
10331  1  0 16 1  2  1  0  0  0  0  0  0  0  0    0    0      0      0      0      0        .0      .00      0 
10362  1  0 16 1  2  1  0  0  0  0  0  0  0  0    0    0      0      0      0      0        .0      .00      0 
10005  1  0 16 1  2  1  0  0  0  0  0  0  0  0    0    0      0      0      0      0        .0      .00      0 
10312  1  0 16 1  2  1  0  0  0  0  0  0  0  0    0    0      0      0      0      0        .0      .00      0 
10267  1  0 16 1  2  1  0  0  0  0  0  0  0  0    0    0      0      0      0      0        .0      .00      0 
 6606  1  0 16 1  2  1  0  0  0  0  0  0  0  0    0    0      0      0      0      0        .0      .00      0 
 4701  1  0 16 1  2  1  0  0  0  0  0  0  0  0    0    0      0      0      0      0        .0      .00      0 
 4365  1  0 16 0  2  1  0  0  0  0  0  0  0  0    0    0      0      0      0      0        .0      .00      0 
 6003  1  0 16 0  2  1  0  0  0  0  0  0  0  0    0    0      0      0      0      0        .0      .00      0 
10145  1  0 16 1  2  1  0  0  0  0  0  0  0  0    0    0      0      0      0      0        .0      .00      0 
 2417  1  0 16 1  2  1  0  0  0  0  0  0  0  0    0    0      0      0      0      0        .0      .00      0 
 4735  1  0 16 1  2  1  0  0  0  0  0  0  0  0    0    0      0      0      0      0        .0      .00      0 
 2551  1  0 16 1  2  1  0  0  0  0  0  0  0  0    0    0      0      0      0      0        .0      .00      0 
10255  1  0 16 1  2  1  0  0  0  0  0  0  0  0    0    0      0      0      0      0        .0      .00      0 
 5030  1  0 16 1  2  1  0  0  0  0  0  0  0  0    0    0      0      0      0      0        .0      .00      0 
 2255  1  0 16 0  2  1  0  0  0  0  0  0  0  0    0    0      0      0      0      0        .0      .00      0 
 2550  1  0 16 1  2  1  0  0  0  0  0  0  0  0    0    0      0      0      0      0        .0      .00      0 
10146  1  0 16 1  2  1  0  0  0  0  0  0  0  0    0    0      0      0      0      0        .0      .00      0 
 6747  1  0 16 1  2  1  0  0  0  0  0  0  0  0    0    0      0      0      0      0        .0      .00      0 
10220  1  1 16 1  4  1  0  0  1  1  0  0  0  0    0    0      0      0      0      0        .0      .00      0 
10004  1  1 16 1  4  1  0  0  1  0  0  0  0  1    0    0      0      0      0      0        .0      .00      0 
 7365  2  0 16 1  3  1  0  0  1  0  0  0  0  0    0    0      0      0      0      0        .0      .00      0 
 5323  2  0 16 1  2  1  0  0  0  0  0  0  0  0    0    0      0      0      0      0        .0      .00      0 
 2702  2  0 16 1  2  1  0  0  0  0  0  0  0  0    0    0      0      0      0      0        .0      .00      0 
10042  2  0 16 1  2  1  0  0  0  0  0  0  0  0    0    0      0      0      0     11  127119.0     1.80      0 
 6725  2  0 16 1  2  1  0  0  0  0  0  0  0  0    0    0      0      0      0      0        .0      .00      0 
10021  2  1 16 1  3  1  0  0  0  0  0  0  0  1    0    0      0      0      0      0        .0      .00      0 
 3137  2  1 16 0  6  1  0  0  0  0  0  0  0  1    0    0      0      0      0      0        .0      .00      0 
 5577  3  0 16 0  3  1  0  0  0  0  0  0  0  0    0    0      0      0      0      0        .0      .00      0 
 5324  3  0 16 1  2  1  0  0  0  0  0  0  0  0    0    0      0      0      0      0        .0      .00      0 
10130  4  0 16 2  3  1  0  0  0  0  0  0  0  0    0    0      0      0      0      8  122578.0     1.10      0 
 6174  4  0 16 0  4  1  0  0  0  0  0  0  0  0    0    0      0      0      0      0        .0      .00      0 
10041  4  0 16 1  4  1  0  0  0  0  0  0  0  0    0    0      0      0      0      0        .0      .00      0 
10126  1  0 32 1  2  1  0  0  0  0  0  0  0  0    0    0      0      0      0      0        .0      .00      0 
 7031  1  0 32 1  3  1  0  0  0  0  1  0  0  0    0    0      0      0      0      0        .0      .00      0 
 7210  1  7 32 1  5  2  0  0  0  0  0  2  0  0    0    0      0      0      0      0        .0      .00      0 
10056  2  0 32 1  3  2  0  0  0  0  0  0  0  0    0    0      0      0      0      0        .0      .00      0 
10157  3  0 32 1  4  1  0  1  1  0  0  0  0  0    0    0      0      0      0      0        .0      .00      0 
 2675  3  0 32 1  2  1  0  0  0  0  0  0  0  0    0    0      0      0      0      0        .0      .00      0 
 2233  4  1 48 1  4  1  0  0  0  0  1  0  0  1    0    0      0      0      0      0        .0      .00      0 
10166  3  0 64 1  3  1  0  0  0  0  0  0  0  0    0    0      0      0      0      0        .0      .00      0 
 4065 10  0 64 1  5  2  0  0  0  0  0  0  0  0    0    0      0      0      0      0        .0      .00      0 
 5614  4 10 ** 1  5  1  0  0  0  0  0  0  0  2    0    0      0      0      0      0        .0      .00      0 
 4551  1  4 64 4  6  1  0  0  0  0  0  0  0  3   12    0      0    221     63     35  656704.0     9.40    221 
 2104  2  0 32 1  2  1  0  0  0  0  0  0  0  0   15    0      9    342    339      0        .0      .00    342 
 4765  8  2 32 4  7  1  0  0  0  0  1  0  0  2   17    0     19    718    510     18  682767.0     4.70    718 
 3260 10  0 32 1  5  1  0  0  0  0  0  0  0  0   22    0      5    156     45      0        .0      .00    156 
 5221  9  0 16 1  5  1  0  0  0  0  0  0  0  0   25    0      0      3      3      0        .0      .00      3 
 4417  3  3 48 2  5  2  0  1  0  0  0  0  0  1   28    0     27    697    362    142 1444168.0    17.00    697 
 4373  5  0 48 1  6  1  0  2  1  0  1  0  0  0   30    0      1     24     83     14  245494.0     4.30     83 
 5214  6  0 64 1  7  2  1  0  0  0  0  0  0  0   31    0     23    569    309     62  839129.0    14.00    569 
 2647  6  2 64 1  8  1  0  0  0  0  1  0  0  2   33    0      0    372     83      0        .0      .00    372 
 3057 10  0 64 1  5  1  0  0  0  0  0  0  0  0   35    0     26    713    479      0        .0      .00    713 
 3140 14  0 64 1  4  1  0  0  0  0  0  0  0  0   35    0     59   1303   1107      0        .0      .00   1303 
 6144  4  0 64 4  5  1  0  1  1  0  0  0  0  0   38    0     18    657    275     29  288658.0     5.10    657 
 6102  6  0 16 1  6  1  0  1  0  0  0  0  0  2   40    0     11    130    443      0        .0      .00    443 
 4236  3  0 16 2  7  2  0  1  1  0  0  0  0  0   41    0      0    360     59      0        .0      .00    360 
 2563 11  0 64 1  8  1  1  0  0  0  0  0  1  1   41    0     26    762     72      8  527177.0     1.00    762 
 3415  7  0 64 1  7  2  0  0  0  0  0  0  0  0   42    0      0    378    190    136  755606.0    12.20    378 
 2735  4  2 32 4  6  1  1  0  0  0  0  0  0  2   45    0      3     63    134      0        .0      .00    134 
 2034 10  7  0 1  7  1  1  1  0  0  0  0  0  2   46    0     25    822    397      0        .0      .00    822 
 2362  3  6 16 1  6  1  0  0  0  0  0  0  0  4   46    0     13    196    208      0        .0      .00    208 
 2366  9  0 64 1  3  1  0  0  0  0  0  0  0  0   47    0      0    508     81      0        .0      .00    508 
 2475  4  1 64 1  6  1  0  1  1  0  0  0  0  1   48    0      9    246    119      1   39077.0      .10    246 
 5725  5  0 16 1  5  1  0  1  0  0  0  0  1  0   49    0      7    110    110      0        .0      .00    110 
 3724  4  0 32 2  6  1  1  1  1  0  0  0  0  0   49    0      0    305    290      0        .0      .00    305 
 2741  6  3 32 1  5  1  0  0  0  0  1  0  0  2   49    0     15    293    776      4  186604.0     1.50    776 
 4667  5  1 32 2  6  1  0  0  0  0  0  0  0  1   50    0     18    444    391     16  471311.0     7.60    444 
 2437  9  2 32 1  6  1  0  0  0  0  0  0  0  1   50    0     44   1134    568      0        .0      .00   1134 
 4366  2  4 48 1  5  1  0  0  0  0  1  0  0  2   50    0     16     22    760      1    5764.0      .30    760 
 3735  3  2 32 1  7  1  0  2  0  0  0  0  0  0   54    0      5    115     34      0        .0      .00    115 
 5245  2  0 64 4  5  1  0  0  0  0  0  0  0  0   54    0     35    887    200     40 1772468.0    15.20    887 
 6142  4  0 64 4  5  1  0  1  1  0  0  0  0  0   54    0     24    729     80     17  172055.0     8.00    729 
 3560  7  6 32 1  5  1  0  0  0  0  0  0  0  1   55    0     29    638    825      0        .0      .00    825 
 3211  4  1 64 1  4  1  0  0  0  0  0  0  0  1   55    0     11    255     28      0        .0      .00    255 
 4703  4  1 16 4  5  1  0  1  1  0  0  0  0  1   57    0      6    128    145     11  430220.0     2.10    145 
 3200  3  3 16 4  6  1  0  1  0  0  0  0  0  3   58    0      0    144    478      9  176020.0     2.00    478 
 6231  2  3 32 4  5  1  0  0  0  1  0  0  0  2   58    0     19    446     54     32 1382405.0    15.60    446 
 6713  2  0 16 1  2  1  0  0  0  0  0  0  0  0   59    0      3    121    179      0        .0      .00    179 
 4304  2  2 16 4  6  1  0  0  0  0  0  0  0  2   62    0     18    272    440     12 2493457.0     3.90    440 
 2035  2  1 32 4  4  1  0  0  0  0  0  0  0  1   62    0     36    869    214     34  967966.0    10.50    869 
 5343  4  0 64 1  3  1  0  0  0  0  0  0  0  0   65    0      0    441    362      0        .0      .00    441 
 3267  3  3 32 4  6  1  0  0  0  0  0  1  0  2   68    0      7    154    200      0        .0      .00    200 
 4426 12  2 16 1  5  1  0  0  0  0  0  0  0  2   69    0     45    672    624      0        .0      .00    672 
 5507  4  0 32 4  6  1  0  1  1  0  0  0  0  0   69    0      7    117    171     75   14489.0     2.00    171 
 3114  4  0 32 4  5  1  0  1  0  0  0  0  0  0   69    0     14    294     17      8  521713.0     2.90    294 
 4321  3  2 32 4  6  1  1  0  0  0  0  0  0  2   70    0     12    279    551     15  318608.0     3.30    551 
 2734  6  0 64 1  6  2  0  0  0  0  0  0  0  0   70    0     14    547    383      0        .0      .00    547 
 4334  5  0 32 2  4  1  0  0  0  0  0  0  0  0   74    0      0    486    392      6   91027.0     2.40    486 
 4552  2  3 16 4  6  1  0  0  0  0  0  0  0  3   75    0      9     97    325     14  435664.0     2.20    325 
 4462  2  0 64 4  5  1  0  0  0  0  0  0  0  0   75    0     45   1167    483    102 8286723.0    26.40   1167 
 2717  6  2 64 1  2  1  0  0  0  0  0  0  0  0   75    0     28    532    221      0        .0      .00    532 
 5613  4 10 ** 1  5  2  0  0  0  0  0  0  0  2   76    0      0      1      1      0        .0      .00      1 
 6441  3  0 32 4  4  1  0  1  1  0  0  0  0  0   77    0     10    224     65     23  363527.0     3.50    224 
 5320  4  0 48 4  6  1  1  1  1  0  0  0  0  0   77    0      2      5     76     13     561.0     4.00     76 
 2367  6  0 64 1  3  1  0  0  0  0  0  0  0  0   77    0     26    769    413      0        .0      .00    769 
 2225  5  0 16 4  5  1  2  0  0  0  0  0  0  0   79    0     29    525    304     23  291073.0     3.80    525 
 2461  2  0 48 1  3  1  0  0  0  0  1  0  0  0   79    0     14    350    218    202  987657.0    19.30    350 
 3646  2  1 16 1  5  1  0  1  1  0  0  0  0  1   81    0      1     23    156      7  159342.0     1.00    156 
 2160  2  0 32 2  4  1  0  0  0  0  0  0  0  0   82    0      0    381     15     22  914521.0     6.90    381 
 5204  4  0 64 1  4  1  0  0  0  0  0  0  0  0   82    0     21    486    270      0        .0      .00    486 
 6615  4  0 16 1  4  1  0  0  0  0  0  0  0  0   84    0     34   1231   1284      0        .0      .00   1284 
 5344  9  0 32 1  3  1  0  0  0  0  0  0  0  0   85    0      0    603    174      0        .0      .00    603 
 2500  8  1 64 1 10  1  0  0  0  0  1  0  0  1   86    0      8    163    205      0        .0      .00    205 
 3565 10  0 64 1  5  2  0  0  0  0  0  0  0  0   86    0     14    260     90     44 1744159.0    21.50    260 
 3736  3  0 48 4  5  1  1  0  0  0  0  0  0  0   87    0     15    286     58      0        .0      .00    286 
 6351  5  0 48 1  2  1  0  0  0  0  0  0  0  0   88    0     25    638    518     16  438050.0     3.60    638 
 3224  4  0 64 1  4  1  0  0  0  0  0  0  0  0   91    0     37    866    649      0        .0      .00    866 
 2473  2  1 32 1  6  1  0  0  0  0  0  0  0  1   92    0      0    256     15     25  571710.0     5.80    256 
 2377  3  2 32 1  5  1  0  0  0  0  0  0  0  2   92    0     11    146    450     12   19665.0     6.00    450 
 7411  7  0 16 1  2  1  0  0  0  0  0  0  0  0   93    0      9    279    292      0        .0      .00    292 
 2324  6  2 48 1  6  1  0  0  0  0  0  0  0  0   94    0     56    814    805      9  119436.0     2.90    814 
 4444  3  2 16 1  6  1  0  0  0  0  0  0  0  2   95    0      3     66     14      9  294058.0     1.40     66 
 4021  1  0 16 1  2  1  0  0  0  0  0  0  0  0   96    0     20    399     18      9  201150.0     1.40    399 
 6464  2  1 16 1  4  1  0  0  1  1  0  0  0  0   96    0      1     11     23      7  122997.0      .80     23 
 4361  3  1 32 4  5  1  0  0  0  0  0  0  0  1   96    0      0    462    310     40  328662.0     6.20    462 
 5477  4  0 16 4  4  1  0  1  0  0  0  0  0  0   98    0     13    255    261    103   21665.0     4.10    261 
 6301  2  2 16 1  4  1  0  0  0  0  0  0  0  2  100    0     13    321    208     13  258987.0     3.30    321 
 2700 10  0 32 1  6  1  1  0  0  0  1  0  0  0  101    0      4     67    210      0        .0      .00    210 
 4203  2  0 64 4  5  1  0  0  0  0  0  0  0  0  101    0     28    661    215     38 1367753.0    10.80    661 
 4275  4  2 16 1  4  1  0  1  0  0  0  0  0  1  102    0     22    401    402      0        .0      .00    402 
 5605  2  0 32 4  4  1  0  0  0  0  0  0  0  0  102    0      0      0      1      0        .0      .00      1 
 3141  3  0 64 1  5  1  0  0  0  0  1  0  0  0  102    0      0    296    116      0        .0      .00    296 
 3017  5  1 64 1  3  1  0  0  0  0  0  0  0  1  106    0     10    161     96     36  345385.0     3.30    161 
 3246  2  0 48 1  3  1  0  0  0  0  1  0  0  0  107    0      6    173     75     74  534554.0    10.20    173 
 5644  2  1 16 1  4  1  0  0  1  1  0  0  0  0  108    0     10    190    189      0        .0      .00    190 
 3712  2  2 32 1  6  1  0  0  0  0  0  0  0  2  108    0      0     29     48      5   52168.0     2.50     48 
 4253  7  0 32 4  3  1  0  0  0  0  0  0  0  0  108    0     12    217    103      2        .0      .00    217 
 5620  5  0 32 4  5  1  2  0  0  0  0  0  0  0  109    0     17    359     48      0        .0      .00    359 
 4415  3  0 16 4  4  1  0  0  0  0  0  0  0  1  111    0      8     87    451      5  157178.0     1.50    451 
 2074  6  0 16 4  4  1  0  0  0  0  0  0  0  0  111    0     15    306     27     15  434300.0     2.50    306 
 4622  4  0 16 1  4  1  0  0  0  0  0  0  0  0  112    0     13    238    149      0        .0      .00    238 
 5147  3  0 64 1  2  1  0  0  0  0  0  0  0  0  113    0     29    598    336      0        .0      .00    598 
 4315  4  0 64 1  4  1  0  0  0  0  0  0  0  0  113    0     17    411    309      0        .0      .00    411 
 3510  2  2 32 1  5  1  0  0  0  0  1  0  0  2  115    0      5     42    128      0        .0      .00    128 
 6411  3  0 32 2  3  1  0  1  0  0  0  0  0  0  117    0     18    378    104     33  456172.0     6.60    378 
 7751  5  0 32 1  6  1  0  0  0  0  0  0  0  0  118    0     13    123    374      0        .0      .00    374 
 5500  4  0 16 4  4  1  0  1  0  0  0  0  0  0  120    0     13    262     27     25 1195788.0     8.10    262 
 7030  2  2 32 1  4  1  0  0  0  0  0  0  0  2  121    0      8    178    298      0        .0      .00    298 
 4621  4  0 16 1  5  1  0  0  1  0  0  0  0  0  122    0     19    408     22      0        .0      .00    408 
 2744  2  0 48 4  2  1  0  0  0  0  0  0  0  0  122    0     30    689    124     24  457100.0     6.30    689 
 6143  2  0 64 4  2  1  0  0  0  0  0  0  0  0  122    0     28    660     78     58  265329.0     4.00    660 
 4305  4  0 16 2  2  1  0  0  0  0  0  0  0  0  123    0     14    356     63     24  717916.0     3.90    356 
 3541  2  0 96 1  3  1  0  0  0  0  1  0  0  0  123    0      0     37    202      4   37843.0     1.00    202 
 4606  3  0 64 1  3  1  0  0  0  0  1  0  0  0  124    0      0     73    271      0        .0      .00    271 
 7236  2  2 16 4  4  1  0  0  0  0  0  2  0  0  125    0      4     72     20      0        .0      .00     72 
 7660  4  0 16 1  4  1  0  0  0  0  0  0  0  0  128    0      2     26     25      0        .0      .00     26 
 5012  3  1 32 1  4  1  1  0  0  0  0  0  0  1  128    0     18    285    286     83  447178.0     4.10    286 
 7577  2  2 64 1  5  1  0  0  0  0  1  0  0  2  128    0      4     41     92     19  129406.0     2.20     92 
 6625  4  0 64 1  4  1  0  1  0  0  0  0  0  0  129    0      7     82     97      0        .0      .00     97 
 7412  5  0 16 1  2  1  0  0  0  0  0  0  0  0  131    0      4     87      3      0        .0      .00     87 
 3601  2  0 32 4  3  1  0  0  0  0  0  0  0  0  132    0     13    266    190      0        .0      .00    266 
 4217  2  0 64 1  3  1  0  0  0  0  0  0  0  1  132    0     10    134    136      0        .0      .00    136 
 7413  5  0 16 1  2  1  0  0  0  0  0  0  0  0  133    0      7    281    175      0        .0      .00    281 
 7414  6  0 16 1  2  1  0  0  0  0  0  0  0  0  133    0      9    191    178      0        .0      .00    191 
 3404  1  0 32 1  3  1  0  0  0  0  1  0  0  0  134    0      7    162     36     12  177295.0     2.40    162 
 2220  2  4 32 1  4  1  0  0  0  0  0  0  0  0  136    0     19    123    678      0        .0      .00    678 
 6114  1  1 32 1  3  1  0  0  0  0  0  0  0  0  139    0      5     96    111      0        .0  00    111 
 5135  2  3 32 1  3  1  0  0  0  0  0  0  0  1  141    0      7     25    172     40  902260.0     5.40    172 
 2041  2  0 80 1  3  1  0  0  0  0  1  0  0  0  141    0      0    161    220      0        .0      .00    220 
 2203 12  4 32 1  5  1  0  0  0  0  0  0  0  1  142    0     44    832   1773      0        .0      .00   1773 
 7362  1  0 16 1  2  1  0  0  0  0  0  0  0  0  143    0     15    581    581      0        .0      .00    581 
 6710  3  0 16 1  3  1  0  0  0  0  0  0  0  0  143    0      9    243    143      0        .0      .00    243 
 5735  1  0 16 1  2  1  0  0  0  0  0  0  0  0  144    0      7    126    198      0        .0      .00    198 
 4711  9  0 32 1  5  1  0  0  0  0  0  0  0  0  144    0     26    468      7      0        .0      .00    468 
 6520  3  0 16 4  3  1  0  0  0  0  0  0  0  1  147    0     14    243    161     10  119312.0     2.50    243 
 3202  2  0 64 1  2  1  0  0  0  0  0  0  0  0  147    0     20    401     15      0        .0      .00    401 
 7666  3  0 16 1  3  1  0  0  0  0  0  0  0  0  148    0      3     39    211      0        .0      .00    211 
 7076  4  0 16 4  2  1  0  0  0  0  0  0  0  0  148    0     16    277    174     25  181418.0     3.50    277 
 7122  2  1 32 4  3  1  0  0  0  0  0  0  0  1  149    0      4     85     12      0        .0      .00     85 
 7473  2  0 64 1  2  1  0  0  0  0  0  0  0  0  149    0      6    122      2      0        .0      .00    122 
 7102  3  0 64 1  2  1  0  0  0  0  0  0  0  0  149    0     18    559    455      0        .0      .00    559 
 7065  4  0 16 1  3  1  0  0  0  0  0  0  0  0  150    0      0    112      1      0        .0      .00    112 
 4335  4  6 32 1  4  1  0  0  0  0  0  0  0  2  151    0      0     11     12      0        .0      .00     12 
 3540  2  0 32 1  3  1  0  0  0  0  1  0  0  0  152    0     17    214    238      2    3033.0      .30    238 
 2455  1  0 48 1  3  1  0  0  0  0  1  0  0  0  154    0     10    217    207     27  247431.0     6.10    217 
 3142  2  0 ** 1  3  1  0  0  0  0  1  0  0  0  155    0      0     82    191      2   80882.0      .40    191 
 7377  0  2 32 4  2  1  0  0  0  0  0  0  0  0  157    0     22    334    196     26  418444.0     5.00    334 
 5134  2  2 32 1  3  1  0  0  0  0  0  0  0  1  157    0      8     28    207     29 1017721.0     4.60    207 
 7053  2  0 64 4  2  1  0  0  0  0  0  0  0  0  157    0     23    413     34    133    7092.0     2.10    413 
 5233  2  2 16 4  4  1  0  0  0  0  0  0  0  2  158    0      0      0      1      0        .0      .00      1 
 2533  1  0 48 1  3  1  0  0  0  0  1  0  0  0  159    0      5     48    137     12   15523.0      .50    137 
 3125  3  0 64 4  5  1  0  0  0  0  0  0  0  0  159    0      0      0      1      0        .0      .00      1 
 6527  2  0 32 4  3  1  0  0  0  0  0  0  0  0  160    0     11    191     12      9  205520.0     2.60    191 
 2155  2  4 32 1  4  1  0  0  0  0  0  0  0  0  160    0     17    129    547      0        .0      .00    547 
 6637  7  1 32 1  6  1  0  0  0  0  0  0  0  0  160    0     11    202    202      0        .0      .00    202 
 4436  2  0 32 1  3  1  0  0  0  0  1  0  0  0  166    0      8    160     59     13  148935.0     2.40    160 
 5641  2  0 32 2  3  1  0  0  0  0  1  0  0  0  168    0      2     40     14     18  100232.0      .60     40 
 6516  3  0 16 4  2  1  0  0  0  0  0  0  0  0  169    0     26    426    309     14  278599.0     3.30    426 
 2703  2  0 32 4  2  1  0  0  0  0  0  0  0  0  171    0      0    267     13     20  431333.0     6.70    267 
 2773  3  0 16 1  3  1  0  1  0  0  0  0  0  0  174    0      1     17     63      0        .0      .00     63 
 6376  4  0 16 1  3  1  0  1  0  0  0  0  0  0  176    0      0     12     22     96    7539.0      .20     22 
 2502  8  0 16 1  4  1  0  0  0  0  0  0  0  0  176    0     21    400    406      0        .0      .00    406 
 5524  3  0 32 4  2  1  0  0  0  0  0  0  0  0  176    0      4     67     33      5  170166.0     1.10     67 
 5011  3  0 32 1  3  1  0  1  0  0  0  0  0  0  177    0     11    234      6     34  492858.0     7.40    234 
 6507  2  0 16 4  2  1  0  0  0  0  0  0  0  0  180    0     14     56    290      4   28164.0      .50    290 
 4047  4  0 16 1  3  1  0  1  0  0  0  0  0  0  180    0      0     13      9     31   45845.0     1.00     13 
 4267  2  1 16 1  3  1  0  0  0  0  0  0  0  1  181    0      0     38     59      0        .0      .00     59 
 4165  2  0 32 4  4  1  0  0  0  0  0  0  0  0  183    0     16    284     40     27  646427.0     5.50    284 
 2157  2  4 32 1  4  1  0  0  0  0  0  0  0  0  183    0     22    166    441      0        .0      .00    441 
 6215  1  0 32 1  3  1  0  0  0  0  0  0  0  0  184    0      1     35      2      3    1853.0     1.00     35 
 5643  4  0 16 1  3  1  0  0  0  0  0  0  0  0  185    0     20    287    291    124  505506.0     5.30    291 
 7657  4  0 16 1  4  1  0  0  0  0  0  0  0  0  186    0      6    174    327      0        .0      .00    327 
 6630  1  0 64 1  3  1  0  0  0  0  1  0  0  0  189    0      0      1      1      0        .0      .00      1 
 4141  2  0 32 4  2  1  0  0  0  0  0  0  0  0  190    0      0    223     66     10  239577.0     3.50    223 
 5341  2  0 16 4  2  1  0  0  0  0  0  0  0  0  194    0     10    186     10     20  329829.0     3.30    186 
 4046  4  0 16 1  3  1  0  0  0  0  0  0  0  0  194    0     28    420    422      2   42703.0     2.00    422 
 4135  1  0 64 1  4  1  0  0  0  0  2  0  0  0  195    0      0      2     98      0        .0      .00     98 
 2451  3  0 64 1  2  1  0  0  0  0  0  0  0  0  200    0      7    127      8      0        .0      .00    127 
 5455  0  0 32 1  3  1  0  0  0  0  0  0  0  0  203    0      0    232    231      0        .0      .00    232 
 7312  3  0 16 1  2  1  0  0  0  0  0  0  0  0  206    0      4     80     13     20  168837.0     2.40     80 
 2705  8  0 16 1  4  1  0  0  0  0  0  0  0  0  206    0      1     28     19      9   33872.0     6.00     28 
 2600  1  0 32 1  3  1  0  0  0  0  1  0  0  0  206    0      3     78     93      6   39153.0      .30     93 
 7600  1  0 32 1  3  2  0  0  0  0  0  0  0  0  209    0      0      0      1      3    8697.0      .20      1 
 7604  1  0 32 1  3  2  0  0  0  0  0  0  0  0  209    0      0     10      1     14   22951.0      .90     10 
 6400  2  0 16 1  2  1  0  0  0  0  0  0  0  0  212    0      3     57      8      0        .0      .00     57 
 6544  2  0 16 2  2  1  0  0  0  0  0  0  0  0  213    0     18    216    207      0        .0      .00    216 
 6427  1  0 32 1  3  1  0  0  0  0  1  0  0  0  215    0      0      0      1      0        .0      .00      1 
 2142  2  0 32 1  4  1  0  0  0  0  0  0  0  0  215    0      0      0      1      0        .0      .00      1 
 7224  1  0 16 1  2  1  0  0  0  0  0  0  0  0  218    0      6    106     12      0        .0      .00    106 
 2466  1  0 64 1  2  1  0  0  0  0  0  0  0  0  220    0      3     56      4      0        .0      .00     56 
 6566  1  0 32 1  3  1  0  0  0  0  1  0  0  0  221    0      0      0      1      0        .0      .00      1 
 5140  1  2 64 1  2  1  0  0  0  0  0  0  0  0  221    0      5     47     47      0        .0      .00     47 
 5270  1  0 16 1  2  1  0  0  0  0  0  0  0  0  223    0      2     33     23      5   37035.0      .30     33 
 4605  2  0 16 1  2  1  0  0  0  0  0  0  0  0  223    0      1     21      5      0        .0      .00     21 
 7264  2  0 32 1  2  1  0  0  0  0  0  0  0  0  223    0      1     10     20      0        .0      .00     20 
 4214  2  0 32 1  2  1  0  0  0  0  0  0  0  0  223    0      1     10     15      1       2.0     1.00     15 
 6521  2  0 16 4  2  1  0  0  0  0  0  0  0  0  224    0     14    242      4     13  121579.0     1.60    242 
 6711  2  0 16 1  2  1  0  0  0  0  0  0  0  0  225    0      8    156      5      0        .0      .00    156 
 5354  2  0 16 4  2  1  0  0  0  0  0  0  0  0  226    0      2     32      1      0        .0      .00     32 
 5037  1  0 16 1  2  1  0  0  0  0  0  0  0  0  228    0     28    563      9    103  909134.0    12.00    563 
 7667  3  0 16 1  3  1  0  0  0  0  0  0  0  0  229    0      0      1      1      0        .0      .00      1 
 3720  1  0 16 1  2  1  0  0  0  0  0  0  0  0  233    0     10    154    307      7  193133.0     1.70    307 
 7561  2  0 16 1  2  1  0  0  0  0  0  0  0  0  233    0      8    134      1      0        .0      .00    134 
 3752  1  0 32 1  2  1  0  0  0  0  0  0  0  0  235    0      0    246      9      0        .0      .00    246 
 6647  1  0 16 1  2  1  0  0  0  0  0  0  0  0  238    0     10    309     20      0        .0      .00    309 
 7433  2  0 16 1  2  1  0  0  0  0  0  0  0  0  238    0      0     13      5      0        .0      .00     13 
 3563  2  0 32 1  2  1  0  0  0  0  0  0  0  0  238    0      2     54      1      0        .0      .00     54 
 5527  1  0 16 1  2  1  0  0  0  0  0  0  0  0  239    0      1    261    255      0        .0      .00    261 
 4367  1  0 16 1  2  1  0  0  0  0  0  0  0  0  240    0      4     34     50    445   52992.0     2.20     50 
 3277  3  0 32 1  2  1  0  0  0  0  0  0  0  0  244    0      4     81      1     28  140457.0     9.50     81 
 4231  1  0 16 1  2  1  0  0  0  0  0  0  0  0  247    0      7    140     12      0        .0      .00    140 
 4246  1  0 16 1  2  1  0  0  0  0  0  0  0  0  250    0      1     32     13      0        .0      .00     32 
 2652  7  2 32 1  6  1  0  0  0  0  0  0  0  0  250    0      0      1     12      0        .0      .00     12 
 7601  1  0 16 1  3  1  0  0  0  0  0  0  0  0  253    0      2     29      2      5   35507.0     1.00     29 
 2375  1  0 16 1  2  1  0  0  0  0  0  0  0  0  254    0      1     40      2      7   69485.0     3.00     40 
 4240  1  0 16 1  2  1  0  0  0  0  0  0  0  0  254    0      0     44     12      2    4787.0     1.00     44 
 4456  1  0 16 1  2  1  0  0  0  0  0  0  0  0  254    0      0     93      3      7  144477.0     4.00     93 
 5073  1  0 16 1  2  1  0  0  0  0  0  0  0  0  255    0     19    372      7      0        .0      .00    372 
 3353  1  0 32 1  3  1  0  0  0  0  1  0  0  0  255    0      0      4    114      0        .0      .00    114 
 4454  1  0 16 1  2  1  0  0  0  0  0  0  0  0  256    0      0     84      5     16  210340.0    11.00     84 
 7501  1  0 16 1  2  1  0  0  0  0  0  0  0  0  256    0      8    148      3      0        .0      .00    148 
 4455  1  0 16 1  2  1  0  0  0  0  0  0  0  0  256    0      1     47      1      5   70700.0     3.00     47 
 2765  1  0 16 1  2  1  0  0  0  0  0  0  0  0  259    0      6    154      2      8   73146.0     3.40    154 
 5772  1  0 16 1  2  1  0  0  0  0  0  0  0  0  260    0     17    313      4      0        .0      .00    313 
 5272  1  0 16 1  2  1  0  0  0  0  0  0  0  0  261    0      1     39      3      5   50897.0     1.00     39 
 4704  1  0 16 1  2  1  0  0  0  0  0  0  0  0  261    0      0     18      3      0        .0      .00     18 
 4457  1  0 16 1  2  1  0  0  0  0  0  0  0  0  262    0      0     94      3      4   74350.0     3.00     94 
 6076  2  0 16 1  2  1  0  0  0  0  0  0  0  0  263    0      1     25      3      8  200662.0     4.00     25 
 4346  1  0 16 1  2  1  0  0  0  0  0  0  0  0  264    0      6    109      6     11  150165.0     6.10    109 
 4774  1  0 16 1  2  1  0  0  0  0  0  0  0  0  269    0      0     59      4      6   55343.0     4.00     59 
 2422  1  0 16 1  2  1  0  0  0  0  0  0  0  0  270    0      0     26      1      7  104319.0     2.00     26 
 6407  1  0 16 1  2  1  0  0  0  0  0  0  0  0  270    0      2    119      3      7  517524.0     6.00    119 
 2412  1  0 16 1  2  1  0  0  0  0  0  0  0  0  270    0      0     23      2      3  220892.0     1.30     23 
 6540  1  0 16 1  2  1  0  0  0  0  0  0  0  0  271    0      5    210     14      0        .0      .00    210 
 7275  1  0 16 1  2  1  0  0  0  0  0  0  0  0  271    0     10    183      2     25   90702.0     1.00    183 
 4136  1  0 16 1  2  1  0  0  0  0  0  0  0  0  272    0      0     21      5     22  184445.0     2.00     21 
 7363  1  0 16 1  2  1  0  0  0  0  0  0  0  0  273    0      0    112      1      0        .0      .00    112 
 6431  1  0 16 1  2  1  0  0  0  0  0  0  0  0  276    0      0      0      1      0        .0      .00      1 
 4612  1  0 16 1  2  1  0  0  0  0  0  0  0  0  276    0      2     72      4      4  104640.0     2.00     72 
 2110  1  0 16 1  2  1  0  0  0  0  0  0  0  0  277    0      1     17      2     10   38404.0     2.00     17 
 4607  1  0 16 1  2  1  0  0  0  0  0  0  0  0  277    0      1      9     13    118   14242.0      .60     13 
 7504  1  0 16 1  2  1  0  0  0  0  0  0  0  0  277    0      5     86      1      0        .0      .00     86 
 6416  1  0 16 1  2  1  0  0  0  0  0  0  0  0  278    0      5    196      4      0        .0      .00    196 
 2663  2  0 16 1  3  1  0  0  1  0  0  0  0  0  278    0      5    106      3      0        .0      .00    106 
 5670  1  0 16 1  2  1  0  0  0  0  0  0  0  0  279    0      0      0      1      0        .0      .00      1 
 4710  1  0 16 1  2  1  0  0  0  0  0  0  0  0  280    0      0     90      4     18  153815.0     1.80     90 
 4614  1  0 16 1  2  1  0  0  0  0  0  0  0  0  280    0      1     44      1      5   62329.0     1.80     44 
 6430  1  0 16 1  2  1  0  0  0  0  0  0  0  0  280    0      0      0      1      0        .0      .00      1 
 5710  1  0 16 1  2  1  0  0  0  0  0  0  0  0  281    0      1     55      2      3   56977.0     2.00     55 
 6650  1  0 16 1  2  1  0  0  0  0  0  0  0  0  282    0      5    152      3      0        .0      .00    152 
 2247  1  0 16 1  2  1  0  0  0  0  0  0  0  0  282    0      3     90      3      7  367493.0     3.00     90 
 5637  1  0 16 1  2  1  0  0  0  0  0  0  0  0  282    0      3    113      2      5   98384.0     1.50    113 
 4460  1  0 16 1  2  1  0  0  0  0  0  0  0  0  284    0      0     68      2      6  428364.0     1.00     68 
 7171  1  0 16 1  2  1  0  0  0  0  0  0  0  0  286    0      4     78      3      0        .0      .00     78 
 6276  1  0 16 1  2  1  0  0  0  0  0  0  0  0  286    0      0      1      1      6   22939.0      .40      1 
 2273  1  0 16 1  2  1  0  0  0  0  0  0  0  0  286    0      6    114      3      0        .0      .00    114 
 2140  1  0 16 1  2  1  0  0  0  0  0  0  0  0  287    0      5    141      3      5   23876.0     3.00    141 
 2566  1  0 16 1  2  1  0  0  0  0  0  0  0  0  288    0      1     26      1      5   19163.0     2.00     26 
 5635  1  0 16 1  2  1  0  0  0  0  0  0  0  0  290    0      1     40      2      1   14690.0      .10     40 
 4737  1  0 16 1  2  1  0  0  0  0  0  0  0  0  291    0      0      0      1      0        .0      .00      1 
 6426  2  0 16 1  2  1  0  0  0  0  0  0  0  0  291    0      2     40      1      0        .0      .00     40 
 5141  1  0 16 1  2  1  0  0  0  0  0  0  0  0  292    0      2     70      2      2   85159.0     1.00     70 
 2747  2  0 16 1  2  1  0  0  0  0  0  0  0  0  292    0      1     13     13      0        .0      .00     13 
 6277  1  0 16 1  2  1  0  0  0  0  0  0  0  0  293    0      1     39    121     14   32847.0     1.00    121 
 2073  1  0 16 1  2  1  0  0  0  0  0  0  0  0  296    0      1     42      4      8   45459.0     2.00     42 
 2245  1  0 16 1  2  1  0  0  0  0  0  0  0  0  297    0      1     52      1      4   20763.0     2.20     52 
 5203  1  0 16 1  2  1  0  0  0  0  0  0  0  0  297    0      0      0      1      0        .0      .00      1 
 2272  1  0 16 1  2  1  0  0  0  0  0  0  0  0  298    0      3     92      3      5  198956.0     1.10     92 
 5636  1  0 16 1  2  1  0  0  0  0  0  0  0  0  298    0      1     33      1      2   18751.0     2.00     33 
 6437  1  0 16 1  2  1  0  0  0  0  0  0  0  0  299    0      0      0      1      0        .0      .00      1 
 7074  1  0 16 1  2  1  0  0  0  0  0  0  0  0  299    0      1     27      0      2   32782.0     1.00     27 
 4176  1  0 16 1  2  1  0  0  0  0  0  0  0  0  299    0      0      0      1      0        .0      .00      1 
 5560  1  0 16 1  2  1  0  0  0  0  0  0  0  0  300    0      0     15      2      3   36568.0     3.00     15 
 2524  1  0 16 1  2  1  0  0  0  0  0  0  0  0  302    0      0     15      0      2   40419.0     2.00     15 
 5361  1  0 16 1  2  1  0  0  0  0  0  0  0  0  303    0      0      0      1      0        .0      .00      1 
 6402  1  0 16 1  2  1  0  0  0  0  0  0  0  0  303    0      1     47      3      2  189091.0     2.00     47 
 6436  1  0 16 1  2  1  0  0  0  0  0  0  0  0  304    0      0      0      1      0        .0      .00      1 
 4500  1  0 16 1  2  1  0  0  0  0  0  0  0  0  304    0      1     36      2      0        .0      .00     36 
 4132  1  0 16 1  2  1  0  0  0  0  0  0  0  0  309    0      0     47      1      3   37945.0      .40     47 
 6422  1  0 16 1  2  1  0  0  0  0  0  0  0  0  326    0      2     62      1      1   10645.0     1.00     62 
 6425  1  0 16 1  2  1  0  0  0  0  0  0  0  0  331    0      4     68      3      2  339459.0     2.00     68 
 6424  2  0 16 1  2  1  0  0  0  0  0  0  0  0  339    0      2     65      4      2   28066.0     2.00     65 
 6423  1  0 16 1  2  1  0  0  0  0  0  0  0  0  340    0      4    103      1      3   34456.0     2.00    103 
 6121  2  6  0 1  4  1  0  0  0  0  0  1  0  1  478    0      3      8     43      0        .0      .00     43 
 3403  7  0 16 1  5  1  1  0  0  0  0  0  0  0  899    0      0   1419     22      0        .0      .00   1419 
    =~YTK