1
 
                   MAX
            TOTAL  SIM                MAXIMUM CPS                   CONNECT
 DATE  HOUR USERS USERS            IN         OUT       TOTAL         HOURS
 
 
 920525   1     0     0          0.00        0.00        0.00          0.00
 920525   2     0     0          0.00        0.00        0.00          0.00
 920525   3     0     0          0.00        0.00        0.00          0.00
 920525   4     0     0          0.00        0.00        0.00          0.00
 920525   5     1     1          0.70        2.90        3.60          0.03
 920525   6     1     1          0.70        2.90        3.60          0.02
 920525   7     0     0          0.00        0.00        0.00          0.00
 920525   8     0     0          0.00        0.00        0.00          0.00
 920525   9     0     0          0.00        0.00        0.00          0.00
 920525  10     0     0          0.00        0.00        0.00          0.00
 920525  11     0     0          0.00        0.00        0.00          0.00
 920525  12     0     0          0.00        0.00        0.00          0.00
 920525  13     0     0          0.00        0.00        0.00          0.00
 920525  14     0     0          0.00        0.00        0.00          0.00
 920525  15     0     0          0.00        0.00        0.00          0.00
 920525  16     0     0          0.00        0.00        0.00          0.00
 920525  17     0     0          0.00        0.00        0.00          0.00
 920525  18     1     1          3.17       34.68       37.85          0.28
 920525  19     1     1          3.17       34.68       37.85          0.08
 920525  20     1     1          0.25       33.27       33.52          0.20
 920525  21     1     1          0.60       43.40       44.00          0.07
 920525  22     0     0          0.00        0.00        0.00          0.00
 920525  23     1     1          0.02        8.55        8.57          0.72
 920525  24     1     1          0.02        8.55        8.57          0.37
1
 
                   MAX
            TOTAL  SIM                MAXIMUM CPS                   CONNECT
 DATE  HOUR USERS USERS            IN         OUT       TOTAL         HOURS
 
 
 920526   1     0     0          0.00        0.00        0.00          0.00
 920526   2     0     0          0.00        0.00        0.00          0.00
 920526   3     0     0          0.00        0.00        0.00          0.00
 920526   4     0     0          0.00        0.00        0.00          0.00
 920526   5     0     0          0.00        0.00        0.00          0.00
 920526   6     0     0          0.00        0.00        0.00          0.00
 920526   7     0     0          0.00        0.00        0.00          0.00
 920526   8     0     0          0.00        0.00        0.00          0.00
 920526   9     0     0          0.00        0.00        0.00          0.00
 920526  10     0     0          0.00        0.00        0.00          0.00
 920526  11     1     1          0.00        0.27        0.27          0.08
 920526  12     5     3          1.03       44.38       45.42          1.48
 920526  13    15     7          1.10      147.80      148.82          5.17
 920526  14    32    18          2.18      258.70      260.63         11.53
 920526  15    38    22          3.07      300.00      301.52         19.27
 920526  16    36    21          3.18      467.37      470.55         18.43
 920526  17    36    20          3.22      470.52      473.73         18.10
 920526  18    34    20          6.38      351.02      355.43         18.63
 920526  19    38    20          4.32      578.60      580.90         17.72
 920526  20    26    17          2.53      303.45      305.63         14.52
 920526  21    19    11          2.37      316.07      318.43          9.88
 920526  22    17    11          1.92      264.30      264.70          6.75
 920526  23    14    10          2.48      107.47      109.87          5.40
 920526  24     4     3          0.18       29.12       29.30          2.35
1
 
                   MAX
            TOTAL  SIM                MAXIMUM CPS                   CONNECT
 DATE  HOUR USERS USERS            IN         OUT       TOTAL         HOURS
 
 
 920527   1     4     4          1.67      152.32      153.98          2.83
 920527   2     2     2          0.00        0.52        0.52          0.03
 920527   3     0     0          0.00        0.00        0.00          0.00
 920527   4     0     0          0.00        0.00        0.00          0.00
 920527   5     0     0          0.00        0.00        0.00          0.00
 920527   6     0     0          0.00        0.00        0.00          0.00
 920527   7     0     0          0.00        0.00        0.00          0.00
 920527   8     0     0          0.00        0.00        0.00          0.00
 920527   9     0     0          0.00        0.00        0.00          0.00
 920527  10     0     0          0.00        0.00        0.00          0.00
 920527  11     2     2          0.75       56.52       57.27          0.25
 920527  12     3     3          1.32       78.98       80.30          1.33
 920527  13    14     8          2.58      260.25      262.83          3.93
 920527  14    30    16          3.42      508.18      511.22          7.77
 920527  15    38    20          4.63      511.65      514.82         15.63
 920527  16    46    22        238.87      460.55      698.53         18.28
 920527  17    27    19          3.20      190.98      193.85         17.82
 920527  18    35    18          6.27      182.27      185.25         14.33
 920527  19    25    17          1.97      133.50      135.47         13.33
 920527  20    23    14          3.38      183.23      185.67         11.27
 920527  21    21    12          2.52      144.72      146.88          8.98
 920527  22    16    11          4.07      210.97      214.83          9.25
 920527  23    12     9          1.85      109.48      111.33          6.88
 920527  24    10     7          1.07       50.30       51.37          5.17
1
 
                   MAX
            TOTAL  SIM                MAXIMUM CPS                   CONNECT
 DATE  HOUR USERS USERS            IN         OUT       TOTAL         HOURS
 
 
 920528   1     5     5          0.22       40.90       41.12          4.12
 920528   2     4     4          0.00        3.10        3.10          0.07
 920528   3     0     0          0.00        0.00        0.00          0.00
 920528   4     0     0          0.00        0.00        0.00          0.00
 920528   5     0     0          0.00        0.00        0.00          0.00
 920528   6     0     0          0.00        0.00        0.00          0.00
 920528   7     0     0          0.00        0.00        0.00          0.00
 920528   8     0     0          0.00        0.00        0.00          0.00
 920528   9     0     0          0.00        0.00        0.00          0.00
 920528  10     0     0          0.00        0.00        0.00          0.00
 920528  11     0     0          0.00        0.00        0.00          0.00
 920528  12     2     2          1.53       46.47       48.00          0.83
 920528  13     7     3          3.38       84.87       85.88          1.90
 920528  14    18     7          6.90      167.17      168.38          4.27
 920528  15    26    13          2.70      448.30      450.85          9.55
 920528  16    24    11          2.68      485.50      486.62          8.07
 920528  17    15    10          1.55      109.98      111.40          7.63
 920528  18    24    13          3.45      183.12      185.83         10.13
 920528  19    22     9          5.55      128.95      129.55          6.73
 920528  20    30    11          4.15      382.48      386.62          6.97
 920528  21    15     7          3.47      332.40      335.87          4.90
 920528  22    14     6          5.03      187.70      192.73          2.85
 920528  23     4     1          1.07       41.62       42.68          0.25
 920528  24     0     0          0.00        0.00        0.00          0.00
1     MAXIMUM OF MAXIMUM SIMULTANEOUS USERS
 
 
                   MAX
            TOTAL  SIM                MAXIMUM CPS                   CONNECT
 DATE  HOUR USERS USERS            IN         OUT       TOTAL         HOURS
 
 920526  15    38    22          3.07      300.00      301.52         19.27
 
 
     MAXIMUM OF CONNECT HOURS
 
 
                   MAX
            TOTAL  SIM                MAXIMUM CPS                   CONNECT
 DATE  HOUR USERS USERS            IN         OUT       TOTAL         HOURS
 
 920526  15    38    22          3.07      300.00      301.52         19.27
1
