1
 
                   MAX
            TOTAL  SIM                MAXIMUM CPS                   CONNECT
 DATE  HOUR USERS USERS            IN         OUT       TOTAL         HOURS
 
 
 920525   1     0     0          0.00        0.00        0.00          0.00
 920525   2     0     0          0.00        0.00        0.00          0.00
 920525   3     0     0          0.00        0.00        0.00          0.00
 920525   4     0     0          0.00        0.00        0.00          0.00
 920525   5     0     0          0.00        0.00        0.00          0.00
 920525   6     0     0          0.00        0.00        0.00          0.00
 920525   7     0     0          0.00        0.00        0.00          0.00
 920525   8     0     0          0.00        0.00        0.00          0.00
 920525   9     0     0          0.00        0.00        0.00          0.00
 920525  10     0     0          0.00        0.00        0.00          0.00
 920525  11     0     0          0.00        0.00        0.00          0.00
 920525  12     0     0          0.00        0.00        0.00          0.00
 920525  13     0     0          0.00        0.00        0.00          0.00
 920525  14     0     0          0.00        0.00        0.00          0.00
 920525  15     0     0          0.00        0.00        0.00          0.00
 920525  16     0     0          0.00        0.00        0.00          0.00
 920525  17     0     0          0.00        0.00        0.00          0.00
 920525  18     0     0          0.00        0.00        0.00          0.00
 920525  19     0     0          0.00        0.00        0.00          0.00
 920525  20     0     0          0.00        0.00        0.00          0.00
 920525  21     0     0          0.00        0.00        0.00          0.00
 920525  22     0     0          0.00        0.00        0.00          0.00
 920525  23     0     0          0.00        0.00        0.00          0.00
 920525  24     0     0          0.00        0.00        0.00          0.00
1
 
                   MAX
            TOTAL  SIM                MAXIMUM CPS                   CONNECT
 DATE  HOUR USERS USERS            IN         OUT       TOTAL         HOURS
 
 
 920526   1     0     0          0.00        0.00        0.00          0.00
 920526   2     0     0          0.00        0.00        0.00          0.00
 920526   3     0     0          0.00        0.00        0.00          0.00
 920526   4     0     0          0.00        0.00        0.00          0.00
 920526   5     0     0          0.00        0.00        0.00          0.00
 920526   6     0     0          0.00        0.00        0.00          0.00
 920526   7     0     0          0.00        0.00        0.00          0.00
 920526   8     0     0          0.00        0.00        0.00          0.00
 920526   9     0     0          0.00        0.00        0.00          0.00
 920526  10     0     0          0.00        0.00        0.00          0.00
 920526  11     0     0          0.00        0.00        0.00          0.00
 920526  12     0     0          0.00        0.00        0.00          0.00
 920526  13     0     0          0.00        0.00        0.00          0.00
 920526  14     0     0          0.00        0.00        0.00          0.00
 920526  15     0     0          0.00        0.00        0.00          0.00
 920526  16     0     0          0.00        0.00        0.00          0.00
 920526  17     0     0          0.00        0.00        0.00          0.00
 920526  18     0     0          0.00        0.00        0.00          0.00
 920526  19     0     0          0.00        0.00        0.00          0.00
 920526  20     0     0          0.00        0.00        0.00          0.00
 920526  21     0     0          0.00        0.00        0.00          0.00
 920526  22     0     0          0.00        0.00        0.00          0.00
 920526  23     0     0          0.00        0.00        0.00          0.00
 920526  24     0     0          0.00        0.00        0.00          0.00
1
 
                   MAX
            TOTAL  SIM                MAXIMUM CPS                   CONNECT
 DATE  HOUR USERS USERS            IN         OUT       TOTAL         HOURS
 
 
 920527   1     0     0          0.00        0.00        0.00          0.00
 920527   2     0     0          0.00        0.00        0.00          0.00
 920527   3     0     0          0.00        0.00        0.00          0.00
 920527   4     0     0          0.00        0.00        0.00          0.00
 920527   5     0     0          0.00        0.00        0.00          0.00
 920527   6     0     0          0.00        0.00        0.00          0.00
 920527   7     0     0          0.00        0.00        0.00          0.00
 920527   8     0     0          0.00        0.00        0.00          0.00
 920527   9     0     0          0.00        0.00        0.00          0.00
 920527  10     0     0          0.00        0.00        0.00          0.00
 920527  11     0     0          0.00        0.00        0.00          0.00
 920527  12     0     0          0.00        0.00        0.00          0.00
 920527  13     0     0          0.00        0.00        0.00          0.00
 920527  14     0     0          0.00        0.00        0.00          0.00
 920527  15     0     0          0.00        0.00        0.00          0.00
 920527  16     0     0          0.00        0.00        0.00          0.00
 920527  17     0     0          0.00        0.00        0.00          0.00
 920527  18     0     0          0.00        0.00        0.00          0.00
 920527  19     0     0          0.00        0.00        0.00          0.00
 920527  20     0     0          0.00        0.00        0.00          0.00
 920527  21     0     0          0.00        0.00        0.00          0.00
 920527  22     0     0          0.00        0.00        0.00          0.00
 920527  23     0     0          0.00        0.00        0.00          0.00
 920527  24     0     0          0.00        0.00        0.00          0.00
1
 
                   MAX
            TOTAL  SIM                MAXIMUM CPS                   CONNECT
 DATE  HOUR USERS USERS            IN         OUT       TOTAL         HOURS
 
 
 920528   1     0     0          0.00        0.00        0.00          0.00
 920528   2     0     0          0.00        0.00        0.00          0.00
 920528   3     0     0          0.00        0.00        0.00          0.00
 920528   4     0     0          0.00        0.00        0.00          0.00
 920528   5     0     0          0.00        0.00        0.00          0.00
 920528   6     0     0          0.00        0.00        0.00          0.00
 920528   7     0     0          0.00        0.00        0.00          0.00
 920528   8     0     0          0.00        0.00        0.00          0.00
 920528   9     0     0          0.00        0.00        0.00          0.00
 920528  10     0     0          0.00        0.00        0.00          0.00
 920528  11     0     0          0.00        0.00        0.00          0.00
 920528  12     0     0          0.00        0.00        0.00          0.00
 920528  13     0     0          0.00        0.00        0.00          0.00
 920528  14     0     0          0.00        0.00        0.00          0.00
 920528  15     0     0          0.00        0.00        0.00          0.00
 920528  16     0     0          0.00        0.00        0.00          0.00
 920528  17     0     0          0.00        0.00        0.00          0.00
 920528  18     0     0          0.00        0.00        0.00          0.00
 920528  19     0     0          0.00        0.00        0.00          0.00
 920528  20     0     0          0.00        0.00        0.00          0.00
 920528  21     0     0          0.00        0.00        0.00          0.00
 920528  22     0     0          0.00        0.00        0.00          0.00
 920528  23     0     0          0.00        0.00        0.00          0.00
 920528  24     0     0          0.00        0.00        0.00          0.00
1     MAXIMUM OF MAXIMUM SIMULTANEOUS USERS
 
 
                   MAX
            TOTAL  SIM                MAXIMUM CPS                   CONNECT
 DATE  HOUR USERS USERS            IN         OUT       TOTAL         HOURS
 
      0   0     0     0          0.00        0.00        0.00          0.00
 
 
     MAXIMUM OF CONNECT HOURS
 
 
                   MAX
            TOTAL  SIM                MAXIMUM CPS                   CONNECT
 DATE  HOUR USERS USERS            IN         OUT       TOTAL         HOURS
 
      0   0     0     0          0.00        0.00        0.00          0.00
1
