1
 
                   MAX
            TOTAL  SIM                MAXIMUM CPS                   CONNECT
 DATE  HOUR USERS USERS            IN         OUT       TOTAL         HOURS
 
 
 921012   1     0     0          0.00        0.00        0.00          0.00
 921012   2     0     0          0.00        0.00        0.00          0.00
 921012   3     0     0          0.00        0.00        0.00          0.00
 921012   4     0     0          0.00        0.00        0.00          0.00
 921012   5     0     0          0.00        0.00        0.00          0.00
 921012   6     0     0          0.00        0.00        0.00          0.00
 921012   7     0     0          0.00        0.00        0.00          0.00
 921012   8     0     0          0.00        0.00        0.00          0.00
 921012   9     0     0          0.00        0.00        0.00          0.00
 921012  10     0     0          0.00        0.00        0.00          0.00
 921012  11     0     0          0.00        0.00        0.00          0.00
 921012  12     0     0          0.00        0.00        0.00          0.00
 921012  13     0     0          0.00        0.00        0.00          0.00
 921012  14     0     0          0.00        0.00        0.00          0.00
 921012  15     0     0          0.00        0.00        0.00          0.00
 921012  16     0     0          0.00        0.00        0.00          0.00
 921012  17     0     0          0.00        0.00        0.00          0.00
 921012  18     0     0          0.00        0.00        0.00          0.00
 921012  19     0     0          0.00        0.00        0.00          0.00
 921012  20     0     0          0.00        0.00        0.00          0.00
 921012  21     0     0          0.00        0.00        0.00          0.00
 921012  22     0     0          0.00        0.00        0.00          0.00
 921012  23     0     0          0.00        0.00        0.00          0.00
 921012  24     0     0          0.00        0.00        0.00          0.00
1
 
                   MAX
            TOTAL  SIM                MAXIMUM CPS                   CONNECT
 DATE  HOUR USERS USERS            IN         OUT       TOTAL         HOURS
 
 
 921013   1     0     0          0.00        0.00        0.00          0.00
 921013   2     0     0          0.00        0.00        0.00          0.00
 921013   3     0     0          0.00        0.00        0.00          0.00
 921013   4     0     0          0.00        0.00        0.00          0.00
 921013   5     0     0          0.00        0.00        0.00          0.00
 921013   6     0     0          0.00        0.00        0.00          0.00
 921013   7     0     0          0.00        0.00        0.00          0.00
 921013   8     0     0          0.00        0.00        0.00          0.00
 921013   9     0     0          0.00        0.00        0.00          0.00
 921013  10     0     0          0.00        0.00        0.00          0.00
 921013  11     0     0          0.00        0.00        0.00          0.00
 921013  12     0     0          0.00        0.00        0.00          0.00
 921013  13     0     0          0.00        0.00        0.00          0.00
 921013  14     0     0          0.00        0.00        0.00          0.00
 921013  15     0     0          0.00        0.00        0.00          0.00
 921013  16     0     0          0.00        0.00        0.00          0.00
 921013  17     0     0          0.00        0.00        0.00          0.00
 921013  18     0     0          0.00        0.00        0.00          0.00
 921013  19     0     0          0.00        0.00        0.00          0.00
 921013  20     0     0          0.00        0.00        0.00          0.00
 921013  21     0     0          0.00        0.00        0.00          0.00
 921013  22     0     0          0.00        0.00        0.00          0.00
 921013  23     0     0          0.00        0.00        0.00          0.00
 921013  24     0     0          0.00        0.00        0.00          0.00
1
 
                   MAX
            TOTAL  SIM                MAXIMUM CPS                   CONNECT
 DATE  HOUR USERS USERS            IN         OUT       TOTAL         HOURS
 
 
 921014   1     0     0          0.00        0.00        0.00          0.00
 921014   2     0     0          0.00        0.00        0.00          0.00
 921014   3     0     0          0.00        0.00        0.00          0.00
 921014   4     0     0          0.00        0.00        0.00          0.00
 921014   5     0     0          0.00        0.00        0.00          0.00
 921014   6     0     0          0.00        0.00        0.00          0.00
 921014   7     0     0          0.00        0.00        0.00          0.00
 921014   8     0     0          0.00        0.00        0.00          0.00
 921014   9     0     0          0.00        0.00        0.00          0.00
 921014  10     0     0          0.00        0.00        0.00          0.00
 921014  11     0     0          0.00        0.00        0.00          0.00
 921014  12     0     0          0.00        0.00        0.00          0.00
 921014  13     0     0          0.00        0.00        0.00          0.00
 921014  14     0     0          0.00        0.00        0.00          0.00
 921014  15     0     0          0.00        0.00        0.00          0.00
 921014  16     0     0          0.00        0.00        0.00          0.00
 921014  17     0     0          0.00        0.00        0.00          0.00
 921014  18     0     0          0.00        0.00        0.00          0.00
 921014  19     0     0          0.00        0.00        0.00          0.00
 921014  20     0     0          0.00        0.00        0.00          0.00
 921014  21     0     0          0.00        0.00        0.00          0.00
 921014  22     0     0          0.00        0.00        0.00          0.00
 921014  23     0     0          0.00        0.00        0.00          0.00
 921014  24     0     0          0.00        0.00        0.00          0.00
1
 
                   MAX
            TOTAL  SIM                MAXIMUM CPS                   CONNECT
 DATE  HOUR USERS USERS            IN         OUT       TOTAL         HOURS
 
 
 921015   1     0     0          0.00        0.00        0.00          0.00
 921015   2     0     0          0.00        0.00        0.00          0.00
 921015   3     0     0          0.00        0.00        0.00          0.00
 921015   4     0     0          0.00        0.00        0.00          0.00
 921015   5     0     0          0.00        0.00        0.00          0.00
 921015   6     0     0          0.00        0.00        0.00          0.00
 921015   7     0     0          0.00        0.00        0.00          0.00
 921015   8     0     0          0.00        0.00        0.00          0.00
 921015   9     0     0          0.00        0.00        0.00          0.00
 921015  10     0     0          0.00        0.00        0.00          0.00
 921015  11     0     0          0.00        0.00        0.00          0.00
 921015  12     0     0          0.00        0.00        0.00          0.00
 921015  13     0     0          0.00        0.00        0.00          0.00
 921015  14     0     0          0.00        0.00        0.00          0.00
 921015  15     0     0          0.00        0.00        0.00          0.00
 921015  16     0     0          0.00        0.00        0.00          0.00
 921015  17     0     0          0.00        0.00        0.00          0.00
 921015  18     0     0          0.00        0.00        0.00          0.00
 921015  19     0     0          0.00        0.00        0.00          0.00
 921015  20     0     0          0.00        0.00        0.00          0.00
 921015  21     0     0          0.00        0.00        0.00          0.00
 921015  22     0     0          0.00        0.00        0.00          0.00
 921015  23     0     0          0.00        0.00        0.00          0.00
 921015  24     0     0          0.00        0.00        0.00          0.00
1
 
                   MAX
            TOTAL  SIM                MAXIMUM CPS                   CONNECT
 DATE  HOUR USERS USERS            IN         OUT       TOTAL         HOURS
 
 
 921016   1     0     0          0.00        0.00        0.00          0.00
 921016   2     0     0          0.00        0.00        0.00          0.00
 921016   3     0     0          0.00        0.00        0.00          0.00
 921016   4     0     0          0.00        0.00        0.00          0.00
 921016   5     0     0          0.00        0.00        0.00          0.00
 921016   6     0     0          0.00        0.00        0.00          0.00
 921016   7     0     0          0.00        0.00        0.00          0.00
 921016   8     0     0          0.00        0.00        0.00          0.00
 921016   9     0     0          0.00        0.00        0.00          0.00
 921016  10     0     0          0.00        0.00        0.00          0.00
 921016  11     0     0          0.00        0.00        0.00          0.00
 921016  12     0     0          0.00        0.00        0.00          0.00
 921016  13     0     0          0.00        0.00        0.00          0.00
 921016  14     0     0          0.00        0.00        0.00          0.00
 921016  15     0     0          0.00        0.00        0.00          0.00
 921016  16     0     0          0.00        0.00        0.00          0.00
 921016  17     0     0          0.00        0.00        0.00          0.00
 921016  18     0     0          0.00        0.00        0.00          0.00
 921016  19     0     0          0.00        0.00        0.00          0.00
 921016  20     0     0          0.00        0.00        0.00          0.00
 921016  21     0     0          0.00        0.00        0.00          0.00
 921016  22     0     0          0.00        0.00        0.00          0.00
 921016  23     0     0          0.00        0.00        0.00          0.00
 921016  24     0     0          0.00        0.00        0.00          0.00
1     MAXIMUM OF MAXIMUM SIMULTANEOUS USERS
 
 
                   MAX
            TOTAL  SIM                MAXIMUM CPS                   CONNECT
 DATE  HOUR USERS USERS            IN         OUT       TOTAL         HOURS
 
      0   0     0     0          0.00        0.00        0.00          0.00
 
 
     MAXIMUM OF CONNECT HOURS
 
 
                   MAX
            TOTAL  SIM                MAXIMUM CPS                   CONNECT
 DATE  HOUR USERS USERS            IN         OUT       TOTAL         HOURS
 
      0   0     0     0          0.00        0.00        0.00          0.00
1
  