1
 
                   MAX
            TOTAL  SIM                MAXIMUM CPS                   CONNECT
 DATE  HOUR USERS USERS            IN         OUT       TOTAL         HOURS
 
 
 920610   1     0     0          0.00        0.00        0.00          0.00
 920610   2     0     0          0.00        0.00        0.00          0.00
 920610   3     0     0          0.00        0.00        0.00          0.00
 920610   4     0     0          0.00        0.00        0.00          0.00
 920610   5     0     0          0.00        0.00        0.00          0.00
 920610   6     0     0          0.00        0.00        0.00          0.00
 920610   7     0     0          0.00        0.00        0.00          0.00
 920610   8     0     0          0.00        0.00        0.00          0.00
 920610   9     0     0          0.00        0.00        0.00          0.00
 920610  10     0     0          0.00        0.00        0.00          0.00
 920610  11     0     0          0.00        0.00        0.00          0.00
 920610  12     0     0          0.00        0.00        0.00          0.00
 920610  13     0     0          0.00        0.00        0.00          0.00
 920610  14     0     0          0.00        0.00        0.00          0.00
 920610  15     0     0          0.00        0.00        0.00          0.00
 920610  16     0     0          0.00        0.00        0.00          0.00
 920610  17     0     0          0.00        0.00        0.00          0.00
 920610  18     0     0          0.00        0.00        0.00          0.00
 920610  19     0     0          0.00        0.00        0.00          0.00
 920610  20     0     0          0.00        0.00        0.00          0.00
 920610  21     0     0          0.00        0.00        0.00          0.00
 920610  22     0     0          0.00        0.00        0.00          0.00
 920610  23     0     0          0.00        0.00        0.00          0.00
 920610  24     0     0          0.00        0.00        0.00          0.00
1
 
                   MAX
            TOTAL  SIM                MAXIMUM CPS                   CONNECT
 DATE  HOUR USERS USERS            IN         OUT       TOTAL         HOURS
 
 
 920611   1     0     0          0.00        0.00        0.00          0.00
 920611   2     0     0          0.00        0.00        0.00          0.00
 920611   3     0     0          0.00        0.00        0.00          0.00
 920611   4     0     0          0.00        0.00        0.00          0.00
 920611   5     0     0          0.00        0.00        0.00          0.00
 920611   6     0     0          0.00        0.00        0.00          0.00
 920611   7     0     0          0.00        0.00        0.00          0.00
 920611   8     0     0          0.00        0.00        0.00          0.00
 920611   9     0     0          0.00        0.00        0.00          0.00
 920611  10     0     0          0.00        0.00        0.00          0.00
 920611  11     0     0          0.00        0.00        0.00          0.00
 920611  12     0     0          0.00        0.00        0.00          0.00
 920611  13     0     0          0.00        0.00        0.00          0.00
 920611  14     0     0          0.00        0.00        0.00          0.00
 920611  15     0     0          0.00        0.00        0.00          0.00
 920611  16     0     0          0.00        0.00        0.00          0.00
 920611  17     0     0          0.00        0.00        0.00          0.00
 920611  18     0     0          0.00        0.00        0.00          0.00
 920611  19     0     0          0.00        0.00        0.00          0.00
 920611  20     0     0          0.00        0.00        0.00          0.00
 920611  21     0     0          0.00        0.00        0.00          0.00
 920611  22     0     0          0.00        0.00        0.00          0.00
 920611  23     0     0          0.00        0.00        0.00          0.00
 920611  24     0     0          0.00        0.00        0.00          0.00
1
 
                   MAX
            TOTAL  SIM                MAXIMUM CPS                   CONNECT
 DATE  HOUR USERS USERS            IN         OUT       TOTAL         HOURS
 
 
 920612   1     0     0          0.00        0.00        0.00          0.00
 920612   2     0     0          0.00        0.00        0.00          0.00
 920612   3     0     0          0.00        0.00        0.00          0.00
 920612   4     0     0          0.00        0.00        0.00          0.00
 920612   5     0     0          0.00        0.00        0.00          0.00
 920612   6     0     0          0.00        0.00        0.00          0.00
 920612   7     0     0          0.00        0.00        0.00          0.00
 920612   8     0     0          0.00        0.00        0.00          0.00
 920612   9     0     0          0.00        0.00        0.00          0.00
 920612  10     0     0          0.00        0.00        0.00          0.00
 920612  11     0     0          0.00        0.00        0.00          0.00
 920612  12     0     0          0.00        0.00        0.00          0.00
 920612  13     0     0          0.00        0.00        0.00          0.00
 920612  14     0     0          0.00        0.00        0.00          0.00
 920612  15     0     0          0.00        0.00        0.00          0.00
 920612  16     0     0          0.00        0.00        0.00          0.00
 920612  17     0     0          0.00        0.00        0.00          0.00
 920612  18     0     0          0.00        0.00        0.00          0.00
 920612  19     0     0          0.00        0.00        0.00          0.00
 920612  20     0     0          0.00        0.00        0.00          0.00
 920612  21     0     0          0.00        0.00        0.00          0.00
 920612  22     0     0          0.00        0.00        0.00          0.00
 920612  23     0     0          0.00        0.00        0.00          0.00
 920612  24     0     0          0.00        0.00        0.00          0.00
1
 
                   MAX
            TOTAL  SIM                MAXIMUM CPS                   CONNECT
 DATE  HOUR USERS USERS            IN         OUT       TOTAL         HOURS
 
 
 920613   1     0     0          0.00        0.00        0.00          0.00
 920613   2     0     0          0.00        0.00        0.00          0.00
 920613   3     0     0          0.00        0.00        0.00          0.00
 920613   4     0     0          0.00        0.00        0.00          0.00
 920613   5     0     0          0.00        0.00        0.00          0.00
 920613   6     3     2          2.73       40.22       42.95          0.20
 920613   7     1     1          0.92       48.72       49.63          0.12
 920613   8     0     0          0.00        0.00        0.00          0.00
 920613   9     4     1          4.17        9.35       13.25          0.18
 920613  10     2     2          1.53       78.77       80.30          0.35
 920613  11     2     1          1.73       72.30       74.03          0.47
 920613  12     5     2          8.60      198.98      203.37          0.60
 920613  13     5     2          3.87       73.97       77.83          0.72
 920613  14    14     3          6.63       94.48       96.17          1.73
 920613  15     9     3          2.23      146.85      149.08          0.95
 920613  16     5     2          2.90      102.65      105.55          0.30
 920613  17     0     0          0.00        0.00        0.00          0.00
 920613  18     2     2          0.93       54.15       55.08          0.67
 920613  19     3     1          2.60        9.63       12.23          0.20
 920613  20     3     1          2.10       34.77       35.23          0.33
 920613  21     6     3          3.85      167.57      171.42          0.93
 920613  22     8     3          3.70      106.18      109.88          1.10
 920613  23     4     2          2.05      102.00      104.05          1.32
 920613  24     1     1          1.42        9.50       10.92          0.05
1     MAXIMUM OF MAXIMUM SIMULTANEOUS USERS
 
 
                   MAX
            TOTAL  SIM                MAXIMUM CPS                   CONNECT
 DATE  HOUR USERS USERS            IN         OUT       TOTAL         HOURS
 
 920613  14    14     3          6.63       94.48       96.17          1.73
 
 
     MAXIMUM OF CONNECT HOURS
 
 
                   MAX
            TOTAL  SIM                MAXIMUM CPS                   CONNECT
 DATE  HOUR USERS USERS            IN         OUT       TOTAL         HOURS
 
 920613  14    14     3          6.63       94.48       96.17          1.73
1
