37009621425 46 1 317157 168  08105122337     39     26      658105122337    1 3 0235150TTSTRANTEL;                  0  0       0       000   08502485039
37009561021  4 1 155252  81  08105122336     81    229     3108105122337    1 2 0200143CSI;000000040551000095152    0  0       0       000   08501685059
37009611155246 3  10172   8  08105122337     34    112     1468105122337    1 2 0134311PAYMAIL;                     0  0       0       000   08502385060
3700977  30 77 0  10 74   6  08105122337     47    111     1588105122337    1 3 0 16771OPER1;SUPCHECK               0  0       0       000   08504485069
3700957  6030312 104140 245  08105122336     37    880     9178105122337    1 3 0363267CUIBM;c log yr ed kber lo19060 14       0       000   08501685072
3700972132623312  10170   8  08105122337     33   3001    30348105122337    1 2 0277611INTHQMAIL;                   0  0       0       000   08503385074
37009511022  5 1  21175  21  08105122336     43   1319    13628105122337    1 2 0247150DAIREFX;                     0  0       0       000   08501185078
3701007 44131412  47347  33  08105122337     12     38      508105122338    1 2 0375231JERRAMP;                   454  0       0       000   08507885081
37009891017 6212 145 72   2  08105122337     29   1492    15218105122338    1 2 0355171TOMO;                        0  0       0       000   08505985087
37010121267  7 12122  0 493  08105122338      9     71      808105122338    110 2321451GETP008IIN;                  0  0       0       011   08508285091
37009801006 12 1 264 37 212  08105122337     37    500     5378105122338    1 2 0364525MATTEL;CIOTTA NEW            0  0       0       000   08504785093
3701010  13166 0  27 33   1  08105122337     47    116     1638105122338    1 3 0    21OPER;SUPCHECK                0  0       0       000   08507985095
3701003  30 77 0  10170   8  08105122337     47     97     1448105122338    1 3 0 16771OPER1;SUPCHECK               0  0       0       000   08507485097
3701015  17100 0  17171  13  08105122338     99    218     3178105122338    1 2 0214216PERPOPER;DAYTEST2            0  0       0       000   08508485098
37009541017  2 1 120354  48  08105122336     68    252     3208105122338    2 2 0265543ROLMPERS;                    0  0       0       000   08501385112
37009821425 60 1 142254 110  08105122337     19    156     1758105122338    1 2 0213770C3;  DLR,52995 MA            0  0       0       000   08505185114
3701033  17100 0  17173  13  08105122338    100    219     3198105122338    1 2 0214216PERPOPER;WEEKENDS4           0  0       0       000   08510385116
37010201127 3511  64335  49  08105122338    162    410     5728105122338    1 3 0165320SPOOLRM;*PDP11SPL            0  0       0       000   08509085116
37010381267  7 12122  0 493  08105122338      9     71      808105122338    110 2321451GETP008IIN;                  0  0       0       011   08510985117
3701042 534  0 0 561160  37  08105122338     12     33      458105122338    1 3 0    31BACKUP;                      0  0       0       000   08511685118
3701053 534  0 0 513352  41  08105122338     12      2      148105122338    1 3 0    31BACKUP;                      0  0       0       000   08512185123
37010411554  312 142 41 726  08105122338     12    252     2648105122338    1 2 0314705RPTS; PRNT                   0  0       0       000   08511485123
3701057 534  0 0 535374  45  08105122338     12      3      158105122338    1 3 0    31BACKUP;                      0  0       0       000   08512585127
37009651137 7711 513361  41  08105122337    148   9975   101238105122338    2 3 0155364HOUPRINT;*PDP11SPL           0  0       0       000   08502885127
37009791467 10 1  64324  49  08105122337     36    344     3808105122338    1 2 0244621SFOPROD1;                    0  0       0       000   08504685128
3701034  30 77 0  30160  11  08105122338     47    111     1588105122338    1 3 0 16771OPER1;SUPCHECK               0  0       0       000   08510385129
3701060 534  0 0 634126  46  08105122338     12      2      148105122338    1 3 0    31BACKUP;                      0  0       0       000   08512985131
37009702105145 0 701175 829  08105122337    131    165     2968105122338    2 2 0345176AID.FT;                      0  0       0       000   08503185132
3701066 534  0 0 534337  47  08105122338     12      2      148105122338    1 3 0    31BACKUP;                      0  0       0       000   08513285134
37009501202 44 1 146142 211  08105122336     51   1086    11378105122338    2 2 0177046DOW1; 2419DOWDEN -SAFGD ,    0  0       0       000   08501085135
37010611267  7 12122  0 493  08105122338      9     71      808105122338    110 2321451GETP008IIN;                  0  0       0       011   08512985138
3701072 534  0 0  64335  49  08105122338     12      3      158105122338    1 3 0    31BACKUP;                      0  0       0       000   08513685138
37010401306125 1 166314 152  08105122338      0     42      428105122339    1 2 0224252X8XC408;                     0  0       0       000   08511385141
3701076 534  0 02155  0  52  08105122338      0      3       38105122339    1 3 0    31BACKUP;                      0  0       0       000   08513985141
3701083 534  0 0 202104  54  08105122339     12     33      458105122339    1 3 0    31BACKUP;                      0  0       0       000   08514385145
37010321122121 1 140 73  94  08105122338     42    412     4548105122339    1 2 0213770C3;  PGM,99970,9 MICHGOBL    0  0       0       000   08510385147
3701087 534  0 0 117141  56  08105122339     12     33      458105122339    1 3 0    31BACKUP;                      0  0       0       000   08514785149
37010021124155 1 1263401084  08105122337     31    125     1568105122339    1 3 0353320SOURCE11;                    0  0       0       011   08507385151
3701091 534  0 0  23341  65  08105122339     12     33      458105122339    1 3 0    31BACKUP;                      0  0       0       000   08515085152
37010731010100 1 710144 515  08105122338     27    120     1478105122339    1 2 0364650EMSCL;                       0  0       0       000   08513685156
37010141133  7 1 161 33 145 358105122338     32    253     2858105122339    1 2 0301311IDCW;L FHAWAII               0  0       0       000   08508385158
37010901267  7 12122  0 493  08105122339      9     71      808105122339    110 2321451GETP008IIN;                  0  0       0       011   08515085159
37009521554 66 1 710157 515  08105122336    390    529     9198105122339    3 3 0367327EMSCOM;                      0  0       0       000   08501285167
3701068  30 77 0  30 70  12  08105122338     47    116     1638105122339    1 3 0 16771OPER1;SUPCHECK               0  0       0       000   08513385170
37010951306 67 1 707170 832  08105122339     22    112     1348105122339    1 2 0321715EMSAA;                       0  0       0       000   08515485170
37010771327112 3 634126  46  08105122339     38    594     6328105122339    1 2 0117165VMUPDATE;                    0  0       0       000   08514085180
3701027  13166 0 145 50   2  08105122338     47    442     4898105122339    1 3 0    21OPER;SUPCHECK                0  0       0       000   08509985180
3701054 36037212 534342  47  08105122338     39    312     3518105122339    1 2 0255536ELIZABET;                    0  0       0       000   08512285184
37010701006 66 1 474 35 271  48105122338     25    622     6478105122339    1 2 0272475AREALTY;331ZZABA GOODBY B    0  0       0       000   08513385186
37010211467 20 1  64321  49  08105122338     73   1635    17088105122339    2 2 0250415PDXFRS;                      0  0       0       000   08509485193
3701113  30 77 0  22 74  17  08105122339     47    116     1638105122339    1 3 0 16771OPER1;SUPCHECK               0  0       0       000   08517485198
37011372105152 0 120351  48  08105122339     13     88     1018105122340    1 2 0203234W29AIR5;                   770  0       0       000   08519885201
37011362105151 0 120353  48  08105122339     13     88     1018105122340    1 2 0203240W29AIR0;                   770  0       0       000   08519885201
3701121  13166 0  12150   3  08105122339     47     97     1448105122340    1 3 0    21OPER;SUPCHECK                0  0       0       000   08518485202
37009531046  2 3 146137 211  08105122336    120   2071    21918105122340    3 2 0177046DOW1;DJNR 2288CISSEL ,3DN    0  0       0       000   08501285206
37011081030 44 12103  0 376  08105122339    148    535     6838105122340    1 2 0326476SCOUTS;T051                  0  0       0       000   08516785212
37009741144122 12133  0 772  08105122337     81    893     9748105122340    3 2 0353177P2CA62006BV;                 0  0       0       000   08503885214
3701142  30 77 0  41 63  31  08105122340     47    131     1788105122340    1 3 0 16771OPER1;SUPCHECK               0  0       0       000   08520385221
3701148  13166 0  12 71   4  08105122340     47    328     3758105122340    1 3 0    21OPER;SUPCHECK                0  0       0       000   08520685224
37009491006 71 1  30166  11  08105122336   1294   2500    37948105122340    4 2 0227435U294REO;58237                0  0       0       000   08500985226
37010641207 43 1 350 71 323 778105122338    104    679     7838105122340    2 3 0247014NCIS;NCIS120278  OBJECT;T    0  0       0       000   08513185226
3701071 672100 1 6722711015  08105122338     89     55     1448105122340    2 3 0373355K35516504537;            17672 17       0       000   08513685228
3701145115511112 117142  56  08105122340     23    469     4928105122340    1 2 0230721JDAVIDSON;MAIL               0  0       0       000   08520385235
37010631336  012 164 76 150 568105122338      1    208     2098105122340    2 2 0205253FB;                          0  0       0       000   08513085236
37011391076 45 1 257376 338  08105122340     32    411     4438105122340    1 3 0331341IDSS3950;LIDS ZCI PIX45 P    0  0       0       000   08520085241
37011251314  1 1 174 26 159 308105122339     17     66      838105122340    1 3 0205507CPS;                         0  0       0       000   08518785241
37011321336 55 1 142250 110  08105122339     46    525     5718105122340    1 2 0203060C2;  DLR,08628 TOMMYS 01     0  0       0       000   08519485246
37009551326 6612 117146  56  08105122336     82   3990    40728105122340    4 2 0305225DBSCHED;                     0  0       0       000   08501585247
3701164  30 77 0  41254  32  08105122340     47    103     1508105122340    1 3 0 16771OPER1;SUPCHECK               0  0       0       000   08522785248
37010511017  2 1 120354  48  08105122338    111   1428    15398105122340    2 2 0265543ROLMPERS;MONTHEND            0  0       0       000   08512185254
37010691051 77 1 414 33 428 278105122338     39    570     6098105122340    2 3 0262130ANISTICSPA; 1TAKE ARIS1 T    0  0       0       000   08513385254
37011751425 62 1 317157 168  08105122340     59     26      858105122340    1 3 0235150TTSTRANTEL;                  0  0       0       000   08524185256
3701161 35122412  10174   8  08105122340     17     72      898105122340    1 3 1246725AUSMAIL;                 17351 16       0       000   08522285258
3701184  27 76 0  27 32   1  08105122340     33     57      908105122340    1 3 0   270UN1;C1 LUD                   0  0       0       000   08525385259
37011151425 60 1 142251 110  08105122339     20    155     1758105122341    1 3 0213770C3;  DLR,52995 MA p          0  0       0       000   08518085261
37011801425143 1 317155 168  08105122340     43     26      698105122341    1 3 0235150TTSTRANTEL;                  0  0       0       000   08524885261
37011461052133 12103  0 376  08105122340    501    553    10548105122341    1 2 0326476SCOUTS;T047                  0  0       0       000   08520585266
37011781040104 1  64321  49  08105122340     22    260     2828105122341    1 2 0367672FARLIN;                      0  0       0       000   08524285269
37011811336  012 164 76 150 568105122340     29    687     7168105122341    1 2 0205253FB;                          0  0       0       000   08525085269
37009841425  3 1 142253 110  08105122337     68    657     7258105122341    4 2 0167001CHRYPRT1;  DLR,54459 1234    0  0       0       000   08505485269
37010561554124 1 155255  81  08105122338     82   3563    36458105122341    2 2 0200143CSI;000000043844000100750    0  0       0       000   08512485269
37010091072 23 3 146152 211  08105122337    127   2229    23568105122341    3 2 0177046DOW1;DJNR H3E45U3TVI , AA    0  0       0       000   08507985270
37009931126 23 1 306354 214  08105122337     33    318     3518105122341    4 3 0327323P2CA87462AC;                 0  0       0       000   08506285273
3701126  17100 0  17173  13  08105122339     55   4515    45708105122341    2 2 0231227MCH;DAYTEST                  0  0       0       000   08518885278
37011161300102 1 146150 211  08105122339     32    626     6588105122341    2 2 0177046DOW1;DJNS 8003DOWQRY ,IBM    0  0       0       000   08518185285
37011071016 31 1 174 32 159 338105122339     72    319     3918105122341    2 2 0205507CPS;                         0  0       0       000   08516785299
37010291144 13 1 155256  81  08105122338     82   4705    47878105122341    3 2 0200143CSI;000000044929000000731    0  0       0       000   08509985302
37012331126 26 1 317157 168  08105122341     38     26      648105122341    1 3 0235150TTSTRANTEL;                  0  0       0       000   08529885307
37012191467 10 1  64376  49  08105122341     20    218     2388105122341    1 2 0355004PACPROD1;                    0  0       0       000   08529185311
3701098 44133012 710140 515  08105122339     72   3450    35228105122341    3 2 0366271EMSBB;                     454  0       0       000   08515485311
3701152  17100 0  17171  13  08105122340     57   4537    45948105122341    2 2 0231227MCH;DAYTEST2                 0  0       0       000   08521385312
37010261024 4312 145 72   2  08105122338     46    399     4458105122341    4 2 0141201PROBE;                       0  0       0       000   08509885314
37011301202 44 3 146134 211  08105122339     67   1290    13578105122341    2 2 0177046DOW1;DJNR 2419DOWDEN , AS    0  0       0       000   08519385318
3701256 44133112  47346  33  08105122341     12     38      508105122341    1 2 0375231JERRAMP;                   454  0       0       000   08531685319
37009921055 33 1 623314 360  08105122337     56   1054    11108105122342    4 3 0342425XCSEIBD;                     0  0       0       000   08506285322
37011091126 22 3  51 61 918  08105122339     87   2092    21798105122342    3 2 0321763NLM; /logi /login sfc03/a    0  0       0       000   08516885323
3701143 351230 1 174 25 159 268105122340     36   2164    22008105122342    2 2 3330120CPMI002NPS;              17351  7       0       000   08520385325
37010891022 13 1 122170 111  08105122339    217   2910    31278105122342    3 3 0112042CAPAY06;      ep SZanarot    0  0       0       000   08514885325
37009681252  1 3 134 36  98 138105122337    144   1475    16198105122342    5 3 2322404LAFRLU08AS;LUXMZG,@T KIAH    0  0       0       000   08502985326
37012291024110 1  64321  49  08105122341     28    268     2968105122342    1 2 0245320LAXMASTR;                    0  0       0       000   08529685326
