1
 
                   MAX
            TOTAL  SIM                MAXIMUM CPS                   CONNECT
 DATE  HOUR USERS USERS            IN         OUT       TOTAL         HOURS
 
 
 940925   1     1     1          8.90       79.08       87.98          0.07
 940925   2     2     2         11.03       57.45       68.48          0.73
 940925   3     1     1          8.38        1.18        9.57          0.27
 940925   4     1     1          3.73        4.80        8.53          0.02
 940925   5     0     0          0.00        0.00        0.00          0.00
 940925   6     1     1          3.97       19.75       23.72          0.05
 940925   7     1     1          1.98       27.35       29.33          0.95
 940925   8     2     1          2.45       27.35       29.33          0.12
 940925   9     0     0          0.00        0.00        0.00          0.00
 940925  10    37     3        132.32       11.15      139.15          0.85
 940925  11    21     3          9.25        9.75       16.42          0.45
 940925  12    35     6         50.35      886.38      893.13          1.30
 940925  13    20     9         32.62     2577.97     2610.58          6.52
 940925  14    24     9         34.45     3208.00     3239.07          6.62
 940925  15    35    11         76.63     4192.85     4229.32          8.48
 940925  16    44    17         81.02     6223.15     6286.47         14.10
 940925  17    60    19        733.22     5329.07     5522.93         14.70
 940925  18    58    19        495.57     7960.52     8027.32         14.85
 940925  19    59    19        115.83     8398.20     8482.15         15.90
 940925  20    60    19        217.10     5162.72     5376.27         14.83
 940925  21    67    23        197.57     7903.40     7976.77         19.47
 940925  22    91    22        430.13     6650.43     6782.23         17.23
 940925  23    90    22        885.35     5352.28     5419.78         17.87
 940925  24    73    24        210.85     5866.17     6077.02         20.27
1
 
                   MAX
            TOTAL  SIM                MAXIMUM CPS                   CONNECT
 DATE  HOUR USERS USERS            IN         OUT       TOTAL         HOURS
 
 
 940926   1    93    28        181.18     7148.00     7329.18         19.48
 940926   2    82    26        267.48     6806.38     6890.60         22.33
 940926   3   101    31        151.27     4890.10     5038.80         25.45
 940926   4   109    33        206.23     5153.98     5243.68         28.98
 940926   5    95    34        774.52     6591.08     6706.45         29.95
 940926   6    69    32        829.88     6779.93     7491.37         23.50
 940926   7    48    17        814.80     3577.30     4392.10         10.13
 940926   8    41    11        287.33     2664.55     2732.77          8.52
 940926   9    23    10         72.15     1633.87     1696.32          7.05
 940926  10    21     7        246.00     1126.33     1169.13          4.12
 940926  11    20     7        250.97     1809.27     1895.07          4.67
 940926  12    19     5         77.33     1979.40     2004.83          3.60
 940926  13    27     7         57.50     1499.92     1532.43          3.85
 940926  14    34    10        273.13     2161.40     2184.90          6.58
 940926  15    43    12         80.00     3104.82     3140.67          8.15
 940926  16    65    12        201.58     2481.92     2543.33          8.22
 940926  17    59    14         62.88     1941.40     1974.45          9.42
 940926  18    49    15        109.15     2094.60     2163.67         10.45
 940926  19    69    14        113.78     3017.82     3059.13         10.67
 940926  20    93    18        279.47     3174.20     3229.62         14.62
 940926  21    84    20        227.38     3157.97     3330.55         14.82
 940926  22    63    20        510.35     2956.48     3058.90         15.37
 940926  23    64    19        151.88     4392.93     4458.03         15.63
 940926  24    90    24        417.32     5270.90     5362.88         19.55
1
 
                   MAX
            TOTAL  SIM                MAXIMUM CPS                   CONNECT
 DATE  HOUR USERS USERS            IN         OUT       TOTAL         HOURS
 
 
 940927   1   105    28        372.22     6838.90     6927.38         23.58
 940927   2   115    36        194.65     8356.28     8481.40         29.27
 940927   3   117    38        186.68     7079.53     7248.32         32.75
 940927   4   147    36        223.52     8921.98     9142.98         32.23
 940927   5    94    35        175.03     8631.73     8732.32         26.72
 940927   6    66    25        148.17     6274.07     6376.60         20.52
 940927   7    62    16         87.72     4320.62     4398.07         12.62
 940927   8    37    13         90.43     3374.50     3426.17          9.93
 940927   9    29    14        116.27     2704.88     2748.15         10.03
 940927  10    30    12        139.62     2784.20     2808.77          7.75
 940927  11    19     7         78.58     2904.43     2925.58          4.92
 940927  12    20     8        144.22     2795.27     2892.85          4.63
 940927  13    28     9         60.13     2225.60     2258.35          5.93
 940927  14    48    10        137.10     3483.22     3620.32          6.82
 940927  15    65    11        106.87     1441.73     1483.27          7.73
 940927  16    83    15        231.00     2694.45     2827.87         12.02
 940927  17    65    18        599.12     3234.15     3599.58         15.07
 940927  18    46    14        934.12     2542.78     3097.03          9.53
 940927  19    58    14        107.33     2651.38     2693.02         10.18
 940927  20    50    13        726.98     1899.15     2038.48          8.38
 940927  21    70    18        250.00     2628.47     2686.93         11.97
 940927  22    74    17        282.33     3316.05     3574.03         12.90
 940927  23    74    18        102.47     4295.67     4397.25         14.15
 940927  24    96    25        400.82     4204.00     4400.48         15.13
1
 
                   MAX
            TOTAL  SIM                MAXIMUM CPS                   CONNECT
 DATE  HOUR USERS USERS            IN         OUT       TOTAL         HOURS
 
 
 940928   1   149    35        408.50     6118.90     6515.02         24.72
 940928   2   108    33        379.82     8068.23     8173.95         28.42
 940928   3   150    47        303.93     9576.90     9827.88         40.97
 940928   4   139    40        809.28     9764.80     9903.07         35.63
 940928   5   105    36        668.50     8416.75     8506.82         25.47
 940928   6    76    25        204.97     6722.55     6796.77         19.80
 940928   7    62    23        116.10     4932.22     5002.32         18.62
 940928   8    53    21         95.70     4260.00     4317.03         18.28
 940928   9    44    16        164.62     3862.37     3899.88         11.43
 940928  10    26     8         63.60     1754.03     1777.92          6.07
 940928  11    24     7        567.82     1177.80     1672.80          5.30
 940928  12    21     7         17.72      876.15      887.03          4.22
 940928  13    29     6        281.92     2891.82     2916.45          4.95
 940928  14    42    11        309.93     2570.20     2615.52          6.98
 940928  15    38    12        299.70     2528.40     2560.55          8.98
 940928  16    47    11        126.80     2207.90     2238.78          8.15
 940928  17    47    16        138.25     2837.48     2877.22         12.18
 940928  18    53    16         78.22     2753.63     2805.00         12.60
 940928  19    67    17        215.90     4130.53     4228.35         12.67
 940928  20    63    19        219.68     4007.80     4102.37         12.43
 940928  21    76    19        370.82     5581.23     5951.07         13.92
 940928  22    84    21        376.80     4510.12     4699.05         14.83
 940928  23    72    22        203.80     4866.82     4942.52         16.57
 940928  24    63    18        637.12     3681.33     3796.52         10.78
1     MAXIMUM OF MAXIMUM SIMULTANEOUS USERS
 
 
                   MAX
            TOTAL  SIM                MAXIMUM CPS                   CONNECT
 DATE  HOUR USERS USERS            IN         OUT       TOTAL         HOURS
 
 940928   3   150    47        303.93     9576.90     9827.88         40.97
 
 
     MAXIMUM OF CONNECT HOURS
 
 
                   MAX
            TOTAL  SIM                MAXIMUM CPS                   CONNECT
 DATE  HOUR USERS USERS            IN         OUT       TOTAL         HOURS
 
 940928   3   150    47        303.93     9576.90     9827.88         40.97
1
