X.25 host 7479
 
                   MAX
            TOTAL  SIM                MAXIMUM CPS                   CONNECT
 DATE  HOUR USERS USERS            IN         OUT       TOTAL         HOURS
 
 
 940707   1     4     2          4.48       89.80       94.28          1.00
 940707   2     7     2          6.03      100.53      104.25          0.63
 940707   3     8     3         10.45      158.58      169.03          0.87
 940707   4     7     2          5.28      193.08      196.55          0.87
 940707   5    10     4          8.55      233.13      238.03          2.00
 940707   6     8     3         11.08      194.87      205.95          1.82
 940707   7     4     2         21.30      194.50      204.82          1.07
 940707   8     2     1          7.30       70.67       72.30          0.65
 940707   9     1     1          3.35       50.98       54.33          0.05
 940707  10     0     0          0.00        0.00        0.00          0.00
 940707  11     0     0          0.00        0.00        0.00          0.00
 940707  12     0     0          0.00        0.00        0.00          0.00
 940707  13     2     1        213.35       82.62      227.85          0.50
 940707  14     4     2         49.00      224.88      273.88          0.47
 940707  15     2     1        155.70      204.72      209.80          0.15
 940707  16     2     1          3.15       46.43       49.58          0.17
 940707  17     2     1         26.55       55.85       82.40          0.13
 940707  18     0     0          0.00        0.00        0.00          0.00
 940707  19     4     2          2.43       20.02       22.30          0.68
 940707  20     4     3          4.32      419.67      423.98          1.28
 940707  21     3     1          3.63      155.02      157.82          0.20
 940707  22     3     1          2.23       54.27       55.95          0.27
 940707  23     8     4         11.58      391.73      403.32          1.37
 940707  24     3     2          3.70      271.57      275.27          0.93
1
 
                   MAX
            TOTAL  SIM                MAXIMUM CPS                   CONNECT
 DATE  HOUR USERS USERS            IN         OUT       TOTAL         HOURS
 
 
 940708   1     5     3          5.27      304.23      309.50          0.65
 940708   2     7     4          9.50      221.95      231.45          1.55
 940708   3     4     2          5.62      147.40      153.02          0.70
 940708   4     9     4         15.70      406.48      413.75          1.52
 940708   5     9     5         17.05      473.52      484.20          2.33
 940708   6     2     1          1.92       34.62       36.53          0.68
 940708   7     4     3          6.22      198.67      204.88          0.90
 940708   8     3     1          2.38       61.35       63.20          0.45
 940708   9     3     2         71.98       72.57      139.35          0.25
 940708  10     0     0          0.00        0.00        0.00          0.00
 940708  11     0     0          0.00        0.00        0.00          0.00
 940708  12     0     0          0.00        0.00        0.00          0.00
 940708  13     5     2        111.28      134.57      187.23          1.08
 940708  14     7     2        111.28      108.20      187.23          0.78
 940708  15     1     1          3.30       71.25       74.55          0.05
 940708  16     1     1          0.25        0.30        0.55          0.05
 940708  17     2     1          3.30        4.15        7.45          0.17
 940708  18     2     1          3.45       16.65       20.10          0.27
 940708  19     2     1          8.40       77.67       86.07          0.13
 940708  20     2     2          6.17      204.95      211.12          0.83
 940708  21     1     1          1.22       21.15       22.37          0.72
 940708  22     1     1          0.80       22.50       23.30          0.68
 940708  23     7     3          4.63      123.97      127.02          1.07
 940708  24     3     1         12.32       21.18       33.42          0.13
1
 
                   MAX
            TOTAL  SIM                MAXIMUM CPS                   CONNECT
 DATE  HOUR USERS USERS            IN         OUT       TOTAL         HOURS
 
 
 940709   1     5     3          9.12      225.30      233.75          0.87
 940709   2     7     2         12.85      438.92      451.77          1.17
 940709   3     6     2        177.15      173.88      283.53          0.78
 940709   4     3     2          7.35      215.70      217.32          0.43
 940709   5     4     1          3.10      215.70      217.32          0.80
 940709   6     3     1          4.45      142.77      147.22          0.22
 940709   7     4     3          7.22      355.55      362.77          1.32
 940709   8     7     2          7.80      204.45      208.35          0.83
 940709   9     1     1          3.28      176.43      179.72          0.05
 940709  10     0     0          0.00        0.00        0.00          0.00
 940709  11     0     0          0.00        0.00        0.00          0.00
 940709  12     2     2          5.03      173.02      178.05          0.27
 940709  13     0     0          0.00        0.00        0.00          0.00
 940709  14     0     0          0.00        0.00        0.00          0.00
 940709  15     1     1          1.80      195.48      197.28          0.03
 940709  16     1     1          1.80      195.48      197.28          0.12
 940709  17     4     2          3.70      149.62      153.32          0.75
 940709  18     4     2          4.57       73.77       77.77          0.35
 940709  19     4     2         25.70      153.88      157.33          1.37
 940709  20     4     2          2.73      160.12      162.85          0.48
 940709  21     6     3         12.95      243.38      250.02          0.88
 940709  22     3     2         12.08      115.75      127.83          0.48
 940709  23     2     2          4.68      157.05      161.73          0.70
 940709  24     5     3         17.73      153.85      161.27          1.10
1
 
                   MAX
            TOTAL  SIM                MAXIMUM CPS                   CONNECT
 DATE  HOUR USERS USERS            IN         OUT       TOTAL         HOURS
 
 
 940710   1     3     2          3.45      142.68      146.13          0.80
 940710   2     4     4          6.50      389.35      395.85          1.95
 940710   3     1     1          0.75       20.58       21.33          0.15
 940710   4     1     1          2.40       73.07       75.47          0.08
 940710   5     6     3         12.20      136.12      143.85          1.60
 940710   6     4     2          4.80      124.77      129.57          0.30
 940710   7     2     1          3.67      100.20      103.87          0.17
 940710   8     2     1          2.70       62.28       64.98          0.35
 940710   9     0     0          0.00        0.00        0.00          0.00
 940710  10     0     0          0.00        0.00        0.00          0.00
 940710  11     0     0          0.00        0.00        0.00          0.00
 940710  12     1     1          3.40       27.52       30.92          0.03
 940710  13     1     1          4.13       54.90       59.03          0.03
 940710  14     1     1          3.62       19.55       23.17          0.03
 940710  15     3     2        190.38      133.28      310.62          0.50
 940710  16     2     1          1.45       30.08       31.48          0.37
 940710  17     1     1          9.70        1.35       11.05          0.02
 940710  18     2     1         45.75       48.50       74.35          0.08
 940710  19     2     1         28.62       68.72       70.73          0.37
 940710  20     5     3        159.27      136.33      199.97          0.73
 940710  21     4     3          5.32      208.37      213.68          2.23
 940710  22     6     4          8.83      223.55      232.38          1.13
 940710  23    13     4         81.43      300.48      322.33          1.75
 940710  24     4     2          3.98      251.68      255.67          1.38
1
 
                   MAX
            TOTAL  SIM                MAXIMUM CPS                   CONNECT
 DATE  HOUR USERS USERS            IN         OUT       TOTAL         HOURS
 
 
 940711   1     4     3         12.25      230.37      235.37          0.87
 940711   2     4     2          3.97      119.50      123.47          0.40
 940711   3     7     3          6.05      210.90      216.75          1.80
 940711   4    10     2          5.57      229.90      235.15          0.97
 940711   5     2     2          3.17      204.77      207.93          1.00
 940711   6     4     2          4.90      112.30      117.20          0.60
 940711   7     2     2          3.82       93.93       97.75          0.32
 940711   8     2     1          2.78       69.25       71.30          0.17
 940711   9     1     1          3.07       79.27       82.33          0.17
 940711  10     3     1          3.10      182.77      185.87          0.13
 940711  11     0     0          0.00        0.00        0.00          0.00
 940711  12     1     1          1.42       58.22       59.63          0.60
 940711  13     2     1          2.65       19.32       21.97          0.23
 940711  14     2     1         23.88      285.13      309.02          0.40
 940711  15     3     3         11.10      393.78      404.88          0.63
 940711  16     4     1         10.70       89.62       91.27          0.15
 940711  17     3     2          4.15       79.33       83.48          0.25
 940711  18     3     1          3.50      147.75      149.92          0.60
 940711  19     2     1          2.80      104.93      107.73          0.57
 940711  20     3     2          4.48      218.40      222.88          0.88
 940711  21     7     2          6.42      124.00      128.35          1.22
 940711  22     2     1          3.25       53.27       56.52          0.17
 940711  23     7     2          5.60      222.12      226.08          1.12
 940711  24     5     2          3.80       92.15       93.92          0.67
1     MAXIMUM OF MAXIMUM SIMULTANEOUS USERS
 
 
                   MAX
            TOTAL  SIM                MAXIMUM CPS                   CONNECT
 DATE  HOUR USERS USERS            IN         OUT       TOTAL         HOURS
 
 940708   5     9     5         17.05      473.52      484.20          2.33
 
 
     MAXIMUM OF CONNECT HOURS
 
 
                   MAX
            TOTAL  SIM                MAXIMUM CPS                   CONNECT
 DATE  HOUR USERS USERS            IN         OUT       TOTAL         HOURS
 
 940708   5     9     5         17.05      473.52      484.20          2.33
1
    