   APPLE COMPUTER / MCI TYMNET     TRAFFIC STATISTICS     2400 BAUD



 
                   MAX
            TOTAL  SIM                MAXIMUM CPS                   CONNECT
 DATE  HOUR USERS USERS            IN         OUT       TOTAL         HOURS
 
 
 940619   1    11     5         15.23      637.80      649.82          3.62
 940619   2    13     5         11.57      508.32      518.42          3.30
 940619   3    12     8         13.55      601.32      614.87          5.32
 940619   4    12     6         40.87      546.83      557.07          4.13
 940619   5    10     5         10.23      553.75      563.52          2.40
 940619   6     7     4         10.38      330.28      337.50          2.17
 940619   7    10     4         10.88      308.15      319.03          1.35
 940619   8     6     3         12.98      237.27      238.72          0.97
 940619   9     2     2          6.45      460.82      467.27          1.03
 940619  10     2     2          3.45      307.08      310.53          1.27
 940619  11     3     2          5.53      281.47      287.00          0.55
 940619  12     2     2          3.12      111.42      114.53          0.42
 940619  13     0     0          0.00        0.00        0.00          0.00
 940619  14     2     2          4.02       36.55       40.57          0.53
 940619  15     7     4          7.32      401.93      406.35          2.78
 940619  16     8     4          7.55      588.65      596.20          2.23
 940619  17     9     6         12.90      527.73      540.63          3.52
 940619  18     3     3          3.60      271.25      274.85          1.67
 940619  19     3     2          3.30      300.28      303.58          1.43
 940619  20     5     2          3.72      259.93      263.65          1.42
 940619  21     5     2          5.33      258.47      262.05          1.23
 940619  22     5     3          6.63      278.80      284.65          1.58
 940619  23     9     5          8.77      316.68      325.45          2.73
 940619  24     8     4          7.45      304.77      312.22          1.93
1
 
                   MAX
            TOTAL  SIM                MAXIMUM CPS                   CONNECT
 DATE  HOUR USERS USERS            IN         OUT       TOTAL         HOURS
 
 
 940620   1     5     2          9.23      128.60      137.83          0.73
 940620   2     6     3          8.57      272.58      281.15          0.93
 940620   3    11     6         13.78      735.17      745.82          3.55
 940620   4    14     6         10.12      698.80      708.92          3.88
 940620   5    14     9         14.02      818.23      831.45          6.55
 940620   6    12     8         13.90      799.47      812.88          6.88
 940620   7     8     7         12.45      694.43      706.88          3.60
 940620   8     4     2          6.38       70.60       76.98          1.07
 940620   9     0     0          0.00        0.00        0.00          0.00
 940620  10     2     2          3.38      238.88      242.27          0.90
 940620  11     2     2          3.78      273.47      277.25          1.38
 940620  12     4     2         11.73      406.25      412.10          1.27
 940620  13     5     3         15.75      522.97      538.72          1.77
 940620  14     6     5          7.40      586.60      594.00          3.27
 940620  15    11     5          8.07      398.25      405.57          3.33
 940620  16    15     6         10.08      724.97      735.05          4.38
 940620  17    19     9         21.65      777.30      798.95          5.83
 940620  18    20     8         15.55      855.37      869.75          5.63
 940620  19    17     7        124.98      926.28      981.62          5.50
 940620  20    13     9         16.60      793.57      810.17          6.77
 940620  21    13     6         30.38      428.85      436.52          3.83
 940620  22    14     6        235.00      361.48      370.50          3.97
 940620  23    15     8         42.38      434.25      452.55          6.00
 940620  24    15     9         20.83      735.47      753.82          5.18
1
 
                   MAX
            TOTAL  SIM                MAXIMUM CPS                   CONNECT
 DATE  HOUR USERS USERS            IN         OUT       TOTAL         HOURS
 
 
 940621   1    14     7         13.15      326.05      336.23          4.88
 940621   2    20    11         25.62      684.78      707.20          7.12
 940621   3    25    13         24.85      884.53      908.15          9.73
 940621   4    29    15         27.83     2008.40     2035.83         11.22
 940621   5    30    15         36.82     2305.08     2330.93         12.15
 940621   6    32    17        119.38     2262.27     2381.65         12.90
 940621   7    25    15        116.15     2629.25     2744.18         11.85
 940621   8    14    10        105.63     1554.57     1659.90          8.78
 940621   9    13    10        108.83     1342.82     1446.43          8.33
 940621  10     9     6         98.63      972.37     1070.97          5.48
 940621  11     9     5         98.62      758.57      855.02          1.85
 940621  12     0     0          0.00        0.00        0.00          0.00
 940621  13     1     1          1.53       55.68       57.22          0.42
 940621  14     6     3         10.22      253.82      264.03          1.08
 940621  15    13     4         10.82      179.00      187.87          1.68
 940621  16    17     5        125.55      500.58      508.73          2.52
 940621  17     9     6          9.63      460.20      469.83          3.37
 940621  18    20     8         25.95      806.13      818.35          5.68
 940621  19    25     8        215.25      701.63      915.50          5.17
 940621  20    12     6         12.00      574.30      581.28          3.93
 940621  21    16     7         18.60      830.03      847.13          5.33
 940621  22    12     6         13.33      732.57      745.00          3.32
 940621  23    11     6         12.02      874.28      884.73          3.92
 940621  24    29    13         22.75     1067.37     1090.12          9.10
1
 
                   MAX
            TOTAL  SIM                MAXIMUM CPS                   CONNECT
 DATE  HOUR USERS USERS            IN         OUT       TOTAL         HOURS
 
 
 940622   1    29    10         23.93     1234.87     1251.30          7.97
 940622   2    22    12         42.47     1424.07     1466.53          7.65
 940622   3    18    10         36.25     1118.38     1154.63          6.97
 940622   4    27    13         60.22     1515.73     1535.87          9.65
 940622   5    25    13         76.55     1501.75     1567.17          9.98
 940622   6    26    14         32.87     1700.23     1724.85          9.78
 940622   7    15     9         20.97     1410.13     1426.40          8.42
 940622   8    16     8         18.27     1196.42     1214.68          6.95
 940622   9     9     7         18.42     1019.78     1038.20          6.15
 940622  10     7     5         12.92      888.05      900.97          4.47
 940622  11     7     5          8.82      894.75      903.37          3.65
 940622  12     6     5          8.62      894.75      903.37          2.35
 940622  13     6     3        218.42      332.58      461.60          1.42
 940622  14     6     4        119.67      233.30      252.02          1.33
 940622  15     8     4        119.50      433.62      439.98          1.77
 940622  16     4     4          5.53      567.92      573.45          2.10
 940622  17    13     6         10.17      630.78      638.48          3.93
 940622  18    20     9         18.95      591.58      608.87          6.08
 940622  19    12     6         11.42      501.92      512.03          4.28
 940622  20    16     6         10.73      435.98      446.57          3.82
 940622  21    20     7         25.00      593.97      612.42          4.25
 940622  22    16     6         25.00      452.10      463.82          3.85
 940622  23     8     5         10.02      430.38      439.12          3.50
 940622  24    13     6         14.28      691.40      705.68          4.30
1
 
                   MAX
            TOTAL  SIM                MAXIMUM CPS                   CONNECT
 DATE  HOUR USERS USERS            IN         OUT       TOTAL         HOURS
 
 
 940623   1    24    10         24.13      779.97      804.10          6.62
 940623   2    21     9         18.78      574.68      593.47          6.73
 940623   3    24    11         17.25      746.88      764.13          8.25
 940623   4    21     9         19.72      735.63      748.73          5.92
 940623   5    24    15         26.72      931.48      958.20          9.45
 940623   6    27    15         39.87     1207.90     1247.77          9.22
 940623   7    17     9         36.03     1046.65     1082.68          7.52
 940623   8    12     8         16.02      885.38      891.30          4.72
 940623   9     4     4          8.90      739.37      748.27          3.03
 940623  10     5     4          7.12      655.68      660.15          2.83
 940623  11     4     4          8.80      594.05      602.85          1.75
 940623  12     1     1          1.48      196.80      198.28          0.58
 940623  13     2     2         16.12      317.05      333.17          0.70
 940623  14     2     1          7.28       60.57       63.62          0.10
 940623  15     8     3          5.73      130.48      134.62          1.07
 940623  16     7     4         14.47      160.82      169.75          1.60
 940623  17    14     4          8.07      407.90      415.97          1.98
 940623  18    12     3         15.05      393.93      400.17          1.92
 940623  19    12     5         77.50      394.63      466.38          2.27
 940623  20    17     7        195.70      707.65      903.35          5.02
 940623  21     9     4          6.93      674.87      681.53          2.00
 940623  22     7     4         10.20      520.62      527.68          3.40
 940623  23    15     8         15.22      843.78      859.00          5.08
 940623  24    13     6         66.78      627.63      634.20          3.47



                   MAX
            TOTAL  SIM                MAXIMUM CPS                   CONNECT
 DATE  HOUR USERS USERS            IN         OUT       TOTAL         HOURS
 
 
 940624   1     9     3          8.33      184.78      193.12          1.25
 940624   2    21    12         70.25      763.18      822.40          6.12
 940624   3    20     9         54.40      524.53      538.28          6.05
 940624   4    26    14         24.08     1338.73     1361.35          8.05
 940624   5    25    13         20.95     1172.55     1191.95         11.02
 940624   6    22    11         17.00     1297.93     1314.17          8.82
 940624   7    14     9         36.80     1254.17     1290.97          7.50
 940624   8    13     9         18.77     1330.75     1344.25          8.00
 940624   9    11     9         19.07     1289.13     1308.20          6.92
 940624  10     3     3          6.75      313.68      320.43          2.13
 940624  11     4     3          9.78      267.40      277.18          1.83
 940624  12     3     1         44.72       50.38       91.87          0.40
 940624  13     4     1        288.82      156.28      317.47          0.17
 940624  14     2     1          2.02       20.70       22.58          0.58
 940624  15     4     2          9.90      198.72      208.62          0.47
 940624  16     7     2          6.83      100.20      107.03          0.93
 940624  17     8     2         34.38      119.65      126.62          1.52
 940624  18     9     4          5.72      165.72      168.82          1.65
 940624  19     4     2          6.82      420.20      427.02          1.03
 940624  20     5     4         10.48      413.68      421.55          2.90
 940624  21    10     5         11.05      456.32      464.05          3.40
 940624  22    11     4          8.98      354.00      359.30          2.33
 940624  23    12     6         11.55      779.52      791.07          1.98
 940624  24    10     5          9.70      602.43      611.47          2.80
1
 
                   MAX
            TOTAL  SIM                MAXIMUM CPS                   CONNECT
 DATE  HOUR USERS USERS            IN         OUT       TOTAL         HOURS
 
 
 940625   1    21     8         18.05      962.45      980.50          4.82
 940625   2    18     8         13.48      742.75      755.32          5.28
 940625   3    20     9         25.58      636.05      651.60          7.27
 940625   4    30    13        165.33      827.47      851.98         10.32
 940625   5    18     9        160.18      816.07      840.70          7.22
 940625   6    18    11         20.47     1083.22     1099.92          8.50
 940625   7    19    11         21.10     1173.92     1193.98          8.50
 940625   8    12     6         11.50      865.83      873.17          4.65
 940625   9     8     4         10.18      442.22      451.47          2.23
 940625  10     7     3          7.47      463.07      467.82          2.15
 940625  11     3     3          7.45      455.82      463.27          1.97
 940625  12     3     2         27.52      233.37      234.88          0.20
 940625  13     1     1          0.92       33.28       34.20          0.97
 940625  14     8     5         10.28      607.08      613.32          2.02
 940625  15     8     4          7.97      607.08      613.32          1.82
 940625  16     5     4          6.93      403.02      409.95          2.10
 940625  17    12     7         12.92      663.55      676.47          2.60
 940625  18    16     7         17.95     1004.60     1014.75          4.45
 940625  19     9     4          8.80      462.80      465.82          1.82
 940625  20     9     7         12.83      772.57      785.40          4.70
 940625  21    14     8         14.57      927.97      940.87          5.85
 940625  22     9     5         11.05      538.32      544.48          4.07
 940625  23    13     8         28.98      365.95      373.43          5.32
 940625  24    10     6         11.05      427.43      438.48          4.07
1
 
                   MAX
            TOTAL  SIM                MAXIMUM CPS                   CONNECT
 DATE  HOUR USERS USERS            IN         OUT       TOTAL         HOURS
 
 
 940626   1    12     6         11.00      336.25      347.25          4.13
 940626   2    13    10         24.92      409.57      434.48          5.60
 940626   3    25    10         33.97     1063.05     1097.02          7.50
 940626   4    17    10         18.00      803.75      821.02          8.33
 940626   5    18    10        122.47     1201.53     1216.30          7.30
 940626   6    17    12         21.37     1573.02     1594.38          7.27
 940626   7    13     8         14.32     1221.50     1234.27          6.97
 940626   8    11     9         16.07     1270.27     1286.33          5.05
 940626   9     8     6         13.93      724.80      738.73          4.45
 940626  10     7     6         12.60      736.68      747.03          4.37
 940626  11     6     4          9.33      662.20      669.72          3.20
 940626  12     3     2          3.20      415.42      418.52          1.93
 940626  13     4     3          5.32      474.83      480.15          1.67
 940626  14     6     4         19.18      519.80      524.68          1.87
 940626  15     4     3          4.92      425.83      430.75          2.13
 940626  16     7     4          8.52      533.25      541.77          2.02
 940626  17    11     5          9.60      738.97      746.70          3.47
 940626  18    15     8         14.28      873.42      887.70          5.38
 940626  19    21    13         23.68     1303.15     1326.83          8.38
 940626  20    22    10         17.10     1193.93     1209.78          8.22
 940626  21    16    11         19.65     1493.37     1510.70          8.40
 940626  22    12     7         14.02     1055.35     1069.37          5.85
 940626  23    18    10        192.55     1153.80     1197.47          6.45
 940626  24    14     6         12.37     1021.68     1033.70          4.33
1
 
                   MAX
            TOTAL  SIM                MAXIMUM CPS                   CONNECT
 DATE  HOUR USERS USERS            IN         OUT       TOTAL         HOURS
 
 
 940627   1    15     7         14.25     1199.82     1213.47          5.57
 940627   2    25    12        160.83     1360.47     1518.23          8.42
 940627   3    28    15        161.50     1677.88     1708.57         13.52
 940627   4    23    14         44.48     1457.90     1502.38         12.35
 940627   5    20    13         43.23      918.45      961.68          8.93
 940627   6     9     6         10.00      731.80      741.80          4.08
 940627   7     6     5         10.22      787.23      797.45          4.08
 940627   8    12     8         24.08     1174.95     1188.80          5.13
 940627   9     7     4          6.48      711.20      715.63          2.83
 940627  10     5     3          4.43      711.20      715.63          2.10
 940627  11     3     3          7.13      692.57      699.70          1.92
 940627  12     4     3          5.22      482.57      487.78          2.07
 940627  13     3     3         86.08      570.97      657.05          1.97
 940627  14     5     3          7.60      270.27      277.87          1.25
 940627  15     8     2          6.38      132.57      136.05          1.13
 940627  16    11     4          7.42      369.70      377.12          1.40
 940627  17    12     3         12.57      482.77      494.35          1.60
 940627  18    10     5          8.68      313.85      322.53          2.87
 940627  19    17     6         23.45      585.20      606.55          2.83
 940627  20    15     8         26.25      718.80      743.57          5.23
 940627  21    21     8         31.73      772.00      803.73          5.95
 940627  22    15     8         28.90      884.67      909.68          5.45
 940627  23    13     8         26.70      762.10      788.80          4.32
 940627  24    14     6         2     521.48      545.02          3.55
1
 
                   MAX
            TOTAL  SIM                MAXIMUM CPS                   CONNECT
 DATE  HOUR USERS USERS            IN         OUT       TOTAL         HOURS
 
 
 940628   1    27     9         31.98      850.13      872.03          6.08
 940628   2    29    15         77.58     1003.27     1029.48          9.92
 940628   3    34    14         23.12     1340.13     1358.47         10.18
 940628   4    32    16         37.50     1346.48     1375.93         11.22
 940628   5    43    21         37.38     2192.92     2230.30         17.23
 940628   6    34    16         42.47     1439.12     1462.80         11.12
 940628   7    19    11         28.82     1586.65     1605.78          9.83
 940628   8    12    10         17.55     1439.00     1456.55          6.30
 940628   9    12     8        184.12     1060.15     1244.27          6.17
 940628  10    10     8         14.07      896.42      910.48          3.13
 940628  11     1     1          3.18        2.92        6.10          0.03
 940628  12     3     1          5.62        3.42        8.38          0.08
 940628  13    11     7        245.32      782.15     1027.47          1.75
 940628  14     7     5          7.17      838.55      845.72          3.72
 940628  15    13     8         20.02     1559.15     1573.27          5.12
 940628  16    23    10         17.37     1766.55     1781.03          6.67
 940628  17    31    13         25.75     1321.20     1341.18         10.08
 940628  18    23    12         21.15     1339.17     1360.32          7.90
 940628  19    21     8         34.77      889.05      909.13          5.75
 940628  20    15     8         12.52      904.95      916.53          6.47
 940628  21    13     8         14.85     1085.65     1098.02          6.35
 940628  22    15     7        166.38      841.68      960.33          5.03
 940628  23    17     9        169.98      878.62     1048.60          4.80
 940628  24    11     5          9.10      597.83      604.65          2.78



     MAXIMUM OF MAXIMUM SIMULTANEOUS USERS
 
 
                   MAX
            TOTAL  SIM                MAXIMUM CPS                   CONNECT
 DATE  HOUR USERS USERS            IN         OUT       TOTAL         HOURS
 
 940628   5    43    21         37.38     2192.92     2230.30         17.23
 
 
     MAXIMUM OF CONNECT HOURS
 
 
                   MAX
            TOTAL  SIM                MAXIMUM CPS                   CONNECT
 DATE  HOUR USERS USERS            IN         OUT       TOTAL         HOURS
 
 940628   5    43    21         37.38     2192.92     2230.30         17.23
1


     MAXIMUM OF MAXIMUM SIMULTANEOUS USERS
 
 
                   MAX
            TOTAL  SIM                MAXIMUM CPS                   CONNECT
 DATE  HOUR USERS USERS            IN         OUT       TOTAL         HOURS
 
 940621   6    32    17        119.38     2262.27     2381.65         12.90
 
 
     MAXIMUM OF CONNECT HOURS
 
 
                   MAX
            TOTAL  SIM                MAXIMUM CPS                   CONNECT
 DATE  HOUR USERS USERS            IN         OUT       TOTAL         HOURS
 
 940621   6    32    17        119.38     2262.27     2381.65         12.90
  xwó