     APPLE  /  MCI DATA SERVICES     TRAFFIC STATISTICS     9600 BAUD USERS



 
                   MAX
            TOTAL  SIM                MAXIMUM CPS                   CONNECT
 DATE  HOUR USERS USERS            IN         OUT       TOTAL         HOURS
 
 
 940530   1    14     8         26.23      467.20      493.43          4.30
 940530   2    15     7         14.77      222.30      235.58          4.52
 940530   3    19     9        439.53      187.43      600.82          4.88
 940530   4    15     8         25.88     1317.92     1339.67          4.68
 940530   5    17     6        774.25      434.45     1208.70          5.10
 940530   6    21    10         55.38      631.28      652.15          6.07
 940530   7    14     6         13.05      791.12      801.57          3.05
 940530   8    12     6         13.15      859.65      872.80          4.15
 940530   9    11     8         23.17     1211.75     1233.85          5.47
 940530  10    11     8         30.30     1291.28     1321.58          4.53
 940530  11     8     4          8.18      573.82      577.90          1.42
 940530  12     5     3          9.02      673.60      680.68          2.07
 940530  13     2     1          4.08      573.82      577.90          0.32
 940530  14    25     6        158.93      548.08      707.02          2.02
 940530  15    28     4         60.02      322.87      351.32          3.05
 940530  16    29     7        288.80      905.62     1194.42          4.43
 940530  17    18     7        307.97     1015.12     1305.13          5.27
 940530  18    46    11        516.27     2323.57     2385.18          6.58
 940530  19    37     7        119.95     1746.10     1764.15          4.88
 940530  20    34     8         62.42      821.68      868.08          4.50
 940530  21    31     9         42.67      747.07      781.18          5.73
 940530  22    37     9         39.93      915.93      955.27          6.25
 940530  23    17     7         96.97      736.35      833.32          4.88
 940530  24    12     6         32.82      270.43      277.43          3.82
1
 
                   MAX
            TOTAL  SIM                MAXIMUM CPS                   CONNECT
 DATE  HOUR USERS USERS            IN         OUT       TOTAL         HOURS
 
 
 940531   1    23     9         16.80      434.82      451.02          5.00
 940531   2    20     9         87.62      741.72      757.02          6.43
 940531   3    26    11         22.98      706.28      720.22          7.47
 940531   4    22    11         26.08      924.55      944.25          8.70
 940531   5    19     8        373.65     1314.43     1688.08          4.95
 940531   6    15     6        348.90     1539.43     1888.33          4.20
 940531   7    12     6         32.55      441.18      464.53          3.85
 940531   8    11     6         20.58      256.08      276.67          3.65
 940531   9     7     5        142.35      649.10      764.63          3.25
 940531  10    11     8         52.03      750.43      802.47          5.28
 940531  11    13     6         48.07      794.53      814.08          3.15
 940531  12    11     3          6.15      128.62      134.77          0.73
 940531  13     5     2         58.02        5.77       63.78          0.18
 940531  14    27    10         97.12     1965.10     2062.22          2.70
 940531  15    55    11         66.52     2314.32     2380.83          6.43
 940531  16    46    11        704.65      874.52      975.98          6.03
 940531  17    37    11        669.43     1024.60     1043.38          7.68
 940531  18   110    16        188.17      820.78     1008.95         11.52
 940531  19   124    12        757.18      962.02     1674.30          7.68
 940531  20    84    15        722.37     1620.70     1741.55          7.88
 940531  21    43     9        139.40     1483.25     1571.78          2.82
 940531  22    21    12        132.53     1059.12     1140.85          7.35
 940531  23    32    14         80.67     1705.67     1731.60          9.65
 940531  24    28    12         88.15     1528.88     1556.17          7.88
1
 
                   MAX
            TOTAL  SIM                MAXIMUM CPS                   CONNECT
 DATE  HOUR USERS USERS            IN         OUT       TOTAL         HOURS
 
 
 940601   1    34    13        171.03     1442.50     1510.93          8.17
 940601   2    25    10         26.70     1250.57     1272.48          7.57
 940601   3    32    15         35.32     1807.22     1841.38         10.55
 940601   4    31    14         39.55     2110.53     2144.45         11.27
 940601   5    39    15         85.92     2426.13     2462.08         11.57
 940601   6    84    12         75.83     1852.90     1898.30          9.08
 940601   7    58     9         99.37      763.52      844.05          6.82
 940601   8     7     5         27.43      457.83      485.27          3.13
 940601   9    11     6         28.02      273.35      300.25          4.47
 940601  10     7     4        419.25      509.20      917.78          3.05
 940601  11     5     2        415.90      480.42      896.32          0.53
 940601  12     9     4         11.00      176.90      186.42          1.18
 940601  13    14     7         17.87     1256.07     1271.27          2.97
 940601  14    36     6         75.05     1485.55     1500.13          3.32
 940601  15    50     8         49.62      991.68     1019.37          4.05
 940601  16    49     8         53.42      789.95      839.27          5.40
 940601  17    63     7        104.75      519.60      547.97          4.23
 940601  18    41     9        205.53      160.67      366.20          6.02
 940601  19    41    11        113.32     1419.17     1515.28          6.57
 940601  20    84    11         93.40     1408.65     1478.88          7.22
 940601  21    46     9         30.42      850.98      880.77          5.83
 940601  22    27    11         76.08      916.58      992.67          6.13
 940601  23    27     9         56.98      600.97      616.13          6.07
 940601  24    23    11         48.40     1055.67     1067.73          5.08
1
 
                   MAX
            TOTAL  SIM                MAXIMUM CPS                   CONNECT
 DATE  HOUR USERS USERS            IN         OUT       TOTAL         HOURS
 
 
 940602   1    19    10         48.73     1674.35     1695.67          6.68
 940602   2    33    14         40.65     1469.55     1510.20          9.38
 940602   3    40    17        223.92     2005.37     2186.77         12.33
 940602   4    41    16        225.33     2762.90     2974.30         11.15
 940602   5    23    12         68.37     2156.68     2186.25          9.25
 940602   6    68    16         93.47     2257.92     2323.10         10.73
 940602   7    44    15        174.87     1881.02     1938.93          8.48
 940602   8     9     7         12.12      466.82      478.93          5.28
 940602   9     7     6         18.17     1179.20     1197.37          4.75
 940602  10    10     5         12.77      993.70     1006.47          3.12
 940602  11     8     3          5.80       96.42      101.02          1.02
 940602  12     3     2          4.73       64.80       69.53          0.18
 940602  13    11     4         12.32     1051.62     1061.05          2.55
 940602  14    14     6         24.43     1370.33     1394.77          2.28
 940602  15    30     6        110.87     1356.97     1371.42          3.50
 940602  16    58     8         93.90     1026.57     1103.28          4.82
 940602  17    52     9        117.15      534.75      576.88          5.95
 940602  18    59    12        208.97     1106.50     1288.82          9.00
 940602  19    60    11        162.33     1025.80     1178.20          7.08
 940602  20    57    10        125.38     1363.43     1488.82          5.58
 940602  21    59     9         55.55     1226.85     1260.75          5.93
 940602  22    31    11        414.62     1286.38     1386.10          7.72
 940602  23    27    11        109.12     1005.92     1068.20          6.85
 940602  24    23    12         34.23     2336.35     2370.58          8.28
1
 
                   MAX
            TOTAL  SIM                MAXIMUM CPS                   CONNECT
 DATE  HOUR USERS USERS            IN         OUT       TOTAL         HOURS
 
 
 940603   1    29    12         42.37     2761.25     2801.67          7.05
 940603   2    41    13        153.65     2852.45     2895.70          9.62
 940603   3    39    17         55.07     2626.70     2681.77         11.33
 940603   4    37    15         52.52     2333.87     2375.03         11.50
 940603   5    35    14         93.75     1964.30     2023.30         10.53
 940603   6    26    14         37.18     1653.92     1690.83         10.17
 940603   7    14     7         18.40     1101.87     1120.27          3.65
 940603   8    15     8         18.15     1036.10     1054.25          4.97
 940603   9    12     6        117.28      289.45      315.95          3.65
 940603  10     7     4         10.27      591.12      601.38          3.07
 940603  11     6     4         26.33      742.68      769.02          1.80
 940603  12     6     2          5.88      426.35      431.77          0.90
 940603  13     4     2         17.77       54.52       72.28          0.27
 940603  14     6     2          4.15       71.25       74.33          1.25
 940603  15    16     7         17.32      567.70      582.02          3.03
 940603  16    23     5         41.13     1580.83     1603.65          2.48
 940603  17    28     8         82.22     1975.03     1999.43          5.42
 940603  18    31    11        153.22     1568.48     1595.05          6.80
 940603  19    25     8         30.28     2138.43     2168.55          5.90
 940603  20    32     8        138.92     1019.75     1091.13          4.87
 940603  21    29    11         83.97     2066.92     2101.82          7.18
 940603  22    35    12         30.50     2666.28     2694.37          8.47
 940603  23    26     9         64.48     1504.77     1523.67          6.23
 940603  24    19     5        710.82     1148.65     1853.50          2.22



 
                   MAX
            TOTAL  SIM                MAXIMUM CPS                   CONNECT
 DATE  HOUR USERS USERS            IN         OUT       TOTAL         HOURS
 
 
 940604   1    36    16        113.45     3157.48     3270.93         11.37
 940604   2    20    10         59.82     1266.92     1326.73          6.68
 940604   3    24    12         66.42     1423.57     1467.47          7.38
 940604   4    26    14         30.35     1002.63     1018.93          7.82
 940604   5    30    17         43.80     1759.43     1793.03         14.20
 940604   6    30    13        287.10     2258.87     2545.97          9.50
 940604   7    21    11        341.52     2248.92     2293.10          7.52
 940604   8    20    10        386.68     2174.80     2538.80          7.18
 940604   9    10     6         17.75      521.90      539.65          4.43
 940604  10     6     5         14.60      933.87      948.47          3.67
 940604  11    10     7         18.52      869.75      882.18          4.97
 940604  12    11     8         36.95     1460.38     1493.68          3.55
 940604  13     6     3         17.85      109.35      120.60          1.70
 940604  14    10     4         25.15      519.93      545.08          2.13
 940604  15    10     3          9.62      439.45      447.85          1.03
 940604  16    12     5         17.63      961.82      976.42          2.23
 940604  17    18     7         18.67     1285.88     1303.02          4.67
 940604  18    21     8        672.30     1173.00     1188.67          5.47
 940604  19    30    13        273.58     1729.98     1992.60          7.82
 940604  20    25    15        267.57     2078.47     2336.40          7.55
 940604  21    35    14        172.42     1464.22     1484.98          8.85
 940604  22    27    18        183.78     1490.58     1674.37         16.15
 940604  23    28    16        186.42     1551.73     1731.98         12.23
 940604  24    33    18         36.98      597.57      627.28         13.70
1
 
                   MAX
            TOTAL  SIM                MAXIMUM CPS                   CONNECT
 DATE  HOUR USERS USERS            IN         OUT       TOTAL         HOURS
 
 
 940605   1    30    17         67.43     1434.13     1469.88         14.20
 940605   2    28    19         33.40     1299.80     1330.57         16.05
 940605   3    33    22        154.80      584.08      738.88         18.75
 940605   4    31    21        451.72      852.23     1303.95         18.88
 940605   5    26    11        435.42     1321.58     1345.23          6.95
 940605   6    22    13         32.22     1403.63     1430.75          7.65
 940605   7    12     6         28.95      328.02      356.97          5.00
 940605   8     6     6         20.87      160.58      181.45          4.48
 940605   9     8     7         13.97      298.33      312.30          5.28
 940605  10     7     4         13.75      136.28      141.37          2.90
 940605  11     8     4        135.08      265.60      276.40          2.55
 940605  12     4     4         11.40      296.05      307.45          1.38
 940605  13     4     2         91.18      240.55      244.63          0.60
 940605  14     7     2          5.85      249.65      255.50          1.25
 940605  15     8     3          7.78      501.50      506.53          0.97
 940605  16     8     3         24.92      313.15      338.07          1.05
 940605  17    14     4         49.87      858.90      871.22          2.68
 940605  18     7     5         26.05      474.85      486.23          1.30
 940605  19     8     2          8.08      967.02      975.10          1.12
 940605  20    19     7         23.53     1388.63     1412.17          3.88
 940605  21    20     8         23.00     1012.30     1028.27          6.00
 940605  22    23     6         14.03     1087.85     1100.55          3.98
 940605  23    24     8         64.08      754.70      773.22          4.60
 940605  24    16     8         24.03     1023.70     1047.73          5.10
1
 
                   MAX
            TOTAL  SIM                MAXIMUM CPS                   CONNECT
 DATE  HOUR USERS USERS            IN         OUT       TOTAL         HOURS
 
 
 940606   1    13     6         15.90     1020.23     1029.78          4.70
 940606   2    20    11        531.82     1337.33     1868.72          6.02
 940606   3    29    11         45.17      456.90      477.55          8.62
 940606   4    22     9         29.20     1816.02     1845.22          7.68
 940606   5    26    12        267.17     2128.40     2300.83          8.88
 940606   6    19     9        258.33     1508.02     1766.35          6.42
 940606   7    10     6         22.47      578.77      600.55          3.98
 940606   8    10     6         16.35      879.48      895.83          3.92
 940606   9     6     5         14.20      794.92      809.12          3.07
 940606  10     4     2          6.08      281.20      285.02          1.35
 940606  11     5     3         36.50      268.20      304.62          1.45
 940606  12     2     1          2.50      117.43      119.93          0.22
 940606  13     8     3          5.33      785.17      790.50          0.58
 940606  14    13     6        150.10     1311.98     1462.08          3.78
 940606  15    28    11         20.12      933.18      941.60          5.30
 940606  16    25    11        167.60     2053.50     2221.10          5.47
 940606  17    47     9        539.15     1861.87     2159.18          5.57
 940606  18    83    12        517.63     1560.02     2050.75          9.20
 940606  19    56    10        496.27      300.05      769.47          5.55
 940606  20    55    10         73.15      613.55      686.70          5.55
 940606  21    46    11         53.58     1675.85     1699.17          7.42
 940606  22    29    11         35.12     1712.15     1737.22          8.40
 940606  23    24    12        182.62     1824.47     1856.53          8.03
 940606  24    76    15        119.28     1501.68     1579.58         11.73
1
 
                   MAX
            TOTAL  SIM                MAXIMUM CPS                   CONNECT
 DATE  HOUR USERS USERS            IN         OUT       TOTAL         HOURS
 
 
 940607   1    78    15        104.92     2166.82     2222.83         11.62
 940607   2    88    15         75.30     1407.57     1439.85         11.63
 940607   3    68    18        390.83     1753.42     2144.25         11.20
 940607   4    95    24         77.25     2667.27     2737.60         17.63
 940607   5    79    18        104.32     3004.93     3076.25         12.93
 940607   6    76    13         77.23     1618.92     1665.62         10.05
 940607   7    65    13         58.05      750.37      808.42          8.02
 940607   8    11     7         19.42     1260.05     1279.47          5.22
 940607   9    14     7         20.42     1154.02     1174.43          5.80
 940607  10    13     8         22.63     1235.65     1258.13          5.48
 940607  11     8     6         44.50      430.92      444.78          3.10
 940607  12    13     4        184.78      288.05      296.35          1.47
 940607  13     8     1          3.42        3.58        6.85          0.17
 940607  14    16     4         38.87      527.42      538.05          0.78
 940607  15    34     7         18.67      770.07      785.78          4.42
 940607  16    47    11         46.10      664.97      685.00          5.40
 940607  17    41    13         54.30      564.07      612.33          8.90
 940607  18    28     9         75.17     1104.35     1152.98          6.50
 940607  19    17     8         49.77      831.50      873.45          6.45
 940607  20    24    10         21.93      831.52      848.93          6.28
 940607  21    26    15        357.82     1134.55     1164.95         10.17
 940607  22    22    10         24.08      856.07      880.15          6.52
 940607  23    24    11         28.32     1111.30     1130.37          8.17
 940607  24    27    1     81.97     1360.47     1419.92          7.18
1
 
                   MAX
            TOTAL  SIM                MAXIMUM CPS                   CONNECT
 DATE  HOUR USERS USERS            IN         OUT       TOTAL         HOURS
 
 
 940608   1    32    12         66.72     2290.33     2326.98          6.78
 940608   2    23    12         53.60     1548.42     1588.47          9.07
 940608   3    35    13        172.88     1470.10     1495.63          8.42
 940608   4    37    16        140.67     2460.75     2599.67         12.80
 940608   5    23    14        563.67     4652.13     4697.77          9.03
 940608   6    24    11         36.38     1089.27     1116.03          8.03
 940608   7    22    10         32.63     1249.45     1282.08          8.12
 940608   8    16     8         23.17      624.37      640.73          6.92
 940608   9    14     7         92.68      527.92      559.77          4.53
 940608  10     6     4         15.48      272.82      288.30          2.37
 940608  11     4     2        114.15      219.30      333.45          1.65
 940608  12     4     2          3.92      219.18      223.10          0.97
 940608  13     8     3        110.82      177.78      288.60          0.98
 940608  14    18     7         13.42     1394.08     1406.02          4.60
 940608  15    15     7         46.08     2348.03     2369.27          4.55
 940608  16    29     9         47.63     1646.47     1668.45          6.50
 940608  17    26     9         30.98     1519.15     1536.85          5.75
 940608  18    26    12        224.17     1858.90     1885.85          8.82
 940608  19    28     9         30.93     2018.90     2044.30          7.05
 940608  20    27    11         68.98     1291.30     1360.28          7.53
 940608  21    33    13        128.92     1687.05     1776.73          8.97
 940608  22    20    11         39.62     1885.00     1919.87          6.82
 940608  23    26    10        221.00     1789.35     1860.87          7.25
 940608  24    24    11        219.35     1414.43     1597.55          6.33



     MAXIMUM OF MAXIMUM SIMULTANEOUS USERS
 
 
                   MAX
            TOTAL  SIM                MAXIMUM CPS                   CONNECT
 DATE  HOUR USERS USERS            IN         OUT       TOTAL         HOURS
 
 940607   4    95    24         77.25     2667.27     2737.60         17.63
 
 
     MAXIMUM OF CONNECT HOURS
 
 
                   MAX
            TOTAL  SIM                MAXIMUM CPS                   CONNECT
 DATE  HOUR USERS USERS            IN         OUT       TOTAL         HOURS
 
 940605   4    31    21        451.72      852.23     1303.95         18.88
1

     MAXIMUM OF MAXIMUM SIMULTANEOUS USERS
 
 
                   MAX
            TOTAL  SIM                MAXIMUM CPS                   CONNECT
 DATE  HOUR USERS USERS            IN         OUT       TOTAL         HOURS
 
 940602   3    40    17        223.92     2005.37     2186.77         12.33
 
 
     MAXIMUM OF CONNECT HOURS
 
 
                   MAX
            TOTAL  SIM                MAXIMUM CPS                   CONNECT
 DATE  HOUR USERS USERS            IN         OUT       TOTAL         HOURS
 
 940602   3    40    17        223.92     2005.37     2186.77         12.33
   "QD¢