1
 
                   MAX
            TOTAL  SIM                MAXIMUM CPS                   CONNECT
 DATE  HOUR USERS USERS            IN         OUT       TOTAL         HOURS
 
 
 940624   1    51    18         62.42     3826.28     3888.70         13.13
 940624   2    54    20         58.42     5100.32     5148.98         17.03
 940624   3    49    21         77.10     6923.82     6995.75         17.80
 940624   4    45    19         69.58     6814.40     6883.98         16.00
 940624   5    47    20         46.93     3698.67     3745.08         15.18
 940624   6    35    13         70.78     3564.52     3609.75         10.42
 940624   7    26    13         53.47     3978.52     4031.98         10.57
 940624   8    26    11         67.65     3833.68     3901.33          8.63
 940624   9    19    11         75.47     4722.88     4798.12          9.88
 940624  10    18     9         68.13     4207.30     4275.43          7.17
 940624  11    51     9         90.67     1896.02     1972.53          3.05
 940624  12    44     6         53.42     1623.52     1675.37          3.20
 940624  13    48     6         47.40      629.38      655.02          2.77
 940624  14    41    10         77.48      840.80      876.77          7.52
 940624  15    31    10         47.03     1771.90     1795.07          7.65
 940624  16    44    14         71.70     2943.38     2982.63         11.05
 940624  17    39    15         44.28     3388.20     3418.10         11.20
 940624  18    34    14         70.40     5038.17     5073.32         10.03
 940624  19    41    16         74.83     4037.23     4112.07         12.58
 940624  20    42    19         95.68     4571.47     4667.15         13.48
 940624  21    45    23         88.72     5131.02     5219.73         19.98
 940624  22    40    18         80.85     4957.40     5038.25         13.22
 940624  23    39    15         86.35     5860.62     5946.97         11.77
 940624  24    43    19         64.70     4432.73     4478.55         13.38
1
 
                   MAX
            TOTAL  SIM                MAXIMUM CPS                   CONNECT
 DATE  HOUR USERS USERS            IN         OUT       TOTAL         HOURS
 
 
 940625   1    42    19        399.62     4179.13     4457.68         15.38
 940625   2    39    21        390.58     4006.62     4060.57         14.45
 940625   3    36    19         44.68     4017.08     4061.70         14.82
 940625   4    40    21        115.02     7497.98     7613.00         15.05
 940625   5    38    22         67.60     6873.40     6939.97         16.97
 940625   6    36    15        100.35     3529.43     3568.10         11.00
 940625   7    22    12        220.43     2359.13     2571.85          6.43
 940625   8    13     7         31.48     1003.15     1023.25          4.55
 940625   9    10     4         16.25     1656.82     1670.35          2.45
 940625  10     7     4         17.55     1799.75     1815.72          1.85
 940625  11     4     2        181.63      195.45      355.27          0.98
 940625  12     6     2          5.40      306.03      311.43          1.32
 940625  13     5     4          9.40      612.07      621.47          2.10
 940625  14     6     4         11.15      974.68      985.83          2.00
 940625  15    14     5         15.07     1650.22     1663.65          3.40
 940625  16    25     8         36.68     3535.85     3565.98          6.08
 940625  17    32    11         38.43     2377.47     2411.73          6.30
 940625  18    27    11         33.42     2259.80     2293.22          7.43
 940625  19    24     7         55.22     1241.57     1255.37          4.93
 940625  20    21     7         19.55     2208.90     2228.00          4.10
 940625  21    30    12         48.88     4912.98     4955.63          8.85
 940625  22    20     9         30.67     2954.58     2977.28          6.72
 940625  23    28    13         72.18     2474.67     2546.85          7.20
 940625  24    26    13         74.20     2730.62     2804.82          9.92
1
 
                   MAX
            TOTAL  SIM                MAXIMUM CPS                   CONNECT
 DATE  HOUR USERS USERS            IN         OUT       TOTAL         HOURS
 
 
 940626   1    25    13         30.30     1414.52     1444.82          8.10
 940626   2    29    14         38.17     1496.22     1521.77          9.90
 940626   3    34    14         36.85     2113.55     2150.40         10.88
 940626   4    29    13         85.67     3114.03     3160.27          8.45
 940626   5    38    17         62.17     3133.68     3195.85         13.48
 940626   6    30    12        232.00     2793.78     2841.58          9.10
 940626   7    23    10         27.93     2407.12     2428.23          7.08
 940626   8    16    10         23.12     1953.73     1976.85          7.68
 940626   9    13    10         62.57     1948.35     1984.50          6.97
 940626  10     5     5         54.00      660.10      714.10          2.73
 940626  11     4     2         47.70      160.77      178.18          1.75
 940626  12     8     3         17.85      409.45      417.30          1.50
 940626  13     6     5          8.73      356.63      365.37          2.55
 940626  14    15     7         21.27     1976.05     1992.68          4.48
 940626  15    10     5         18.92     1968.80     1987.72          3.42
 940626  16    12     5         14.17      901.18      915.35          4.05
 940626  17    12     7         58.90     2013.65     2072.55          4.62
 940626  18    15     7        131.55     2502.88     2544.05          5.30
 940626  19    24    10        197.03     2759.27     2798.63          7.23
 940626  20    19     8        121.78     1775.45     1810.98          4.87
 940626  21    20     9         35.88     2307.15     2339.02          6.38
 940626  22    26     8         69.92     1832.83     1851.90          5.22
 940626  23    31    13         41.23     3489.43     3529.08          9.30
 940626  24    23    12        412.80     3392.85     3805.65          8.82
1
 
                   MAX
            TOTAL  SIM                MAXIMUM CPS                   CONNECT
 DATE  HOUR USERS USERS            IN         OUT       TOTAL         HOURS
 
 
 940627   1    39    14         43.88     2414.42     2450.28          9.45
 940627   2    29    10         60.17     4342.87     4378.03          7.12
 940627   3    35    16         88.02     4591.30     4640.10         11.93
 940627   4    50    22        238.00     4647.28     4749.28         16.27
 940627   5    38    18        226.80     3761.25     3823.03         15.00
 940627   6    29    16         54.08     3636.72     3690.80         12.65
 940627   7    30    14         49.80     2910.18     2959.98          9.78
 940627   8    16     8        153.43     1484.00     1607.50          4.78
 940627   9     8     4         15.47      800.47      812.30          3.43
 940627  10    14     5        823.68      910.30      987.80          3.83
 940627  11    10     5        820.93     2370.70     2390.33          3.03
 940627  12    10     5         12.35      753.47      759.50          1.45
 940627  13     9     4         11.92      656.17      664.27          1.05
 940627  14    16     7         42.27     1364.78     1398.88          3.27
 940627  15    39    11         28.02     1694.58     1722.60          7.07
 940627  16    26     9         24.02     1565.45     1588.68          5.50
 940627  17    23     8         25.08     1841.87     1866.95          5.83
 940627  18    46    14         74.47     3195.17     3240.32          9.27
 940627  19    41    17         83.92     2789.33     2830.20         11.23
 940627  20    36    17         55.47     2938.88     2973.67         11.42
 940627  21    28    11         32.42     2225.93     2253.98          8.23
 940627  22    29    14         50.90     4396.45     4447.35         10.43
 940627  23    36    15         53.17     5461.52     5514.68         10.25
 940627  24    39    17         60.95     5177.75     5227.47         12.82
1
 
                   MAX
            TOTAL  SIM                MAXIMUM CPS                   CONNECT
 DATE  HOUR USERS USERS            IN         OUT       TOTAL         HOURS
 
 
 940628   1    55    17         93.20     4523.08     4571.20         13.48
 940628   2    52    19        175.18     4216.53     4293.13         14.18
 940628   3    43    20         77.83     4846.42     4917.52         16.55
 940628   4    54    27         71.68     4067.97     4139.65         19.13
 940628   5    45    23        795.30     6044.87     6837.87         18.80
 940628   6    48    17         89.25     3557.15     3613.77         13.88
 940628   7    27    13         71.77     2124.68     2196.45          9.60
 940628   8    19    10         40.07     2051.80     2091.87          8.42
 940628   9    16     9         36.25     1361.22     1389.13          8.12
 940628  10    16     9         29.07     1813.88     1837.27          3.42
 940628  11     4     1          8.32        3.42       11.08          0.10
 940628  12     4     2          3.98        5.53        9.52          0.07
 940628  13    16     5         56.20      960.73      989.22          1.37
 940628  14    28     8        146.85     2070.18     2217.03          5.78
 940628  15    34    14         48.87     3233.78     3282.65          7.12
 940628  16    40    15        123.50     4627.48     4681.28         11.98
 940628  17    50    17         62.25     5388.77     5451.02         12.03
 940628  18    36    13        178.72     3059.85     3238.57         10.48
 940628  19    43    17         98.43     3322.35     3404.68         13.07
 940628  20    57    13        661.92     1272.60     1932.23          8.97
 940628  21    62    13        796.67     2394.22     2749.23         10.50
 940628  22    58    15        380.17     3225.78     3283.17         11.62
 940628  23    50    15        375.37     2749.80     3098.60         10.88
 940628  24    28    12        356.92     3447.70     3479.58          6.52
1     MAXIMUM OF MAXIMUM SIMULTANEOUS USERS
 
 
                   MAX
            TOTAL  SIM                MAXIMUM CPS                   CONNECT
 DATE  HOUR USERS USERS            IN         OUT       TOTAL         HOURS
 
 940628   4    54    27         71.68     4067.97     4139.65         19.13
 
 
     MAXIMUM OF CONNECT HOURS
 
 
                   MAX
            TOTAL  SIM                MAXIMUM CPS                   CONNECT
 DATE  HOUR USERS USERS            IN         OUT       TOTAL         HOURS
 
 940624  21    45    23         88.72     5131.02     5219.73         19.98
1
  