1
 
                   MAX
            TOTAL  SIM                MAXIMUM CPS                   CONNECT
 DATE  HOUR USERS USERS            IN         OUT       TOTAL         HOURS
 
 
 940604   1    36    16        113.45     3157.48     3270.93         11.37
 940604   2    20    10         59.82     1266.92     1326.73          6.68
 940604   3    24    12         66.42     1423.57     1467.47          7.38
 940604   4    26    14         30.35     1002.63     1018.93          7.82
 940604   5    30    17         43.80     1759.43     1793.03         14.20
 940604   6    30    13        287.10     2258.87     2545.97          9.50
 940604   7    21    11        341.52     2248.92     2293.10          7.52
 940604   8    20    10        386.68     2174.80     2538.80          7.18
 940604   9    10     6         17.75      521.90      539.65          4.43
 940604  10     6     5         14.60      933.87      948.47          3.67
 940604  11    10     7         18.52      869.75      882.18          4.97
 940604  12    11     8         36.95     1460.38     1493.68          3.55
 940604  13     6     3         17.85      109.35      120.60          1.70
 940604  14    10     4         25.15      519.93      545.08          2.13
 940604  15    10     3          9.62      439.45      447.85          1.03
 940604  16    12     5         17.63      961.82      976.42          2.23
 940604  17    18     7         18.67     1285.88     1303.02          4.67
 940604  18    21     8        672.30     1173.00     1188.67          5.47
 940604  19    30    13        273.58     1729.98     1992.60          7.82
 940604  20    25    15        267.57     2078.47     2336.40          7.55
 940604  21    35    14        172.42     1464.22     1484.98          8.85
 940604  22    27    18        183.78     1490.58     1674.37         16.15
 940604  23    28    16        186.42     1551.73     1731.98         12.23
 940604  24    33    18         36.98      597.57      627.28         13.70
1
 
                   MAX
            TOTAL  SIM                MAXIMUM CPS                   CONNECT
 DATE  HOUR USERS USERS            IN         OUT       TOTAL         HOURS
 
 
 940605   1    30    17         67.43     1434.13     1469.88         14.20
 940605   2    28    19         33.40     1299.80     1330.57         16.05
 940605   3    33    22        154.80      584.08      738.88         18.75
 940605   4    31    21        451.72      852.23     1303.95         18.88
 940605   5    26    11        435.42     1321.58     1345.23          6.95
 940605   6    22    13         32.22     1403.63     1430.75          7.65
 940605   7    12     6         28.95      328.02      356.97          5.00
 940605   8     6     6         20.87      160.58      181.45          4.48
 940605   9     8     7         13.97      298.33      312.30          5.28
 940605  10     7     4         13.75      136.28      141.37          2.90
 940605  11     8     4        135.08      265.60      276.40          2.55
 940605  12     4     4         11.40      296.05      307.45          1.38
 940605  13     4     2         91.18      240.55      244.63          0.60
 940605  14     7     2          5.85      249.65      255.50          1.25
 940605  15     8     3          7.78      501.50      506.53          0.97
 940605  16     8     3         24.92      313.15      338.07          1.05
 940605  17    14     4         49.87      858.90      871.22          2.68
 940605  18     7     5         26.05      474.85      486.23          1.30
 940605  19     8     2          8.08      967.02      975.10          1.12
 940605  20    19     7         23.53     1388.63     1412.17          3.88
 940605  21    20     8         23.00     1012.30     1028.27          6.00
 940605  22    23     6         14.03     1087.85     1100.55          3.98
 940605  23    24     8         64.08      754.70      773.22          4.60
 940605  24    16     8         24.03     1023.70     1047.73          5.10
1
 
                   MAX
            TOTAL  SIM                MAXIMUM CPS                   CONNECT
 DATE  HOUR USERS USERS            IN         OUT       TOTAL         HOURS
 
 
 940606   1    13     6         15.90     1020.23     1029.78          4.70
 940606   2    20    11        531.82     1337.33     1868.72          6.02
 940606   3    29    11         45.17      456.90      477.55          8.62
 940606   4    22     9         29.20     1816.02     1845.22          7.68
 940606   5    26    12        267.17     2128.40     2300.83          8.88
 940606   6    19     9        258.33     1508.02     1766.35          6.42
 940606   7    10     6         22.47      578.77      600.55          3.98
 940606   8    10     6         16.35      879.48      895.83          3.92
 940606   9     6     5         14.20      794.92      809.12          3.07
 940606  10     4     2          6.08      281.20      285.02          1.35
 940606  11     5     3         36.50      268.20      304.62          1.45
 940606  12     2     1          2.50      117.43      119.93          0.22
 940606  13     8     3          5.33      785.17      790.50          0.58
 940606  14    13     6        150.10     1311.98     1462.08          3.78
 940606  15    28    11         20.12      933.18      941.60          5.30
 940606  16    25    11        167.60     2053.50     2221.10          5.47
 940606  17    47     9        539.15     1861.87     2159.18          5.57
 940606  18    83    12        517.63     1560.02     2050.75          9.20
 940606  19    56    10        496.27      300.05      769.47          5.55
 940606  20    55    10         73.15      613.55      686.70          5.55
 940606  21    46    11         53.58     1675.85     1699.17          7.42
 940606  22    29    11         35.12     1712.15     1737.22          8.40
 940606  23    24    12        182.62     1824.47     1856.53          8.03
 940606  24    76    15        119.28     1501.68     1579.58         11.73
1
 
                   MAX
            TOTAL  SIM                MAXIMUM CPS                   CONNECT
 DATE  HOUR USERS USERS            IN         OUT       TOTAL         HOURS
 
 
 940607   1    78    15        104.92     2166.82     2222.83         11.62
 940607   2    88    15         75.30     1407.57     1439.85         11.63
 940607   3    68    18        390.83     1753.42     2144.25         11.20
 940607   4    95    24         77.25     2667.27     2737.60         17.63
 940607   5    79    18        104.32     3004.93     3076.25         12.93
 940607   6    76    13         77.23     1618.92     1665.62         10.05
 940607   7    65    13         58.05      750.37      808.42          8.02
 940607   8    11     7         19.42     1260.05     1279.47          5.22
 940607   9    14     7         20.42     1154.02     1174.43          5.80
 940607  10    13     8         22.63     1235.65     1258.13          5.48
 940607  11     8     6         44.50      430.92      444.78          3.10
 940607  12    13     4        184.78      288.05      296.35          1.47
 940607  13     8     1          3.42        3.58        6.85          0.17
 940607  14    16     4         38.87      527.42      538.05          0.78
 940607  15    34     7         18.67      770.07      785.78          4.42
 940607  16    47    11         46.10      664.97      685.00          5.40
 940607  17    41    13         54.30      564.07      612.33          8.90
 940607  18    28     9         75.17     1104.35     1152.98          6.50
 940607  19    17     8         49.77      831.50      873.45          6.45
 940607  20    24    10         21.93      831.52      848.93          6.28
 940607  21    26    15        357.82     1134.55     1164.95         10.17
 940607  22    22    10         24.08      856.07      880.15          6.52
 940607  23    24    11         28.32     1111.30     1130.37          8.17
 940607  24    27    10         81.97     1360.47     1419.92          7.18
1
 
                   MAX
            TOTAL  SIM                MAXIMUM CPS                   CONNECT
 DATE  HOUR USERS USERS            IN         OUT       TOTAL         HOURS
 
 
 940608   1    32    12         66.72     2290.33     2326.98          6.78
 940608   2    23    12         53.60     1548.42     1588.47          9.07
 940608   3    35    13        172.88     1470.10     1495.63          8.42
 940608   4    37    16        140.67     2460.75     2599.67         12.80
 940608   5    23    14        563.67     4652.13     4697.77          9.03
 940608   6    24    11         36.38     1089.27     1116.03          8.03
 940608   7    22    10         32.63     1249.45     1282.08          8.12
 940608   8    16     8         23.17      624.37      640.73          6.92
 940608   9    14     7         92.68      527.92      559.77          4.53
 940608  10     6     4         15.48      272.82      288.30          2.37
 940608  11     4     2        114.15      219.30      333.45          1.65
 940608  12     4     2          3.92      219.18      223.10          0.97
 940608  13     8     3        110.82      177.78      288.60          0.98
 940608  14    18     7         13.42     1394.08     1406.02          4.60
 940608  15    15     7         46.08     2348.03     2369.27          4.55
 940608  16    29     9         47.63     1646.47     1668.45          6.50
 940608  17    26     9         30.98     1519.15     1536.85          5.75
 940608  18    26    12        224.17     1858.90     1885.85          8.82
 940608  19    28     9         30.93     2018.90     2044.30          7.05
 940608  20    27    11         68.98     1291.30     1360.28          7.53
 940608  21    33    13        128.92     1687.05     1776.73          8.97
 940608  22    20    11         39.62     1885.00     1919.87          6.82
 940608  23    26    10        221.00     1789.35     1860.87          7.25
 940608  24    24    11        219.35     1414.43     1597.55          6.33
1     MAXIMUM OF MAXIMUM SIMULTANEOUS USERS
 
 
                   MAX
            TOTAL  SIM                MAXIMUM CPS                   CONNECT
 DATE  HOUR USERS USERS            IN         OUT       TOTAL         HOURS
 
 940607   4    95    24         77.25     2667.27     2737.60         17.63
 
 
     MAXIMUM OF CONNECT HOURS
 
 
                   MAX
            TOTAL  SIM                MAXIMUM CPS                   CONNECT
 DATE  HOUR USERS USERS            IN         OUT       TOTAL         HOURS
 
 940605   4    31    21        451.72      852.23     1303.95         18.88
1
  