X.25 host 7825
 
                   MAX
            TOTAL  SIM                MAXIMUM CPS                   CONNECT
 DATE  HOUR USERS USERS            IN         OUT       TOTAL         HOURS
 
 
 940707   1     0     0          0.00        0.00        0.00          0.00
 940707   2     6     3          6.45      148.68      155.13          1.40
 940707   3     7     3          8.85       47.35       56.20          0.77
 940707   4     5     3          4.50      111.48      115.98          1.13
 940707   5     4     3          9.57      158.72      168.28          0.88
 940707   6     4     3          5.48      273.53      277.92          1.68
 940707   7     7     4        122.60      332.57      341.77          1.75
 940707   8     1     1          1.58       30.78       32.37          0.05
 940707   9     2     2          3.42      264.77      268.18          0.92
 940707  10     1     1          1.57      201.18      202.75          1.00
 940707  11     1     1          1.57      201.18      202.75          0.63
 940707  12     2     1          2.37       64.35       66.02          0.35
 940707  13     3     1         16.82      136.40      153.22          0.38
 940707  14     0     0          0.00        0.00        0.00          0.00
 940707  15     1     1          2.32       84.67       86.98          0.33
 940707  16     2     1          4.93       49.88       52.22          0.12
 940707  17     3     2          3.95      169.65      172.72          0.98
 940707  18     2     1          9.33       21.00       22.28          0.12
 940707  19     2     1          3.78      180.18      183.97          0.80
 940707  20     3     1          8.87       47.93       51.45          0.10
 940707  21     2     1         14.73       48.28       50.05          0.10
 940707  22     3     2          5.85       99.10      104.95          0.35
 940707  23     4     2          3.82      143.60      147.13          0.63
 940707  24     4     2          4.50      177.68      181.75          0.83
1
 
                   MAX
            TOTAL  SIM                MAXIMUM CPS                   CONNECT
 DATE  HOUR USERS USERS            IN         OUT       TOTAL         HOURS
 
 
 940708   1     6     4         19.20      306.82      312.82          2.50
 940708   2     7     3          6.38      187.00      191.30          2.60
 940708   3     9     4         44.00      321.35      331.25          2.15
 940708   4     5     3          5.42       90.23       95.65          0.88
 940708   5     7     4          7.48      281.57      289.05          1.93
 940708   6     6     3          5.23      203.00      208.23          1.28
 940708   7     3     2         15.78      199.20      201.13          0.95
 940708   8     4     3        207.73      247.85      276.27          1.20
 940708   9     1     1         32.75       20.55       53.30          0.03
 940708  10     1     1          3.45      200.37      203.82          0.07
 940708  11     0     0          0.00        0.00        0.00          0.00
 940708  12     1     1          3.50       20.27       23.77          0.02
 940708  13     2     1        161.95       16.08      178.03          0.08
 940708  14     2     1          2.48      199.78      202.27          0.18
 940708  15     1     1          5.50       59.37       64.87          0.03
 940708  16     3     3         33.05       67.03      100.08          0.20
 940708  17     7     3         21.60      253.15      256.63          1.38
 940708  18     5     2          3.32       85.72       89.03          0.75
 940708  19     2     1          3.65       40.75       42.78          0.13
 940708  20     2     1          3.88       24.63       27.73          0.07
 940708  21     3     3          3.65      120.63      124.28          1.48
 940708  22     4     2          5.62      147.02      152.63          0.95
 940708  23     1     1          1.48      100.25      101.73          0.27
 940708  24     4     2          5.60      111.93      117.53          0.42
1
 
                   MAX
            TOTAL  SIM                MAXIMUM CPS                   CONNECT
 DATE  HOUR USERS USERS            IN         OUT       TOTAL         HOURS
 
 
 940709   1     2     1          2.03       77.43       79.47          0.15
 940709   2     4     1          4.48      111.07      113.38          0.63
 940709   3     9     3          8.95      244.37      253.32          1.40
 940709   4     7     3         12.53      359.88      365.12          1.00
 940709   5     3     2          5.05      140.40      145.45          0.63
 940709   6     2     1          4.83       85.65       90.48          0.20
 940709   7     3     2          3.37      114.30      117.67          0.77
 940709   8     5     3          6.38      201.30      207.68          0.82
 940709   9     4     2         11.37      156.75      161.57          0.85
 940709  10     1     1          4.00      188.82      192.82          0.05
 940709  11     0     0          0.00        0.00        0.00          0.00
 940709  12     1     1          1.08       48.60       49.68          0.42
 940709  13     1     1          1.08       48.60       49.68          0.12
 940709  14     2     2          4.35       81.75       86.10          1.08
 940709  15     4     1          2.83      106.83      109.45          0.82
 940709  16     2     1         11.30      186.80      198.10          0.28
 940709  17     1     1          1.92      199.20      201.12          0.07
 940709  18     2     1          1.92      199.20      201.12          0.50
 940709  19     2     1          2.40       27.98       30.38          0.15
 940709  20     3     2          6.13      121.82      124.88          0.50
 940709  21     7     3         95.68      182.03      270.43          1.23
 940709  22     5     3          6.12      257.62      263.73          1.48
 940709  23     5     2          6.18      279.98      283.55          0.68
 940709  24     5     3          5.72      111.70      116.10          0.98
1
 
                   MAX
            TOTAL  SIM                MAXIMUM CPS                   CONNECT
 DATE  HOUR USERS USERS            IN         OUT       TOTAL         HOURS
 
 
 940710   1     4     3          6.18      182.88      189.07          1.10
 940710   2     5     2          9.37      262.75      266.02          0.93
 940710   3     4     3          7.85      250.48      258.33          1.43
 940710   4     4     2         12.22      127.88      131.07          1.10
 940710   5     5     4          6.10      353.68      358.40          2.72
 940710   6     6     4          6.58      318.08      324.67          2.30
 940710   7     5     3         25.28      469.37      494.65          1.53
 940710   8     3     2          3.07      448.50      451.57          1.87
 940710   9     4     2          6.03      264.10      267.17          1.38
 940710  10     2     1          3.50       30.20       31.48          0.22
 940710  11     0     0          0.00        0.00        0.00          0.00
 940710  12     0     0          0.00        0.00        0.00          0.00
 940710  13     1     1          1.53       59.07       60.60          0.23
 940710  14     2     2          3.10      118.82      121.92          1.22
 940710  15     1     1          1.57       59.75       61.32          0.18
 940710  16     2     1          3.10       28.10       31.20          0.05
 940710  17     2     2         41.70      156.43      198.13          0.20
 940710  18     4     2          4.88      205.47      207.67          0.57
 940710  19     4     2          4.03       87.57       91.60          0.80
 940710  20     5     2          2.28       86.83       88.82          1.12
 940710  21     5     4          9.55      436.15      445.70          1.45
 940710  22     2     2          3.68      220.03      223.72          0.72
 940710  23     6     4          8.40      341.38      349.78          1.90
 940710  24     6     4          7.18      370.72      377.90          1.82
1
 
                   MAX
            TOTAL  SIM                MAXIMUM CPS                   CONNECT
 DATE  HOUR USERS USERS            IN         OUT       TOTAL         HOURS
 
 
 940711   1     3     1          5.50      111.45      115.68          0.47
 940711   2     1     1          3.98       22.90       26.88          0.03
 940711   3     7     4          7.20      345.85      353.05          2.37
 940711   4     4     2          3.15      116.73      118.68          0.80
 940711   5     7     5         21.87      324.87      346.73          1.57
 940711   6     5     3         15.15      207.48      222.63          1.28
 940711   7     2     1          8.95       66.53       75.48          0.07
 940711   8     0     0          0.00        0.00        0.00          0.00
 940711   9     1     1          3.17       19.48       22.65          0.03
 940711  10     0     0          0.00        0.00        0.00          0.00
 940711  11     0     0          0.00        0.00        0.00          0.00
 940711  12     0     0          0.00        0.00        0.00          0.00
 940711  13     0     0          0.00        0.00        0.00          0.00
 940711  14     2     1         23.75       36.85       38.08          0.30
 940711  15     0     0          0.00        0.00        0.00          0.00
 940711  16     1     1          1.88       59.28       61.17          0.07
 940711  17     3     1         20.45       28.98       49.43          0.20
 940711  18     2     1         17.93       40.27       58.20          0.07
 940711  19     5     2          9.50       81.92       85.48          0.73
 940711  20     3     1          4.67       68.23       72.90          0.10
 940711  21     5     2          5.22      111.87      117.08          0.20
 940711  22     6     3         14.22       98.02      112.23          0.92
 940711  23     7     2          7.12      156.20      160.17          0.62
 940711  24     2     2         12.33      137.28      149.62          0.15
1     MAXIMUM OF MAXIMUM SIMULTANEOUS USERS
 
 
                   MAX
            TOTAL  SIM                MAXIMUM CPS                   CONNECT
 DATE  HOUR USERS USERS            IN         OUT       TOTAL         HOURS
 
 940711   5     7     5         21.87      324.87      346.73          1.57
 
 
     MAXIMUM OF CONNECT HOURS
 
 
                   MAX
            TOTAL  SIM                MAXIMUM CPS                   CONNECT
 DATE  HOUR USERS USERS            IN         OUT       TOTAL         HOURS
 
 940710   5     5     4          6.10      353.68      358.40          2.72
1
    