1
 
                   MAX
            TOTAL  SIM                MAXIMUM CPS                   CONNECT
 DATE  HOUR USERS USERS            IN         OUT       TOTAL         HOURS
 
 
 940714   1    45    13        171.78     2907.32     2943.57          8.82
 940714   2    33     9         66.87     2554.57     2590.30          6.00
 940714   3    45    17        508.88     3010.33     3444.95         11.82
 940714   4    55    17        136.68     2630.60     2685.27         13.12
 940714   5    42    16        379.82     1975.10     2354.92          9.57
 940714   6    31    11        475.82     3136.83     3183.60          7.88
 940714   7    30    12         63.68     3084.40     3148.08          8.87
 940714   8    15     5        160.75      755.27      763.00          3.25
 940714   9    32     6         55.10      586.15      594.82          3.25
 940714  10    36     5         29.42      495.02      523.50          2.10
 940714  11    26     3         58.62      344.07      369.32          2.00
 940714  12     7     3          9.33      199.40      207.70          1.85
 940714  13    15     6        162.35      838.52      927.48          4.07
 940714  14    10     5         24.73      605.65      618.53          3.27
 940714  15    18     6        140.80     1564.80     1599.87          4.40
 940714  16    12     4        140.12      980.90     1121.02          1.27
 940714  17    15     3         28.80      257.22      283.08          1.12
 940714  18    18     5         96.03      335.97      399.03          2.63
 940714  19    13     5         15.78      898.22      911.53          3.47
 940714  20    16     6         92.85      976.27     1043.15          3.75
 940714  21    18     8         47.48     1914.62     1948.30          4.07
 940714  22    37    11        180.10     2011.35     2144.20          6.83
 940714  23    29     9        123.57     1530.93     1654.50          4.45
 940714  24    27     8         90.58     1321.00     1360.20          6.18
1
 
                   MAX
            TOTAL  SIM                MAXIMUM CPS                   CONNECT
 DATE  HOUR USERS USERS            IN         OUT       TOTAL         HOURS
 
 
 940715   1    38    13        174.38     3947.73     4122.12          8.53
 940715   2    40    13        170.93     3733.62     3904.55          8.93
 940715   3    44    21         99.37     3339.70     3414.63         13.78
 940715   4    38    14        191.03     1843.50     2034.53         10.53
 940715   5    36    16        108.42     1998.95     2107.37         10.23
 940715   6    34    13         55.97     1546.45     1602.42          7.35
 940715   7    22     8         21.75     1631.72     1652.52          5.50
 940715   8    38    12        162.63     2142.85     2194.75          8.77
 940715   9    37     8        109.57      597.03      658.28          5.57
 940715  10    39     7         31.40      441.37      472.77          4.37
 940715  11    21     7         47.07      769.28      786.53          4.40
 940715  12     6     4         11.70      484.62      496.32          1.57
 940715  13     9     3         31.90       67.43       73.27          1.25
 940715  14    11     4         44.40      368.95      409.37          2.75
 940715  15    20     6         44.73     1468.45     1485.85          3.98
 940715  16    17     9         32.15     1265.65     1296.12          5.60
 940715  17    27     8         62.92     1202.02     1220.25          5.93
 940715  18    30    10        383.93      935.08      948.05          7.27
 940715  19    27    11         83.37     1171.13     1226.28          7.63
 940715  20    27    10        258.87     1171.13     1226.28          6.43
 940715  21    40    11        157.25     1469.27     1489.82          7.27
 940715  22    35    11         85.53     2796.80     2832.28          8.22
 940715  23    40    12         64.23     3531.42     3572.32          8.78
 940715  24    39    17         83.42     3746.62     3806.22         11.93
1
 
                   MAX
            TOTAL  SIM                MAXIMUM CPS                   CONNECT
 DATE  HOUR USERS USERS            IN         OUT       TOTAL         HOURS
 
 
 940716   1    37    10         43.88     2192.27     2226.98          5.70
 940716   2    41    11         68.97     1973.35     2013.55          7.67
 940716   3    51    17        231.23     4888.53     5119.77         11.83
 940716   4    56    19        252.68     5211.93     5444.62         13.88
 940716   5    42    16        245.12     2583.40     2828.52         11.27
 940716   6    36    13         90.40     3502.42     3555.50         10.25
 940716   7    30    12        115.25     2717.77     2752.18          7.92
 940716   8    19     9        206.93     2458.43     2505.55          3.22
 940716   9     9     3         60.28      673.08      684.40          1.47
 940716  10     7     2        444.92      498.07      502.53          0.55
 940716  11     6     3          8.63      368.30      372.78          0.87
 940716  12     4     3         17.62      369.13      386.75          0.75
 940716  13    11     3         14.67     1068.95     1080.18          1.35
 940716  14    12     6        169.82     1102.83     1114.40          3.23
 940716  15     7     5         15.57     1447.47     1463.03          2.33
 940716  16    19     7         39.22     1977.28     2005.97          4.62
 940716  17    25     8         34.78     1841.13     1862.13          4.73
 940716  18    37    12         39.33     3746.57     3785.90          7.13
 940716  19    25     8         30.83     2270.82     2294.70          4.43
 940716  20    24     9         49.40     4034.37     4074.15          4.37
 940716  21    32     9        557.28     2829.23     2855.23          6.22
 940716  22    63    11        727.47     4885.50     4945.40          7.10
 940716  23    38    16         99.42     4663.35     4762.77          7.53
 940716  24    58    11         67.15     2924.28     2987.35          6.63
1
 
                   MAX
            TOTAL  SIM                MAXIMUM CPS                   CONNECT
 DATE  HOUR USERS USERS            IN         OUT       TOTAL         HOURS
 
 
 940717   1    26    10         77.32     2735.63     2812.95          7.63
 940717   2    27    11         80.50     1707.02     1787.52          5.95
 940717   3    35    13         65.67     2110.68     2154.30          8.57
 940717   4    30    12         96.02     3926.05     3987.07          7.33
 940717   5    41    16        277.55     4300.30     4577.85         13.18
 940717   6    34    15        153.23     2541.22     2694.45          9.88
 940717   7    11     8         28.33     2438.87     2467.03          5.23
 940717   8     9     4         13.40     1525.35     1538.75          1.93
 940717   9    11     5        535.93     1623.77     1791.85          2.53
 940717  10    12     4        168.08     1623.77     1791.85          2.43
 940717  11     3     2          6.05      596.10      602.15          0.80
 940717  12     2     2          4.98      646.88      651.87          0.73
 940717  13     6     4         42.67      922.20      933.78          1.73
 940717  14    10     4         11.50     1202.93     1214.40          1.75
 940717  15    11     4         18.57     1836.18     1852.30          2.23
 940717  16    24    11        625.73     2472.40     3098.13          5.73
 940717  17    31    10        630.05     2275.58     2892.75          5.50
 940717  18    16     7         31.82     1372.98     1394.32          3.95
 940717  19    19     7        178.35     1794.75     1824.73          4.67
 940717  20    28     9        162.02     3246.92     3298.43          5.32
 940717  21    25     9         77.42     2151.18     2171.75          4.78
 940717  22    22     9         34.17     1521.22     1550.83          5.15
 940717  23    20     9         45.47     2474.40     2507.28          6.42
 940717  24    35    12        712.82     4112.95     4367.05          6.02
1
 
                   MAX
            TOTAL  SIM                MAXIMUM CPS                   CONNECT
 DATE  HOUR USERS USERS            IN         OUT       TOTAL         HOURS
 
 
 940718   1    46    15        140.80     5563.67     5618.93         11.78
 940718   2    42    13        534.65     4956.48     5007.67          9.60
 940718   3    49    17        513.52     4029.72     4093.57         13.60
 940718   4    58    19         71.60     2855.52     2906.12         14.17
 940718   5    41    16         76.03     3275.47     3329.70         10.08
 940718   6    24     8        781.30     1543.43     1720.18          5.67
 940718   7    19     8         48.95     1784.18     1832.92          4.80
 940718   8    51     7        323.88     1235.78     1269.83          5.28
 940718   9    44     6         36.02     1191.00     1224.30          3.07
 940718  10    13     5         36.03     1006.35     1042.38          1.75
 940718  11     8     4         16.92      339.93      345.80          2.12
 940718  12     9     6         15.73      397.37      413.10          1.42
 940718  13    12     4         28.48      211.58      232.27          2.43
 940718  14    19     6         22.27     1327.13     1341.18          3.48
 940718  15    22     9        185.13     1831.37     2016.50          4.85
 940718  16    24     9        205.15     1798.62     2003.77          4.68
 940718  17    31    10         47.40     1885.92     1921.53          6.70
 940718  18    30     9        103.70     1811.80     1843.48          5.05
 940718  19    29     9         93.83     1437.43     1509.38          6.45
 940718  20    35    10         80.37     2283.60     2339.77          6.35
 940718  21    37    11         64.60     2592.68     2657.28          5.55
 940718  22    28    13        283.00     1484.87     1527.60          6.50
 940718  23    36    12        319.50     1896.30     1969.68          7.07
 940718  24    32     9        147.67     1837.77     1886.02          4.98
1     MAXIMUM OF MAXIMUM SIMULTANEOUS USERS
 
 
                   MAX
            TOTAL  SIM                MAXIMUM CPS                   CONNECT
 DATE  HOUR USERS USERS            IN         OUT       TOTAL         HOURS
 
 940715   3    44    21         99.37     3339.70     3414.63         13.78
 
 
     MAXIMUM OF CONNECT HOURS
 
 
                   MAX
            TOTAL  SIM                MAXIMUM CPS                   CONNECT
 DATE  HOUR USERS USERS            IN         OUT       TOTAL         HOURS
 
 940718   4    58    19         71.60     2855.52     2906.12         14.17
1
  