1
 
                   MAX
            TOTAL  SIM                MAXIMUM CPS                   CONNECT
 DATE  HOUR USERS USERS            IN         OUT       TOTAL         HOURS
 
 
 910518   1     0     0          0.00        0.00        0.00          0.00
 910518   2     0     0          0.00        0.00        0.00          0.00
 910518   3     0     0          0.00        0.00        0.00          0.00
 910518   4     0     0          0.00        0.00        0.00          0.00
 910518   5     0     0          0.00        0.00        0.00          0.00
 910518   6     0     0          0.00        0.00        0.00          0.00
 910518   7     0     0          0.00        0.00        0.00          0.00
 910518   8     0     0          0.00        0.00        0.00          0.00
 910518   9     0     0          0.00        0.00        0.00          0.00
 910518  10     0     0          0.00        0.00        0.00          0.00
 910518  11     0     0          0.00        0.00        0.00          0.00
 910518  12     0     0          0.00        0.00        0.00          0.00
 910518  13     0     0          0.00        0.00        0.00          0.00
 910518  14     0     0          0.00        0.00        0.00          0.00
 910518  15     0     0          0.00        0.00        0.00          0.00
 910518  16     0     0          0.00        0.00        0.00          0.00
 910518  17     0     0          0.00        0.00        0.00          0.00
 910518  18     0     0          0.00        0.00        0.00          0.00
 910518  19     0     0          0.00        0.00        0.00          0.00
 910518  20     0     0          0.00        0.00        0.00          0.00
 910518  21     0     0          0.00        0.00        0.00          0.00
 910518  22     0     0          0.00        0.00        0.00          0.00
 910518  23     0     0          0.00        0.00        0.00          0.00
 910518  24     0     0          0.00        0.00        0.00          0.00
1
 
                   MAX
            TOTAL  SIM                MAXIMUM CPS                   CONNECT
 DATE  HOUR USERS USERS            IN         OUT       TOTAL         HOURS
 
 
 910519   1     0     0          0.00        0.00        0.00          0.00
 910519   2     0     0          0.00        0.00        0.00          0.00
 910519   3     0     0          0.00        0.00        0.00          0.00
 910519   4     0     0          0.00        0.00        0.00          0.00
 910519   5     0     0          0.00        0.00        0.00          0.00
 910519   6     0     0          0.00        0.00        0.00          0.00
 910519   7     0     0          0.00        0.00        0.00          0.00
 910519   8     0     0          0.00        0.00        0.00          0.00
 910519   9     0     0          0.00        0.00        0.00          0.00
 910519  10     0     0          0.00        0.00        0.00          0.00
 910519  11     0     0          0.00        0.00        0.00          0.00
 910519  12     0     0          0.00        0.00        0.00          0.00
 910519  13     0     0          0.00        0.00        0.00          0.00
 910519  14     0     0          0.00        0.00        0.00          0.00
 910519  15     0     0          0.00        0.00        0.00          0.00
 910519  16     0     0          0.00        0.00        0.00          0.00
 910519  17     0     0          0.00        0.00        0.00          0.00
 910519  18     0     0          0.00        0.00        0.00          0.00
 910519  19     0     0          0.00        0.00        0.00          0.00
 910519  20     0     0          0.00        0.00        0.00          0.00
 910519  21     0     0          0.00        0.00        0.00          0.00
 910519  22     0     0          0.00        0.00        0.00          0.00
 910519  23     0     0          0.00        0.00        0.00          0.00
 910519  24     0     0          0.00        0.00        0.00          0.00
1
 
                   MAX
            TOTAL  SIM                MAXIMUM CPS                   CONNECT
 DATE  HOUR USERS USERS            IN         OUT       TOTAL         HOURS
 
 
 910520   1     0     0          0.00        0.00        0.00          0.00
 910520   2     0     0          0.00        0.00        0.00          0.00
 910520   3     0     0          0.00        0.00        0.00          0.00
 910520   4     0     0          0.00        0.00        0.00          0.00
 910520   5     0     0          0.00        0.00        0.00          0.00
 910520   6     0     0          0.00        0.00        0.00          0.00
 910520   7     0     0          0.00        0.00        0.00          0.00
 910520   8     0     0          0.00        0.00        0.00          0.00
 910520   9     0     0          0.00        0.00        0.00          0.00
 910520  10     0     0          0.00        0.00        0.00          0.00
 910520  11     0     0          0.00        0.00        0.00          0.00
 910520  12     0     0          0.00        0.00        0.00          0.00
 910520  13     0     0          0.00        0.00        0.00          0.00
 910520  14     0     0          0.00        0.00        0.00          0.00
 910520  15     0     0          0.00        0.00        0.00          0.00
 910520  16     0     0          0.00        0.00        0.00          0.00
 910520  17     0     0          0.00        0.00        0.00          0.00
 910520  18     0     0          0.00        0.00        0.00          0.00
 910520  19     0     0          0.00        0.00        0.00          0.00
 910520  20     0     0          0.00        0.00        0.00          0.00
 910520  21     0     0          0.00        0.00        0.00          0.00
 910520  22     0     0          0.00        0.00        0.00          0.00
 910520  23     0     0          0.00        0.00        0.00          0.00
 910520  24     0     0          0.00        0.00        0.00          0.00
1
 
                   MAX
            TOTAL  SIM                MAXIMUM CPS                   CONNECT
 DATE  HOUR USERS USERS            IN         OUT       TOTAL         HOURS
 
 
 910521   1     0     0          0.00        0.00        0.00          0.00
 910521   2     0     0          0.00        0.00        0.00          0.00
 910521   3     0     0          0.00        0.00        0.00          0.00
 910521   4     0     0          0.00        0.00        0.00          0.00
 910521   5     0     0          0.00        0.00        0.00          0.00
 910521   6     0     0          0.00        0.00        0.00          0.00
 910521   7     0     0          0.00        0.00        0.00          0.00
 910521   8     0     0          0.00        0.00        0.00          0.00
 910521   9     0     0          0.00        0.00        0.00          0.00
 910521  10     0     0          0.00        0.00        0.00          0.00
 910521  11     0     0          0.00        0.00        0.00          0.00
 910521  12     0     0          0.00        0.00        0.00          0.00
 910521  13     0     0          0.00        0.00        0.00          0.00
 910521  14     0     0          0.00        0.00        0.00          0.00
 910521  15     0     0          0.00        0.00        0.00          0.00
 910521  16     0     0          0.00        0.00        0.00          0.00
 910521  17     0     0          0.00        0.00        0.00          0.00
 910521  18     0     0          0.00        0.00        0.00          0.00
 910521  19     0     0          0.00        0.00        0.00          0.00
 910521  20     0     0          0.00        0.00        0.00          0.00
 910521  21     0     0          0.00        0.00        0.00          0.00
 910521  22     0     0          0.00        0.00        0.00          0.00
 910521  23     0     0          0.00        0.00        0.00          0.00
 910521  24     0     0          0.00        0.00        0.00          0.00
1
 
                   MAX
            TOTAL  SIM                MAXIMUM CPS                   CONNECT
 DATE  HOUR USERS USERS            IN         OUT       TOTAL         HOURS
 
 
 910522   1     0     0          0.00        0.00        0.00          0.00
 910522   2     0     0          0.00        0.00        0.00          0.00
 910522   3     0     0          0.00        0.00        0.00          0.00
 910522   4     0     0          0.00        0.00        0.00          0.00
 910522   5     0     0          0.00        0.00        0.00          0.00
 910522   6     0     0          0.00        0.00        0.00          0.00
 910522   7     0     0          0.00        0.00        0.00          0.00
 910522   8     0     0          0.00        0.00        0.00          0.00
 910522   9     0     0          0.00        0.00        0.00          0.00
 910522  10     0     0          0.00        0.00        0.00          0.00
 910522  11     0     0          0.00        0.00        0.00          0.00
 910522  12     0     0          0.00        0.00        0.00          0.00
 910522  13     0     0          0.00        0.00        0.00          0.00
 910522  14     0     0          0.00        0.00        0.00          0.00
 910522  15     0     0          0.00        0.00        0.00          0.00
 910522  16     0     0          0.00        0.00        0.00          0.00
 910522  17     0     0          0.00        0.00        0.00          0.00
 910522  18     0     0          0.00        0.00        0.00          0.00
 910522  19     0     0          0.00        0.00        0.00          0.00
 910522  20     0     0          0.00        0.00        0.00          0.00
 910522  21     0     0          0.00        0.00        0.00          0.00
 910522  22     0     0          0.00        0.00        0.00          0.00
 910522  23     0     0          0.00        0.00        0.00          0.00
 910522  24     0     0          0.00        0.00        0.00          0.00
1     MAXIMUM OF MAXIMUM SIMULTANEOUS USERS
 
 
                   MAX
            TOTAL  SIM                MAXIMUM CPS                   CONNECT
 DATE  HOUR USERS USERS            IN         OUT       TOTAL         HOURS
 
      0   0     0     0          0.00        0.00        0.00          0.00
 
 
     MAXIMUM OF CONNECT HOURS
 
 
                   MAX
            TOTAL  SIM                MAXIMUM CPS                   CONNECT
 DATE  HOUR USERS USERS            IN         OUT       TOTAL         HOURS
 
      0   0     0     0          0.00        0.00        0.00          0.00
1
  