1
 
                   MAX
            TOTAL  SIM                MAXIMUM CPS                   CONNECT
 DATE  HOUR USERS USERS            IN         OUT       TOTAL         HOURS
 
 
 910119   1     0     0          0.00        0.00        0.00          0.00
 910119   2     0     0          0.00        0.00        0.00          0.00
 910119   3     0     0          0.00        0.00        0.00          0.00
 910119   4     0     0          0.00        0.00        0.00          0.00
 910119   5     0     0          0.00        0.00        0.00          0.00
 910119   6     0     0          0.00        0.00        0.00          0.00
 910119   7     0     0          0.00        0.00        0.00          0.00
 910119   8     0     0          0.00        0.00        0.00          0.00
 910119   9     0     0          0.00        0.00        0.00          0.00
 910119  10     0     0          0.00        0.00        0.00          0.00
 910119  11     0     0          0.00        0.00        0.00          0.00
 910119  12     0     0          0.00        0.00        0.00          0.00
 910119  13     0     0          0.00        0.00        0.00          0.00
 910119  14     0     0          0.00        0.00        0.00          0.00
 910119  15     0     0          0.00        0.00        0.00          0.00
 910119  16     0     0          0.00        0.00        0.00          0.00
 910119  17     0     0          0.00        0.00        0.00          0.00
 910119  18     0     0          0.00        0.00        0.00          0.00
 910119  19     0     0          0.00        0.00        0.00          0.00
 910119  20     0     0          0.00        0.00        0.00          0.00
 910119  21     0     0          0.00        0.00        0.00          0.00
 910119  22     0     0          0.00        0.00        0.00          0.00
 910119  23     0     0          0.00        0.00        0.00          0.00
 910119  24     0     0          0.00        0.00        0.00          0.00
1
 
                   MAX
            TOTAL  SIM                MAXIMUM CPS                   CONNECT
 DATE  HOUR USERS USERS            IN         OUT       TOTAL         HOURS
 
 
 910120   1     0     0          0.00        0.00        0.00          0.00
 910120   2     0     0          0.00        0.00        0.00          0.00
 910120   3     0     0          0.00        0.00        0.00          0.00
 910120   4     0     0          0.00        0.00        0.00          0.00
 910120   5     0     0          0.00        0.00        0.00          0.00
 910120   6     0     0          0.00        0.00        0.00          0.00
 910120   7     0     0          0.00        0.00        0.00          0.00
 910120   8     0     0          0.00        0.00        0.00          0.00
 910120   9     0     0          0.00        0.00        0.00          0.00
 910120  10     0     0          0.00        0.00        0.00          0.00
 910120  11     0     0          0.00        0.00        0.00          0.00
 910120  12     0     0          0.00        0.00        0.00          0.00
 910120  13     0     0          0.00        0.00        0.00          0.00
 910120  14     0     0          0.00        0.00        0.00          0.00
 910120  15     0     0          0.00        0.00        0.00          0.00
 910120  16     0     0          0.00        0.00        0.00          0.00
 910120  17     0     0          0.00        0.00        0.00          0.00
 910120  18     0     0          0.00        0.00        0.00          0.00
 910120  19     0     0          0.00        0.00        0.00          0.00
 910120  20     0     0          0.00        0.00        0.00          0.00
 910120  21     0     0          0.00        0.00        0.00          0.00
 910120  22     0     0          0.00        0.00        0.00          0.00
 910120  23     0     0          0.00        0.00        0.00          0.00
 910120  24     0     0          0.00        0.00        0.00          0.00
1
 
                   MAX
            TOTAL  SIM                MAXIMUM CPS                   CONNECT
 DATE  HOUR USERS USERS            IN         OUT       TOTAL         HOURS
 
 
 910121   1     0     0          0.00        0.00        0.00          0.00
 910121   2     0     0          0.00        0.00        0.00          0.00
 910121   3     0     0          0.00        0.00        0.00          0.00
 910121   4     0     0          0.00        0.00        0.00          0.00
 910121   5     0     0          0.00        0.00        0.00          0.00
 910121   6     0     0          0.00        0.00        0.00          0.00
 910121   7     0     0          0.00        0.00        0.00          0.00
 910121   8     0     0          0.00        0.00        0.00          0.00
 910121   9     0     0          0.00        0.00        0.00          0.00
 910121  10     0     0          0.00        0.00        0.00          0.00
 910121  11     0     0          0.00        0.00        0.00          0.00
 910121  12     0     0          0.00        0.00        0.00          0.00
 910121  13     0     0          0.00        0.00        0.00          0.00
 910121  14     0     0          0.00        0.00        0.00          0.00
 910121  15     0     0          0.00        0.00        0.00          0.00
 910121  16     0     0          0.00        0.00        0.00          0.00
 910121  17     0     0          0.00        0.00        0.00          0.00
 910121  18     0     0          0.00        0.00        0.00          0.00
 910121  19     0     0          0.00        0.00        0.00          0.00
 910121  20     0     0          0.00        0.00        0.00          0.00
 910121  21     0     0          0.00        0.00        0.00          0.00
 910121  22     0     0          0.00        0.00        0.00          0.00
 910121  23     0     0          0.00        0.00        0.00          0.00
 910121  24     0     0          0.00        0.00        0.00          0.00
1
 
                   MAX
            TOTAL  SIM                MAXIMUM CPS                   CONNECT
 DATE  HOUR USERS USERS            IN         OUT       TOTAL         HOURS
 
 
 910122   1     0     0          0.00        0.00        0.00          0.00
 910122   2     0     0          0.00        0.00        0.00          0.00
 910122   3     0     0          0.00        0.00        0.00          0.00
 910122   4     0     0          0.00        0.00        0.00          0.00
 910122   5     0     0          0.00        0.00        0.00          0.00
 910122   6     0     0          0.00        0.00        0.00          0.00
 910122   7     0     0          0.00        0.00        0.00          0.00
 910122   8     0     0          0.00        0.00        0.00          0.00
 910122   9     0     0          0.00        0.00        0.00          0.00
 910122  10     0     0          0.00        0.00        0.00          0.00
 910122  11     0     0          0.00        0.00        0.00          0.00
 910122  12     0     0          0.00        0.00        0.00          0.00
 910122  13     0     0          0.00        0.00        0.00          0.00
 910122  14     0     0          0.00        0.00        0.00          0.00
 910122  15     0     0          0.00        0.00        0.00          0.00
 910122  16     0     0          0.00        0.00        0.00          0.00
 910122  17     0     0          0.00        0.00        0.00          0.00
 910122  18     0     0          0.00        0.00        0.00          0.00
 910122  19     0     0          0.00        0.00        0.00          0.00
 910122  20     0     0          0.00        0.00        0.00          0.00
 910122  21     0     0          0.00        0.00        0.00          0.00
 910122  22     0     0          0.00        0.00        0.00          0.00
 910122  23     0     0          0.00        0.00        0.00          0.00
 910122  24     0     0          0.00        0.00        0.00          0.00
1
 
                   MAX
            TOTAL  SIM                MAXIMUM CPS                   CONNECT
 DATE  HOUR USERS USERS            IN         OUT       TOTAL         HOURS
 
 
 910123   1     0     0          0.00        0.00        0.00          0.00
 910123   2     0     0          0.00        0.00        0.00          0.00
 910123   3     0     0          0.00        0.00        0.00          0.00
 910123   4     0     0          0.00        0.00        0.00          0.00
 910123   5     0     0          0.00        0.00        0.00          0.00
 910123   6     0     0          0.00        0.00        0.00          0.00
 910123   7     0     0          0.00        0.00        0.00          0.00
 910123   8     0     0          0.00        0.00        0.00          0.00
 910123   9     0     0          0.00        0.00        0.00          0.00
 910123  10     0     0          0.00        0.00        0.00          0.00
 910123  11     0     0          0.00        0.00        0.00          0.00
 910123  12     0     0          0.00        0.00        0.00          0.00
 910123  13     0     0          0.00        0.00        0.00          0.00
 910123  14     0     0          0.00        0.00        0.00          0.00
 910123  15     0     0          0.00        0.00        0.00          0.00
 910123  16     0     0          0.00        0.00        0.00          0.00
 910123  17     0     0          0.00        0.00        0.00          0.00
 910123  18     0     0          0.00        0.00        0.00          0.00
 910123  19     0     0          0.00        0.00        0.00          0.00
 910123  20     0     0          0.00        0.00        0.00          0.00
 910123  21     0     0          0.00        0.00        0.00          0.00
 910123  22     0     0          0.00        0.00        0.00          0.00
 910123  23     0     0          0.00        0.00        0.00          0.00
 910123  24     0     0          0.00        0.00        0.00          0.00
1     MAXIMUM OF MAXIMUM SIMULTANEOUS USERS
 
 
                   MAX
            TOTAL  SIM                MAXIMUM CPS                   CONNECT
 DATE  HOUR USERS USERS            IN         OUT       TOTAL         HOURS
 
      0   0     0     0          0.00        0.00        0.00          0.00
 
 
     MAXIMUM OF CONNECT HOURS
 
 
                   MAX
            TOTAL  SIM                MAXIMUM CPS                   CONNECT
 DATE  HOUR USERS USERS            IN         OUT       TOTAL         HOURS
 
      0   0     0     0          0.00        0.00        0.00          0.00
1
  