GEN A SIMPLE PLOT.
NO LEGEND.
X PAGE 17.
Y PAGE 11.
X AXIS LENGTH 15.0.
Y AXIS LENGTH 10.0.
X AXIS MINIMUM 0, MAXIMUM 15, STEP SIZE .5.
Y AXIS MINIMUM 0, MAXIMUM 10, STEP SIZE .5.
X ORIGIN 0.
Y ORIGIN 0.
NO PAGE BORDER.
NO X AXIS.
NO Y AXIS.
ALL CURVE SYMBOL COUNT 0.
ALL CURVE TEXTURE 1.
ALL CURVE COLOR BLACK.
CURVE 1 DATA VALUES

 27.998,24.895 27.999,24.947 28,24.999 27.999,25.052 27.998,25.104
 27.992,25.209 27.988,25.261 27.983,25.313 27.977,25.365 27.970,25.417
 27.954,25.520 27.944,25.572 27.934,25.623 27.923,25.674 27.910,25.725
 27.883,25.826 27.869,25.876 27.853,25.926 27.836,25.976 27.819,26.025
 27.781,26.123 27.761,26.171 27.740,26.219 27.719,26.267 27.696,26.314
 27.649,26.408 27.624,26.454 27.598,26.499 27.571,26.544 27.544,26.589
 27.487,26.677 27.457,26.720 27.427,26.762 27.396,26.805 27.364,26.846
 27.298,26.927 27.264,26.967 27.229,27.006 27.194,27.045 27.158,27.083
 27.084,27.157 27.046,27.193 27.007,27.229 26.968,27.263 26.928,27.297
 26.847,27.363 26.805,27.395 26.763,27.426 26.721,27.457 26.678,27.486
 26.590,27.543 26.545,27.571 26.500,27.597 26.455,27.623 26.409,27.648
 26.315,27.696 26.268,27.718 26.220,27.740 26.172,27.761 26.124,27.781
 26.026,27.818 25.977,27.836 25.927,27.852 25.877,27.868 25.827,27.883
 25.726,27.910 25.675,27.922 25.624,27.934 25.573,27.944 25.521,27.954
 25.418,27.970 25.366,27.977 25.314,27.983 25.262,27.988 25.210,27.992
 25.105,27.998 25.053,27.999 25.001,28 24.948,27.999 24.896,27.998
 24.791,27.992 24.739,27.988 24.687,27.983 24.635,27.977 24.583,27.970
 24.480,27.954 24.428,27.945 24.377,27.934 24.326,27.923 24.275,27.911
 24.174,27.884 24.124,27.869 24.074,27.853 24.024,27.836 23.975,27.819
 23.877,27.782 23.828,27.762 23.780,27.741 23.733,27.719 23.686,27.696
 23.592,27.649 23.546,27.624 23.501,27.598 23.456,27.572 23.411,27.544
 23.323,27.487 23.280,27.458 23.237,27.427 23.195,27.396 23.154,27.364
 23.072,27.299 23.032,27.265 22.993,27.230 22.955,27.195 22.917,27.159
 22.843,27.085 22.806,27.047 22.771,27.008 22.736,26.969 22.702,26.929
 22.636,26.848 22.605,26.806 22.573,26.764 22.543,26.722 22.513,26.678
 22.456,26.591 22.429,26.546 22.402,26.501 22.376,26.455 22.351,26.409
 22.304,26.316 22.281,26.269 22.260,26.221 22.239,26.173 22.219,26.125
 22.181,26.027 22.164,25.978 22.147,25.928 22.131,25.878 22.116,25.828
 22.089,25.727 22.077,25.676 22.065,25.625 22.055,25.574 22.045,25.522
 22.029,25.419 22.022,25.367 22.016,25.315 22.011,25.263 22.007,25.211
 22.001,25.106 22.000,25.054 22,25.001 22.000,24.949 22.001,24.897
 22.007,24.792 22.011,24.740 22.016,24.688 22.022,24.636 22.028,24.584
 22.045,24.481 22.054,24.429 22.065,24.378 22.076,24.327 22.088,24.276
 22.115,24.175 22.130,24.124 22.146,24.074 22.162,24.025 22.180,23.975
 22.217,23.878 22.237,23.829 22.258,23.781 22.280,23.734 22.302,23.686
 22.350,23.593 22.375,23.547 22.400,23.501 22.427,23.456 22.454,23.412
 22.511,23.324 22.541,23.281 22.571,23.238 22.602,23.196 22.634,23.154
 22.700,23.073 22.734,23.033 22.769,22.994 22.804,22.955 22.840,22.917
 22.914,22.843 22.952,22.807 22.990,22.772 23.03,22.737 23.069,22.703
 23.151,22.637 23.192,22.605 23.234,22.574 23.277,22.543 23.320,22.514
 23.408,22.457 23.452,22.429 23.497,22.403 23.543,22.377 23.589,22.352
 23.682,22.304 23.729,22.282 23.777,22.260 23.825,22.239 23.873,22.219
 23.971,22.181 24.020,22.164 24.070,22.147 24.120,22.131 24.170,22.116
 24.271,22.089 24.322,22.077 24.373,22.066 24.424,22.055 24.476,22.046
 24.579,22.029 24.631,22.022 24.683,22.016 24.735,22.011 24.787,22.007
 24.892,22.001 24.944,22.000 24.997,22 25.049,22.000 25.101,22.001
 25.206,22.007 25.258,22.011 25.310,22.016 25.362,22.022 25.414,22.028
 25.518,22.045 25.569,22.054 25.620,22.064 25.671,22.076 25.722,22.088
 25.824,22.115 25.874,22.130 25.924,22.145 25.973,22.162 26.023,22.179
 26.121,22.217 26.169,22.237 26.217,22.258 26.265,22.279 26.312,22.302
 26.405,22.349 26.451,22.374 26.497,22.400 26.542,22.426 26.587,22.454
 26.674,22.511 26.718,22.540 26.760,22.571 26.802,22.602 26.844,22.634
 26.925,22.699 26.965,22.733 27.004,22.768 27.043,22.803 27.081,22.839
 27.155,22.913 27.191,22.951 27.227,22.990 27.261,23.029 27.296,23.069
 27.361,23.150 27.393,23.191 27.425,23.233 27.455,23.276 27.485,23.319
 27.542,23.407 27.569,23.451 27.596,23.497 27.622,23.542 27.647,23.588
 27.694,23.681 27.717,23.729 27.739,23.776 27.760,23.824 27.780,23.872
 27.817,23.970 27.835,24.019 27.852,24.069 27.867,24.119 27.882,24.169
 27.910,24.270 27.922,24.321 27.933,24.372 27.944,24.424 27.953,24.475
 27.970,24.578 27.977,24.630 27.983,24.682 27.988,24.734 27.992,24.787
 27.998,24.891 27.999,24.943 28,24.996
.
CURVE 1 SYMBOL COUNT 0
        SYMBOL BLANKING OFF
        THICKNESS 22.
CURVE 2 DATA VALUES
22.741,25.709 23.838,26.741 26.032,27.193
25.258,26.419 25.709,24.548 27.193,25.838
27.322,24.613 25.838,23.193 25,23.258
22.741,25.709.
CURVE 2  SYMBOL COUNT 1
         SYMBOL SIZE 1
         SYMBOL TYPE BULLET.
CURVE 3 DATA VALUES
27.193,25.838 26.548,24.742 25.709,24.548
25,23.258 26.548,24.742 25.838,23.193.
CURVE 3  SYMBOL COUNT 1
         SYMBOL SIZE 1
         SYMBOL TYPE BULLET.
CURVE 4 DATA VALUES 25,23.258 24.548,26.225.
CURVE 4  SYMBOL COUNT 1
         SYMBOL SIZE 1
         SYMBOL TYPE BULLET.
CURVE 5 DATA VALUES 24.548,26.225 23.838,26.741.
CURVE 5  SYMBOL COUNT 1
         SYMBOL SIZE 1
         SYMBOL TYPE BULLET.
CURVE 6 DATA VALUES 24.548,26.225 25.258,26.419.
CURVE 6  SYMBOL COUNT 1
         SYMBOL SIZE 1
         SYMBOL TYPE BULLET.
CURVE 7 DATA VALUES 22.096,25.838 22.741,25.709.
CURVE 8 DATA VALUES 23.322,27.451 23.838,26.741.
CURVE 9 DATA VALUES 26.354,27.645 26.032,27.193.
CURVE 10 DATA VALUES 27.806,26.032 27.193,25.838.
CURVE 11 DATA VALUES 27.903,24.258 27.322,24.613.
CURVE 12 DATA VALUES 25.903,22.129 25.838,23.193.
CURVE 13 DATA VALUES 24.613,22 25,23.258.
CURVE 14 DATA VALUES 20.453,27.451 23.161,27.451.
CURVE 15 DATA VALUES 20.453,26.225 22.225,26.225.
CURVE 16 DATA VALUES 20.453,25 21.967,25.
CURVE 17 DATA VALUES 20.453,23.774 22.225,23.774.
CURVE 18 DATA VALUES 20.453,22.548 23.161,22.548.
CURVE 19 DATA VALUES 29.546,27.451 26.838,27.451.
CURVE 20 DATA VALUES 29.546,26.225 27.774,26.225.
CURVE 21 DATA VALUES 29.546,25 28.032,25.
CURVE 22 DATA VALUES 29.546,23.774 27.774,23.774.
CURVE 23 DATA VALUES 29.546,22.548 26.838,22.548.
GO.
