      102684    1019503    404362    260.23      7.00
      102284    1019597    404361     28.00      4.00
      102584    1019756    404361    131.60      8.75
      102685    1019757    404361     16.00      9.00
      103084    1019813    404361    156.72      8.00
      110184    1019953    404363    142.70     15.75
      110284    1019955    404363     25.00      3.75
      110984    1020080    404363    112.50      8.00
      111284    1020158    404363    144.10      6.75
      111384    1020161    404363       .00      5.75
      111384    1020163    404363     31.63     12.75
      111684    1020376    404364    111.00      9.50
      111984    1020381    404364    164.00      5.50
      112084    1020382    404364       .00      6.50
      112084    1020383    404364     34.00      7.75
      112984    1020384    376709       .00      1.50
      112984    1020387    376709       .00      5.50
      112984    1020501    376709    166.88      7.50
      120684    1020502    376709       .00      6.00
      120684    1020693    376709    268.14      9.00
      120884    1020719    366712       .00      6.00
      120884    1020721    366712       .00      5.00
      120884    1020726    366712    161.77     11.00
      121184    1020792    366712    190.37      4.75
      121984    1021055    376723     90.00     10.50
      121984    1021058    376723       .00       .75
      121984    1021060    376723     28.00      2.75
      122684    1021062    376723       .00      7.50
      122684    1021193    376723    158.05      9.00
      122784    1021195    376723     13.00      8.00
      010385    1021341    376746     88.00     18.50
      010385    1021341    376746     24.28       .00
      010785    1021393    376746    170.38      8.50
      010885    1021431    376729    251.18     11.25
      012385    1021972    339953    176.19     13.00
      012485    1021975    339953       .00     13.75
      012885    1022098    339952       .00     14.25
      012985    1022100    339952    286.94     11.00
      020585    1022226         0     97.00     12.00
      020785    1022314    339954    180.48     11.25
      021185    1022386    339955    184.40     11.00
      021285    1022407    339950    186.40     12.50
      032585    1023469    339957    206.82      9.50
      032685    1023471    339957       .00     16.75
      040285    1023681    339962    125.21      7.50
      040285    1023687    339962       .00     11.25
      040885    1023747    339964    174.10      8.00
      040985    1023778    339963    219.01     13.00
      042485    1024162    042885    157.70      6.25
      042485    1024163    042885       .00      8.50
      043085    1024348    339966    224.19     15.00
      050185    1024384    339966       .00     15.25
      050785    1024551    339967    308.72     10.50
      050885    1024556    339967       .00      8.50
      050885    1024558    339967       .00      3.25
      050985    1024560    339967       .00     18.00
      051985    1024994    000000     87.40     20.00
      051985    1024998    000000     87.40     18.00
      052985    1025023         0     81.00     11.00
      053185    1025100    060985    112.40     16.50
      062685    1025656    339975     97.95     12.00
      062385    1025783    339974    187.25     10.25
      052385    1025822    339978    180.54      8.50
      071585    1026050    072085     90.40     14.00
      073085    1026318         0     82.00     10.00
      850810    1026742    000000       .00      8.00
      850810    1026743    000000    121.80      5.50
      850819    1026765    339976    213.35     14.50
      850820    1026781    339976       .00     17.50
