1
 
                   MAX
            TOTAL  SIM                MAXIMUM CPS                   CONNECT
 DATE  HOUR USERS USERS            IN         OUT       TOTAL         HOURS
 
 
 921019   1     1     1          1.85       10.63       12.48          0.73
 921019   2     1     1          4.17      115.57      119.73          0.03
 921019   3     1     1          4.17      115.57      119.73          0.05
 921019   4     0     0          0.00        0.00        0.00          0.00
 921019   5     0     0          0.00        0.00        0.00          0.00
 921019   6     0     0          0.00        0.00        0.00          0.00
 921019   7     0     0          0.00        0.00        0.00          0.00
 921019   8     0     0          0.00        0.00        0.00          0.00
 921019   9     0     0          0.00        0.00        0.00          0.00
 921019  10     0     0          0.00        0.00        0.00          0.00
 921019  11     1     1          0.62        2.70        3.32          0.33
 921019  12     7     2          7.85      133.00      136.60          1.35
 921019  13    31     8         16.60      257.28      273.88          4.30
 921019  14    33    10         19.40      310.85      326.43          5.17
 921019  15    55    14         26.13      437.90      464.03          9.07
 921019  16    54    14         23.75      338.53      362.28          9.48
 921019  17    41    11         22.20      362.08      384.28          6.68
 921019  18    37    11         20.40      220.82      241.22          7.18
 921019  19    55    17         32.10      555.42      587.52          8.37
 921019  20    64    15         26.88      415.62      442.50         11.12
 921019  21    44    12         17.73      255.57      271.83          8.62
 921019  22    24     8         13.53      164.52      177.07          4.27
 921019  23    12     6         15.08      145.38      160.47          2.57
 921019  24    12     4          9.30       93.00      102.30          1.80
1
 
                   MAX
            TOTAL  SIM                MAXIMUM CPS                   CONNECT
 DATE  HOUR USERS USERS            IN         OUT       TOTAL         HOURS
 
 
 921020   1     2     2          2.45       30.47       32.92          0.18
 921020   2     0     0          0.00        0.00        0.00          0.00
 921020   3     0     0          0.00        0.00        0.00          0.00
 921020   4     2     1          2.75       71.28       74.03          0.22
 921020   5     1     1          4.38       44.70       49.08          0.15
 921020   6     0     0          0.00        0.00        0.00          0.00
 921020   7     0     0          0.00        0.00        0.00          0.00
 921020   8     0     0          0.00        0.00        0.00          0.00
 921020   9     0     0          0.00        0.00        0.00          0.00
 921020  10     0     0          0.00        0.00        0.00          0.00
 921020  11     2     1          2.43       79.47       81.90          0.20
 921020  12     6     3          5.95      209.28      215.23          0.63
 921020  13    29     9         14.53      254.03      268.48          5.03
 921020  14    45    12         19.13      251.93      270.72          8.32
 921020  15    44    13         21.20      312.18      333.38          7.00
 921020  16    61    16         21.87      389.67      411.53         10.58
 921020  17    52    15         21.12      287.80      308.92          9.05
 921020  18    49    14         26.35      395.45      421.80         10.55
 921020  19    41    13         25.75      375.05      396.82          8.43
 921020  20    58    14         26.07      329.43      355.50          8.75
 921020  21    45    13         28.98      333.78      355.30          9.00
 921020  22    36     9         16.63      231.75      248.38          5.25
 921020  23    11     4          6.95       81.40       88.35          1.53
 921020  24     9     3          4.25       93.57       97.82          0.88
1
 
                   MAX
            TOTAL  SIM                MAXIMUM CPS                   CONNECT
 DATE  HOUR USERS USERS            IN         OUT       TOTAL         HOURS
 
 
 921021   1     4     1         11.35       96.73      108.08          0.25
 921021   2     0     0          0.00        0.00        0.00          0.00
 921021   3     2     1          6.32       68.95       72.38          0.22
 921021   4     1     1          2.13       52.18       54.32          0.05
 921021   5     0     0          0.00        0.00        0.00          0.00
 921021   6     1     1          4.07       45.63       49.70          0.05
 921021   7     1     1          4.07       45.63       49.70          0.10
 921021   8     0     0          0.00        0.00        0.00          0.00
 921021   9     0     0          0.00        0.00        0.00          0.00
 921021  10     0     0          0.00        0.00        0.00          0.00
 921021  11     0     0          0.00        0.00        0.00          0.00
 921021  12     9     4          4.93      103.85      108.78          1.02
 921021  13    19     6         10.57      222.60      233.17          2.78
 921021  14    33    11         19.55      285.75      299.52          6.28
 921021  15    41     9         15.48      226.53      239.87          5.08
 921021  16    41    16         21.63      309.15      330.78          9.65
 921021  17    50    14         23.37      270.37      293.73          8.73
 921021  18    39     8         17.58      268.75      284.40          6.15
 921021  19    52    16         24.72      410.73      435.45          8.83
 921021  20    56    14         19.45      297.08      316.05          9.88
 921021  21    48    16         29.27      363.55      392.82         11.15
 921021  22    39    11         28.93      311.15      335.98          7.47
 921021  23    12     5          4.73       61.85       66.58          2.30
 921021  24     9     3          4.35       67.63       71.98          1.30
1
 
                   MAX
            TOTAL  SIM                MAXIMUM CPS                   CONNECT
 DATE  HOUR USERS USERS            IN         OUT       TOTAL         HOURS
 
 
 921022   1     1     1          1.50       39.27       40.77          0.20
 921022   2     1     1          1.13       11.90       13.03          0.17
 921022   3     1     1          2.27       73.62       75.88          0.05
 921022   4     1     1          2.72       16.58       19.30          0.55
 921022   5     1     1          2.72       16.58       19.30          0.18
 921022   6     0     0          0.00        0.00        0.00          0.00
 921022   7     0     0          0.00        0.00        0.00          0.00
 921022   8     0     0          0.00        0.00        0.00          0.00
 921022   9     0     0          0.00        0.00        0.00          0.00
 921022  10     0     0          0.00        0.00        0.00          0.00
 921022  11     1     1          1.82       82.12       83.93          0.07
 921022  12     5     2          3.72       62.42       66.13          0.38
 921022  13    20     7         15.35      197.98      213.18          2.52
 921022  14    39    12         20.08      349.58      369.67          6.02
 921022  15    30    13         20.33      392.02      409.93          7.98
 921022  16    51    12         20.43      370.97      390.20          8.90
 921022  17    33     8         13.48      197.20      205.13          4.97
 921022  18    34    10         15.13      242.03      255.95          4.50
 921022  19    49    14         26.92      301.70      327.10          9.27
 921022  20    56    13         20.75      289.22      307.55          9.12
 921022  21    52    13         22.05      242.08      264.13          8.15
 921022  22    33    10         17.45      229.98      241.95          6.03
 921022  23    19     5         10.03      156.32      163.02          2.07
 921022  24     5     3          3.58      104.98      108.57          0.58
1
 
                   MAX
            TOTAL  SIM                MAXIMUM CPS                   CONNECT
 DATE  HOUR USERS USERS            IN         OUT       TOTAL         HOURS
 
 
 921023   1     1     1          1.73       20.83       22.57          0.22
 921023   2     0     0          0.00        0.00        0.00          0.00
 921023   3     2     2          5.33       86.53       91.87          0.43
 921023   4     0     0          0.00        0.00        0.00          0.00
 921023   5     0     0          0.00        0.00        0.00          0.00
 921023   6     0     0          0.00        0.00        0.00          0.00
 921023   7     0     0          0.00        0.00        0.00          0.00
 921023   8     0     0          0.00        0.00        0.00          0.00
 921023   9     0     0          0.00        0.00        0.00          0.00
 921023  10     0     0          0.00        0.00        0.00          0.00
 921023  11     0     0          0.00        0.00        0.00          0.00
 921023  12     3     3          3.95       79.63       83.58          0.57
 921023  13    14     5         13.85      176.35      190.12          2.35
 921023  14    37    13         14.80      329.33      341.00          6.15
 921023  15    42    14         25.12      338.40      363.52          7.57
 921023  16    41    12         16.08      296.93      312.40          7.98
 921023  17    43    15         25.18      409.88      435.07          6.92
 921023  18    34     8         12.50      172.60      185.10          4.67
 921023  19    36     9         13.37      194.00      205.50          7.02
 921023  20    31    13         16.72      293.33      307.17          8.12
 921023  21    43    10         18.65      256.35      275.00          6.35
 921023  22    27     8         16.20      224.93      241.13          3.83
 921023  23    10     4          7.05       81.40       88.45          1.03
 921023  24     4     2          5.05       46.88       48.23          0.57
1     MAXIMUM OF MAXIMUM SIMULTANEOUS USERS
 
 
                   MAX
            TOTAL  SIM                MAXIMUM CPS                   CONNECT
 DATE  HOUR USERS USERS            IN         OUT       TOTAL         HOURS
 
 921019  19    55    17         32.10      555.42      587.52          8.37
 
 
     MAXIMUM OF CONNECT HOURS
 
 
                   MAX
            TOTAL  SIM                MAXIMUM CPS                   CONNECT
 DATE  HOUR USERS USERS            IN         OUT       TOTAL         HOURS
 
 921021  21    48    16         29.27      363.55      392.82         11.15
1
  