1
 
                   MAX
            TOTAL  SIM                MAXIMUM CPS                   CONNECT
 DATE  HOUR USERS USERS            IN         OUT       TOTAL         HOURS
 
 
 930111   1     0     0          0.00        0.00        0.00          0.00
 930111   2     0     0          0.00        0.00        0.00          0.00
 930111   3     0     0          0.00        0.00        0.00          0.00
 930111   4     0     0          0.00        0.00        0.00          0.00
 930111   5     0     0          0.00        0.00        0.00          0.00
 930111   6     0     0          0.00        0.00        0.00          0.00
 930111   7     0     0          0.00        0.00        0.00          0.00
 930111   8     0     0          0.00        0.00        0.00          0.00
 930111   9     0     0          0.00        0.00        0.00          0.00
 930111  10     0     0          0.00        0.00        0.00          0.00
 930111  11     0     0          0.00        0.00        0.00          0.00
 930111  12     0     0          0.00        0.00        0.00          0.00
 930111  13     0     0          0.00        0.00        0.00          0.00
 930111  14     3     1          7.75       26.78       34.53          0.43
 930111  15     5     2          4.95       24.20       29.15          0.60
 930111  16     6     2          6.38       23.65       28.45          0.48
 930111  17     7     2          7.27       72.20       79.47          0.52
 930111  18     7     3          7.02       60.52       67.53          1.15
 930111  19     7     2          5.35       43.80       49.15          0.93
 930111  20    13     3          4.68       44.30       48.98          1.82
 930111  21     9     4          6.23       53.83       60.07          2.27
 930111  22     8     3          6.32       53.93       59.20          1.47
 930111  23     4     2          6.73       52.88       59.62          0.22
 930111  24     0     0          0.00        0.00        0.00          0.00
1
 
                   MAX
            TOTAL  SIM                MAXIMUM CPS                   CONNECT
 DATE  HOUR USERS USERS            IN         OUT       TOTAL         HOURS
 
 
 930112   1     0     0          0.00        0.00        0.00          0.00
 930112   2     0     0          0.00        0.00        0.00          0.00
 930112   3     0     0          0.00        0.00        0.00          0.00
 930112   4     0     0          0.00        0.00        0.00          0.00
 930112   5     0     0          0.00        0.00        0.00          0.00
 930112   6     0     0          0.00        0.00        0.00          0.00
 930112   7     0     0          0.00        0.00        0.00          0.00
 930112   8     0     0          0.00        0.00        0.00          0.00
 930112   9     0     0          0.00        0.00        0.00          0.00
 930112  10     0     0          0.00        0.00        0.00          0.00
 930112  11     0     0          0.00        0.00        0.00          0.00
 930112  12     0     0          0.00        0.00        0.00          0.00
 930112  13     1     1          0.78       10.75       11.53          0.17
 930112  14     3     3          3.90       56.82       60.72          1.25
 930112  15     4     3          3.80       51.23       55.03          1.70
 930112  16     2     2          3.07       48.52       51.58          1.05
 930112  17     2     2          1.72       24.47       26.18          1.28
 930112  18     5     3          4.45       62.00       66.45          1.53
 930112  19     3     3          3.07       47.88       50.95          1.75
 930112  20     5     2          5.48       24.45       29.93          1.20
 930112  21     4     2          2.98       48.95       51.93          1.50
 930112  22     4     3          1.92       31.68       33.60          2.87
 930112  23     5     3          4.23       23.02       27.25          0.50
 930112  24     0     0          0.00        0.00        0.00          0.00
1
 
                   MAX
            TOTAL  SIM                MAXIMUM CPS                   CONNECT
 DATE  HOUR USERS USERS            IN         OUT       TOTAL         HOURS
 
 
 930113   1     1     1          2.07       27.47       29.53          0.02
 930113   2     1     1          2.07       27.47       29.53          0.05
 930113   3     0     0          0.00        0.00        0.00          0.00
 930113   4     0     0          0.00        0.00        0.00          0.00
 930113   5     0     0          0.00        0.00        0.00          0.00
 930113   6     0     0          0.00        0.00        0.00          0.00
 930113   7     0     0          0.00        0.00        0.00          0.00
 930113   8     0     0          0.00        0.00        0.00          0.00
 930113   9     0     0          0.00        0.00        0.00          0.00
 930113  10     0     0          0.00        0.00        0.00          0.00
 930113  11     0     0          0.00        0.00        0.00          0.00
 930113  12     0     0          0.00        0.00        0.00          0.00
 930113  13     0     0          0.00        0.00        0.00          0.00
 930113  14     2     2          3.63       82.83       86.47          0.30
 930113  15     2     2          2.65       38.20       40.85          1.05
 930113  16     2     1          0.52        6.68        7.20          0.15
 930113  17     4     2          2.28       34.42       36.55          1.20
 930113  18     3     2          2.12       28.52       30.63          1.10
 930113  19     1     1          0.23        3.75        3.98          0.98
 930113  20     2     1          6.65       25.05       31.70          0.87
 930113  21     2     2          1.05       15.68       16.73          1.22
 930113  22     3     3          1.85       30.72       32.57          1.55
 930113  23     5     2          1.48       19.12       20.20          0.63
 930113  24     1     1          1.60       22.22       23.82          0.08
1
 
                   MAX
            TOTAL  SIM                MAXIMUM CPS                   CONNECT
 DATE  HOUR USERS USERS            IN         OUT       TOTAL         HOURS
 
 
 930114   1     0     0          0.00        0.00        0.00          0.00
 930114   2     1     1          3.23        5.00        8.23          0.03
 930114   3     1     1          3.13        4.32        7.45          0.03
 930114   4     0     0          0.00        0.00        0.00          0.00
 930114   5     0     0          0.00        0.00        0.00          0.00
 930114   6     0     0          0.00        0.00        0.00          0.00
 930114   7     0     0          0.00        0.00        0.00          0.00
 930114   8     0     0          0.00        0.00        0.00          0.00
 930114   9     0     0          0.00        0.00        0.00          0.00
 930114  10     0     0          0.00        0.00        0.00          0.00
 930114  11     0     0          0.00        0.00        0.00          0.00
 930114  12     0     0          0.00        0.00        0.00          0.00
 930114  13     0     0          0.00        0.00        0.00          0.00
 930114  14     2     2          2.58       34.62       37.20          0.42
 930114  15     7     3          4.98       37.23       42.22          1.02
 930114  16     8     2          3.08       39.63       42.72          1.37
 930114  17     4     3          2.37       29.65       32.02          1.38
 930114  18     7     3          2.77       37.17       39.93          2.08
 930114  19     3     2          1.98       26.23       28.22          1.83
 930114  20     6     3          5.62       42.82       45.97          1.47
 930114  21     7     3          3.42       35.50       37.88          1.90
 930114  22     5     3          4.33       63.82       68.15          2.02
 930114  23     2     2          1.92       29.38       31.30          1.27
 930114  24     0     0          0.00        0.00        0.00          0.00
1
 
                   MAX
            TOTAL  SIM                MAXIMUM CPS                   CONNECT
 DATE  HOUR USERS USERS            IN         OUT       TOTAL         HOURS
 
 
 930115   1     2     1          1.07       25.62       26.65          0.20
 930115   2     1     1          1.03       25.62       26.65          0.15
 930115   3     0     0          0.00        0.00        0.00          0.00
 930115   4     0     0          0.00        0.00        0.00          0.00
 930115   5     0     0          0.00        0.00        0.00          0.00
 930115   6     0     0          0.00        0.00        0.00          0.00
 930115   7     0     0          0.00        0.00        0.00          0.00
 930115   8     0     0          0.00        0.00        0.00          0.00
 930115   9     0     0          0.00        0.00        0.00          0.00
 930115  10     0     0          0.00        0.00        0.00          0.00
 930115  11     0     0          0.00        0.00        0.00          0.00
 930115  12     0     0          0.00        0.00        0.00          0.00
 930115  13     0     0          0.00        0.00        0.00          0.00
 930115  14     3     2          1.98       30.82       32.80          0.75
 930115  15     5     3          2.98       40.70       43.68          1.37
 930115  16     7     4          7.88       87.75       94.42          1.57
 930115  17     4     2          1.25       16.48       17.73          1.95
 930115  18     5     2          1.80       20.07       21.87          1.62
 930115  19     5     3          3.45       48.00       51.45          1.28
 930115  20     4     2          3.18       34.75       37.93          0.80
 930115  21     5     4          2.63       33.47       36.10          2.15
 930115  22     3     2          0.85       12.33       13.18          1.70
 930115  23     3     2          0.97       11.92       12.88          0.62
 930115  24     4     1          2.38       41.20       43.58          0.25
1     MAXIMUM OF MAXIMUM SIMULTANEOUS USERS
 
 
                   MAX
            TOTAL  SIM                MAXIMUM CPS                   CONNECT
 DATE  HOUR USERS USERS            IN         OUT       TOTAL         HOURS
 
 930111  21     9     4          6.23       53.83       60.07          2.27
 
 
     MAXIMUM OF CONNECT HOURS
 
 
                   MAX
            TOTAL  SIM                MAXIMUM CPS                   CONNECT
 DATE  HOUR USERS USERS            IN         OUT       TOTAL         HOURS
 
 930112  22     4     3          1.92       31.68       33.60          2.87
1
  