1
 
                   MAX
            TOTAL  SIM                MAXIMUM CPS                   CONNECT
 DATE  HOUR USERS USERS            IN         OUT       TOTAL         HOURS
 
 
 921116   1    75    18         59.17      986.23     1042.43         13.78
 921116   2    79    16         56.58      956.50      973.28         11.77
 921116   3    96    18         70.88     1119.53     1169.73         13.87
 921116   4    95    19         82.23     1072.02     1103.68         15.42
 921116   5    59    16         70.07     1029.93     1042.77         11.40
 921116   6    57    14         92.92      948.98      970.47          8.22
 921116   7    43     8        145.48      414.08      423.12          4.88
 921116   8    38     9         76.50      541.97      553.40          6.63
 921116   9    24     9         20.13      415.65      429.05          3.53
 921116  10    22     5        146.87      290.40      437.27          2.27
 921116  11    18     5         81.80      256.50      258.48          1.87
 921116  12    28     5         35.08      418.82      425.63          2.73
 921116  13    56    12         54.28      585.30      601.15          5.67
 921116  14    74    11         55.12      743.45      779.50          7.15
 921116  15    57    12        127.12      784.13      802.68          6.82
 921116  16    78    11         34.12      856.07      878.95          8.15
 921116  17    60    14         34.88      723.93      733.98          8.98
 921116  18    52    14         39.58      848.65      868.42          8.43
 921116  19    64    12         50.88     1039.37     1063.68          8.52
 921116  20    57    12         67.63      846.78      857.43          8.38
 921116  21    55    11         70.32      525.73      534.60          8.10
 921116  22    70    14         46.38      617.33      654.07         10.07
 921116  23    73    13         61.60      732.58      759.05          9.20
 921116  24    47    12         45.88      691.12      703.52          8.67
1
 
                   MAX
            TOTAL  SIM                MAXIMUM CPS                   CONNECT
 DATE  HOUR USERS USERS            IN         OUT       TOTAL         HOURS
 
 
 921117   1   101    16        234.70     1019.17     1030.18         11.53
 921117   2    81    17        215.85      920.18     1128.58         13.12
 921117   3    94    17         95.72      943.62      965.98         14.80
 921117   4   105    25        182.02      930.22     1112.23         19.47
 921117   5   103    25        250.78     1136.15     1251.52         18.38
 921117   6    76    17        154.82      770.45      793.48         13.97
 921117   7    37    11         48.68      602.13      630.02          8.60
 921117   8    50    10        103.03      453.53      459.42          7.48
 921117   9    23    10         24.07      424.62      448.68          7.25
 921117  10    20     6         11.13      271.60      276.22          4.48
 921117  11    22     6         63.57      438.05      448.67          3.38
 921117  12    30     7         33.45      552.18      565.87          4.92
 921117  13    31     7         15.48      732.87      745.00          5.15
 921117  14    51    13         86.43      781.68      812.10          6.37
 921117  15    78    14         38.27      738.28      756.53          9.60
 921117  16    59    10         45.02      618.85      645.95          6.62
 921117  17    70    11        191.78      505.37      547.95          7.12
 921117  18    47    10         51.43      781.80      811.40          7.62
 921117  19    61    13         41.32      698.78      717.90          9.08
 921117  20    82    16         36.28      873.30      887.22         11.65
 921117  21    61    15        129.77      837.50      862.60         10.15
 921117  22    87    12         27.40      419.85      436.97          9.23
 921117  23    69    13        117.03      626.42      662.72         10.38
 921117  24    71    12         44.42      843.43      887.85          8.47
1
 
                   MAX
            TOTAL  SIM                MAXIMUM CPS                   CONNECT
 DATE  HOUR USERS USERS            IN         OUT       TOTAL         HOURS
 
 
 921118   1    70    18         80.73     1005.15     1048.30         11.15
 921118   2    83    16         86.25     1006.70     1025.00         12.27
 921118   3   104    19         45.33      844.18      867.80         15.08
 921118   4   118    30         96.43     1126.38     1154.20         22.22
 921118   5   121    26         42.17     1200.20     1240.20         20.25
 921118   6    97    22         77.07      973.47      993.67         15.68
 921118   7    55    18         75.57     1053.83     1129.40         13.08
 921118   8    36    12         68.67      771.65      809.10          8.40
 921118   9    28    10         35.23      615.25      631.50          6.53
 921118  10    21     6         26.72      381.93      401.70          3.22
 921118  11    31     6         32.28      489.00      497.93          3.52
 921118  12    36     6         54.42      412.30      423.17          3.47
 921118  13    41     9        129.72     1060.13     1119.28          4.93
 921118  14    69    12         29.68      601.35      610.72          7.73
 921118  15    80    14         76.33      927.12      954.43          8.62
 921118  16    82    12         81.58      611.35      691.40          8.83
 921118  17    70    15         38.58      609.12      622.42         10.30
 921118  18    44    13         31.55      766.92      779.27         10.33
 921118  19    64    13         64.22      553.98      594.87          8.55
 921118  20    49    12         49.12      310.43      320.83          8.80
 921118  21    58    13         64.68      378.42      392.95          9.27
 921118  22    72    17         44.78      460.45      491.22         11.07
 921118  23    67    13        108.98      425.85      449.82          9.77
 921118  24    69    11         97.80      508.82      535.07          8.53
1
 
                   MAX
            TOTAL  SIM                MAXIMUM CPS                   CONNECT
 DATE  HOUR USERS USERS            IN         OUT       TOTAL         HOURS
 
 
 921119   1    80    14         34.18      634.20      653.40         10.55
 921119   2    62    13         82.28      821.43      903.72          9.47
 921119   3    94    22         97.40     1071.02     1145.20         16.23
 921119   4    82    25        185.00      879.73      932.45         16.60
 921119   5    84    23         55.18     1103.75     1120.98         16.62
 921119   6    42    15        114.00      949.20      966.40         11.42
 921119   7    40    12         66.28      739.47      749.73          8.92
 921119   8    30     9         24.87      824.22      829.45          6.43
 921119   9    32     9         39.30      581.53      620.45          5.75
 921119  10    27     8         95.83      567.68      572.52          5.52
 921119  11    38     8         35.12      300.35      327.18          5.73
 921119  12    30     8        152.58      497.60      573.55          4.72
 921119  13    36     7         31.35      623.47      639.58          4.80
 921119  14    75    13         60.67      587.35      602.03          8.20
 921119  15    71    16        161.98      702.78      731.52         11.90
 921119  16    70    12        168.27      513.67      525.13          8.80
 921119  17    85    16        180.03      611.07      789.93          9.47
 921119  18    50    14         33.68      503.88      520.87          9.20
 921119  19    67    13         42.98      758.30      780.92          9.22
 921119  20    78    12         35.17      552.80      568.97          8.02
 921119  21    55    11         71.48      578.95      644.23          8.72
 921119  22    76    13         38.77      561.28      591.23          9.65
 921119  23    60    12         41.68      707.82      729.07          8.65
 921119  24    67    14         43.72      628.95      661.82          8.23
1
 
                   MAX
            TOTAL  SIM                MAXIMUM CPS                   CONNECT
 DATE  HOUR USERS USERS            IN         OUT       TOTAL         HOURS
 
 
 921120   1    72    15         55.22      673.17      706.10          7.97
 921120   2    75    19         64.45      923.97      988.42         12.27
 921120   3   117    23        155.50      961.75     1115.60         15.47
 921120   4    90    23         82.68     1044.37     1066.62         16.85
 921120   5    89    19        167.53     1148.45     1172.07         15.55
 921120   6    59    18         80.53     1027.00     1046.68         12.48
 921120   7    43    10         59.17      307.68      319.22          6.42
 921120   8    59    11         56.50      742.47      758.27          7.47
 921120   9    29     9         21.82      948.83      962.13          5.47
 921120  10    22     9        193.43      367.25      449.82          4.52
 921120  11    26     7        120.10      890.62      909.45          3.15
 921120  12    29     5         23.43      411.53      418.55          2.43
 921120  13    45     9         88.82      730.75      750.27          3.92
 921120  14    64    15         41.87      612.62      643.40          8.00
 921120  15    77    13         70.60      534.55      596.23          8.78
 921120  16    57    14         36.18      614.85      630.03          8.75
 921120  17    66    18         56.05      499.03      555.08          9.88
 921120  18    51    12        199.08      511.72      640.70          8.93
 921120  19    53    15         65.70      425.50      446.90         10.97
 921120  20    64    16         32.97      563.23      586.37         11.27
 921120  21    52    15         20.78      647.70      668.48          9.68
 921120  22    63    20         67.62      937.50      950.45         12.58
 921120  23    73    20         64.88      977.07      984.58          9.00
 921120  24    54     9         81.10      655.23      674.33          5.77
1     MAXIMUM OF MAXIMUM SIMULTANEOUS USERS
 
 
                   MAX
            TOTAL  SIM                MAXIMUM CPS                   CONNECT
 DATE  HOUR USERS USERS            IN         OUT       TOTAL         HOURS
 
 921118   4   118    30         96.43     1126.38     1154.20         22.22
 
 
     MAXIMUM OF CONNECT HOURS
 
 
                   MAX
            TOTAL  SIM                MAXIMUM CPS                   CONNECT
 DATE  HOUR USERS USERS            IN         OUT       TOTAL         HOURS
 
 921118   4   118    30         96.43     1126.38     1154.20         22.22
1
  