1
 
                   MAX
            TOTAL  SIM                MAXIMUM CPS                   CONNECT
 DATE  HOUR USERS USERS            IN         OUT       TOTAL         HOURS
 
 
 930111   1     1     1          0.62       58.17       58.78          1.00
 930111   2     3     2          0.85      107.48      108.33          1.12
 930111   3     1     1          0.62       58.17       58.78          0.07
 930111   4     0     0          0.00        0.00        0.00          0.00
 930111   5     0     0          0.00        0.00        0.00          0.00
 930111   6     0     0          0.00        0.00        0.00          0.00
 930111   7     0     0          0.00        0.00        0.00          0.00
 930111   8     0     0          0.00        0.00        0.00          0.00
 930111   9     0     0          0.00        0.00        0.00          0.00
 930111  10     0     0          0.00        0.00        0.00          0.00
 930111  11     0     0          0.00        0.00        0.00          0.00
 930111  12     0     0          0.00        0.00        0.00          0.00
 930111  13     0     0          0.00        0.00        0.00          0.00
 930111  14     1     1          0.92      116.87      117.78          0.10
 930111  15     4     1         50.77       74.00      106.58          0.60
 930111  16     2     1          0.83       74.00       74.83          0.27
 930111  17     6     3          1.33      157.35      158.68          1.65
 930111  18     6     5          4.97      205.43      210.40          3.25
 930111  19     8     4         25.40      314.60      340.00          1.53
 930111  20     7     4          6.97      483.67      485.82          1.93
 930111  21     5     3          0.82      169.20      170.00          1.62
 930111  22     7     5         12.70      284.20      295.02          3.43
 930111  23     8     5         47.58      297.67      345.25          2.38
 930111  24     8     4          1.83      318.40      320.23          1.80
1
 
                   MAX
            TOTAL  SIM                MAXIMUM CPS                   CONNECT
 DATE  HOUR USERS USERS            IN         OUT       TOTAL         HOURS
 
 
 930112   1     2     2          7.35      120.30      127.65          0.93
 930112   2     1     1          0.62      150.20      150.82          0.17
 930112   3     2     2          1.68      116.87      118.55          0.27
 930112   4     0     0          0.00        0.00        0.00          0.00
 930112   5     0     0          0.00        0.00        0.00          0.00
 930112   6     2     2          8.82      290.82      299.63          0.20
 930112   7     0     0          0.00        0.00        0.00          0.00
 930112   8     0     0          0.00        0.00        0.00          0.00
 930112   9     0     0          0.00        0.00        0.00          0.00
 930112  10     0     0          0.00        0.00        0.00          0.00
 930112  11     0     0          0.00        0.00        0.00          0.00
 930112  12     0     0          0.00        0.00        0.00          0.00
 930112  13     0     0          0.00        0.00        0.00          0.00
 930112  14     1     1          3.37       67.95       71.32          0.23
 930112  15     5     2          9.53      148.57      157.52          0.70
 930112  16     3     1         30.42      134.37      164.78          0.38
 930112  17     4     2          0.78      182.95      183.72          0.23
 930112  18     4     3         24.13      144.00      144.78          1.12
 930112  19     4     1         45.90      132.32      178.22          0.23
 930112  20     1     1          0.50       89.97       90.47          0.03
 930112  21     4     2          2.95      270.05      270.82          0.47
 930112  22    11     4          4.88      266.38      269.50          2.22
 930112  23     6     3          2.28      141.33      143.62          0.57
 930112  24     4     3          1.22      284.50      285.65          2.25
1
 
                   MAX
            TOTAL  SIM                MAXIMUM CPS                   CONNECT
 DATE  HOUR USERS USERS            IN         OUT       TOTAL         HOURS
 
 
 930113   1     8     4         14.67      337.78      352.45          2.25
 930113   2     8     3          2.05      292.10      293.28          1.90
 930113   3     1     1          0.47       55.50       55.97          0.77
 930113   4     0     0          0.00        0.00        0.00          0.00
 930113   5     0     0          0.00        0.00        0.00          0.00
 930113   6     0     0          0.00        0.00        0.00          0.00
 930113   7     0     0          0.00        0.00        0.00          0.00
 930113   8     0     0          0.00        0.00        0.00          0.00
 930113   9     0     0          0.00        0.00        0.00          0.00
 930113  10     0     0          0.00        0.00        0.00          0.00
 930113  11     0     0          0.00        0.00        0.00          0.00
 930113  12     0     0          0.00        0.00        0.00          0.00
 930113  13     0     0          0.00        0.00        0.00          0.00
 930113  14     2     1          8.65      110.30      118.95          0.13
 930113  15     2     1          0.43       53.20       53.63          0.37
 930113  16     5     2         14.58      186.12      199.38          1.48
 930113  17     3     2          2.30      162.40      164.70          1.22
 930113  18     5     2         44.57      251.72      289.77          0.45
 930113  19     8     2         15.65      245.22      246.80          0.30
 930113  20     5     5          2.47      338.58      341.05          2.13
 930113  21     7     6          2.73      277.88      280.62          4.18
 930113  22    13     8         50.13      584.15      634.28          6.68
 930113  23    14     8         25.35      400.33      425.68          4.20
 930113  24     7     3          5.97      250.53      252.83          1.20
1
 
                   MAX
            TOTAL  SIM                MAXIMUM CPS                   CONNECT
 DATE  HOUR USERS USERS            IN         OUT       TOTAL         HOURS
 
 
 930114   1     4     2          0.50      192.83      193.17          0.38
 930114   2     2     1          0.13       55.22       55.35          0.48
 930114   3     7     4         50.12      440.52      480.32          1.78
 930114   4     0     0          0.00        0.00        0.00          0.00
 930114   5     0     0          0.00        0.00        0.00          0.00
 930114   6     0     0          0.00        0.00        0.00          0.00
 930114   7     0     0          0.00        0.00        0.00          0.00
 930114   8     0     0          0.00        0.00        0.00          0.00
 930114   9     0     0          0.00        0.00        0.00          0.00
 930114  10     0     0          0.00        0.00        0.00          0.00
 930114  11     0     0          0.00        0.00        0.00          0.00
 930114  12     0     0          0.00        0.00        0.00          0.00
 930114  13     0     0          0.00        0.00        0.00          0.00
 930114  14     0     0          0.00        0.00        0.00          0.00
 930114  15     7     2          1.12        1.83        2.95          0.25
 930114  16     4     2          1.27      187.75      188.70          1.08
 930114  17     6     3         16.40      315.68      332.08          1.57
 930114  18     3     2          0.73      226.53      227.27          0.87
 930114  19     8     3         23.32      368.48      391.80          1.35
 930114  20     7     3          4.42      208.65      213.07          1.27
 930114  21     7     4          5.22      186.50      190.27          2.62
 930114  22    12     5         14.80      431.23      442.47          3.40
 930114  23     8     4          1.65      388.68      390.33          1.45
 930114  24     3     2          4.93      165.98      166.63          0.22
1
 
                   MAX
            TOTAL  SIM                MAXIMUM CPS                   CONNECT
 DATE  HOUR USERS USERS            IN         OUT       TOTAL         HOURS
 
 
 930115   1     4     3          5.92      267.88      273.25          1.45
 930115   2     2     1          3.97       96.17       97.37          0.23
 930115   3     2     1          3.97       62.87       63.72          0.38
 930115   4     0     0          0.00        0.00        0.00          0.00
 930115   5     1     1          0.62       83.17       83.78          0.53
 930115   6     1     1          0.62       83.17       83.78          0.17
 930115   7     0     0          0.00        0.00        0.00          0.00
 930115   8     0     0          0.00        0.00        0.00          0.00
 930115   9     0     0          0.00        0.00        0.00          0.00
 930115  10     0     0          0.00        0.00        0.00          0.00
 930115  11     0     0          0.00        0.00        0.00          0.00
 930115  12     0     0          0.00        0.00        0.00          0.00
 930115  13     0     0          0.00        0.00        0.00          0.00
 930115  14     2     1         47.63      143.52      144.62          0.27
 930115  15     4     2          3.20      150.72      151.55          0.88
 930115  16     4     3          5.05      205.08      207.55          1.67
 930115  17     2     2          0.73       90.12       90.85          1.15
 930115  18     7     5          2.18      334.13      336.32          3.22
 930115  19     9     4          5.70      334.68      336.95          2.28
 930115  20    11     4         54.72      250.10      269.33          2.25
 930115  21    11     9         24.92      647.42      651.83          5.45
 930115  22    15     9         17.25      617.63      631.05          5.78
 930115  23     5     4          2.45      197.53      199.98          2.55
 930115  24     6     3          1.45      173.20      174.65          1.72
1     MAXIMUM OF MAXIMUM SIMULTANEOUS USERS
 
 
                   MAX
            TOTAL  SIM                MAXIMUM CPS                   CONNECT
 DATE  HOUR USERS USERS            IN         OUT       TOTAL         HOURS
 
 930115  21    11     9         24.92      647.42      651.83          5.45
 
 
     MAXIMUM OF CONNECT HOURS
 
 
                   MAX
            TOTAL  SIM                MAXIMUM CPS                   CONNECT
 DATE  HOUR USERS USERS            IN         OUT       TOTAL         HOURS
 
 930113  22    13     8         50.13      584.15      634.28          6.68
1
  