1
 
                   MAX
            TOTAL  SIM                MAXIMUM CPS                   CONNECT
 DATE  HOUR USERS USERS            IN         OUT       TOTAL         HOURS
 
 
 910610   1     0     0          0.00        0.00        0.00          0.00
 910610   2     0     0          0.00        0.00        0.00          0.00
 910610   3     0     0          0.00        0.00        0.00          0.00
 910610   4     0     0          0.00        0.00        0.00          0.00
 910610   5     0     0          0.00        0.00        0.00          0.00
 910610   6     0     0          0.00        0.00        0.00          0.00
 910610   7     0     0          0.00        0.00        0.00          0.00
 910610   8     0     0          0.00        0.00        0.00          0.00
 910610   9     0     0          0.00        0.00        0.00          0.00
 910610  10     0     0          0.00        0.00        0.00          0.00
 910610  11     0     0          0.00        0.00        0.00          0.00
 910610  12     0     0          0.00        0.00        0.00          0.00
 910610  13     0     0          0.00        0.00        0.00          0.00
 910610  14     5     1         11.63       47.03       58.67          0.22
 910610  15     0     0          0.00        0.00        0.00          0.00
 910610  16     0     0          0.00        0.00        0.00          0.00
 910610  17     0     0          0.00        0.00        0.00          0.00
 910610  18     0     0          0.00        0.00        0.00          0.00
 910610  19     0     0          0.00        0.00        0.00          0.00
 910610  20     0     0          0.00        0.00        0.00          0.00
 910610  21     0     0          0.00        0.00        0.00          0.00
 910610  22     0     0          0.00        0.00        0.00          0.00
 910610  23     0     0          0.00        0.00        0.00          0.00
 910610  24     0     0          0.00        0.00        0.00          0.00
1
 
                   MAX
            TOTAL  SIM                MAXIMUM CPS                   CONNECT
 DATE  HOUR USERS USERS            IN         OUT       TOTAL         HOURS
 
 
 910611   1     0     0          0.00        0.00        0.00          0.00
 910611   2     0     0          0.00        0.00        0.00          0.00
 910611   3     0     0          0.00        0.00        0.00          0.00
 910611   4     0     0          0.00        0.00        0.00          0.00
 910611   5     0     0          0.00        0.00        0.00          0.00
 910611   6     0     0          0.00        0.00        0.00          0.00
 910611   7     0     0          0.00        0.00        0.00          0.00
 910611   8     0     0          0.00        0.00        0.00          0.00
 910611   9     0     0          0.00        0.00        0.00          0.00
 910611  10     0     0          0.00        0.00        0.00          0.00
 910611  11     0     0          0.00        0.00        0.00          0.00
 910611  12     0     0          0.00        0.00        0.00          0.00
 910611  13     3     1          2.27        3.07        5.33          0.10
 910611  14     0     0          0.00        0.00        0.00          0.00
 910611  15     0     0          0.00        0.00        0.00          0.00
 910611  16     0     0          0.00        0.00        0.00          0.00
 910611  17     8     2          3.42        4.60        8.02          0.25
 910611  18     0     0          0.00        0.00        0.00          0.00
 910611  19     0     0          0.00        0.00        0.00          0.00
 910611  20     0     0          0.00        0.00        0.00          0.00
 910611  21     0     0          0.00        0.00        0.00          0.00
 910611  22     0     0          0.00        0.00        0.00          0.00
 910611  23     0     0          0.00        0.00        0.00          0.00
 910611  24     0     0          0.00        0.00        0.00          0.00
1
 
                   MAX
            TOTAL  SIM                MAXIMUM CPS                   CONNECT
 DATE  HOUR USERS USERS            IN         OUT       TOTAL         HOURS
 
 
 910612   1     0     0          0.00        0.00        0.00          0.00
 910612   2     0     0          0.00        0.00        0.00          0.00
 910612   3     0     0          0.00        0.00        0.00          0.00
 910612   4     0     0          0.00        0.00        0.00          0.00
 910612   5     0     0          0.00        0.00        0.00          0.00
 910612   6     0     0          0.00        0.00        0.00          0.00
 910612   7     0     0          0.00        0.00        0.00          0.00
 910612   8     0     0          0.00        0.00        0.00          0.00
 910612   9     0     0          0.00        0.00        0.00          0.00
 910612  10     0     0          0.00        0.00        0.00          0.00
 910612  11     0     0          0.00        0.00        0.00          0.00
 910612  12     0     0          0.00        0.00        0.00          0.00
 910612  13     0     0          0.00        0.00        0.00          0.00
 910612  14     0     0          0.00        0.00        0.00          0.00
 910612  15     0     0          0.00        0.00        0.00          0.00
 910612  16     0     0          0.00        0.00        0.00          0.00
 910612  17     0     0          0.00        0.00        0.00          0.00
 910612  18     0     0          0.00        0.00        0.00          0.00
 910612  19     0     0          0.00        0.00        0.00          0.00
 910612  20     0     0          0.00        0.00        0.00          0.00
 910612  21     0     0          0.00        0.00        0.00          0.00
 910612  22     0     0          0.00        0.00        0.00          0.00
 910612  23     0     0          0.00        0.00        0.00          0.00
 910612  24     0     0          0.00        0.00        0.00          0.00
1
 
                   MAX
            TOTAL  SIM                MAXIMUM CPS                   CONNECT
 DATE  HOUR USERS USERS            IN         OUT       TOTAL         HOURS
 
 
 910613   1     0     0          0.00        0.00        0.00          0.00
 910613   2     0     0          0.00        0.00        0.00          0.00
 910613   3     0     0          0.00        0.00        0.00          0.00
 910613   4     0     0          0.00        0.00        0.00          0.00
 910613   5     0     0          0.00        0.00        0.00          0.00
 910613   6     0     0          0.00        0.00        0.00          0.00
 910613   7     0     0          0.00        0.00        0.00          0.00
 910613   8     0     0          0.00        0.00        0.00          0.00
 910613   9     0     0          0.00        0.00        0.00          0.00
 910613  10     0     0          0.00        0.00        0.00          0.00
 910613  11     0     0          0.00        0.00        0.00          0.00
 910613  12     0     0          0.00        0.00        0.00          0.00
 910613  13     0     0          0.00        0.00        0.00          0.00
 910613  14     0     0          0.00        0.00        0.00          0.00
 910613  15     0     0          0.00        0.00        0.00          0.00
 910613  16     0     0          0.00        0.00        0.00          0.00
 910613  17     0     0          0.00        0.00        0.00          0.00
 910613  18     0     0          0.00        0.00        0.00          0.00
 910613  19     0     0          0.00        0.00        0.00          0.00
 910613  20     0     0          0.00        0.00        0.00          0.00
 910613  21     0     0          0.00        0.00        0.00          0.00
 910613  22     0     0          0.00        0.00        0.00          0.00
 910613  23     0     0          0.00        0.00        0.00          0.00
 910613  24     0     0          0.00        0.00        0.00          0.00
1
 
                   MAX
            TOTAL  SIM                MAXIMUM CPS                   CONNECT
 DATE  HOUR USERS USERS            IN         OUT       TOTAL         HOURS
 
 
 910614   1     0     0          0.00        0.00        0.00          0.00
 910614   2     0     0          0.00        0.00        0.00          0.00
 910614   3     0     0          0.00        0.00        0.00          0.00
 910614   4     0     0          0.00        0.00        0.00          0.00
 910614   5     0     0          0.00        0.00        0.00          0.00
 910614   6     0     0          0.00        0.00        0.00          0.00
 910614   7     0     0          0.00        0.00        0.00          0.00
 910614   8     0     0          0.00        0.00        0.00          0.00
 910614   9     0     0          0.00        0.00        0.00          0.00
 910614  10     0     0          0.00        0.00        0.00          0.00
 910614  11     0     0          0.00        0.00        0.00          0.00
 910614  12     0     0          0.00        0.00        0.00          0.00
 910614  13     0     0          0.00        0.00        0.00          0.00
 910614  14     0     0          0.00        0.00        0.00          0.00
 910614  15     0     0          0.00        0.00        0.00          0.00
 910614  16     0     0          0.00        0.00        0.00          0.00
 910614  17     0     0          0.00        0.00        0.00          0.00
 910614  18     0     0          0.00        0.00        0.00          0.00
 910614  19     0     0          0.00        0.00        0.00          0.00
 910614  20     0     0          0.00        0.00        0.00          0.00
 910614  21     0     0          0.00        0.00        0.00          0.00
 910614  22     0     0          0.00        0.00        0.00          0.00
 910614  23     0     0          0.00        0.00        0.00          0.00
 910614  24     0     0          0.00        0.00        0.00          0.00
1     MAXIMUM OF MAXIMUM SIMULTANEOUS USERS
 
 
                   MAX
            TOTAL  SIM                MAXIMUM CPS                   CONNECT
 DATE  HOUR USERS USERS            IN         OUT       TOTAL         HOURS
 
 910611  17     8     2          3.42        4.60        8.02          0.25
 
 
     MAXIMUM OF CONNECT HOURS
 
 
                   MAX
            TOTAL  SIM                MAXIMUM CPS                   CONNECT
 DATE  HOUR USERS USERS            IN         OUT       TOTAL         HOURS
 
 910611  17     8     2          3.42        4.60        8.02          0.25
1
  