1
 
                   MAX
            TOTAL  SIM                MAXIMUM CPS                   CONNECT
 DATE  HOUR USERS USERS            IN         OUT       TOTAL         HOURS
 
 
 920720   1    19     7         47.20      361.60      408.75          5.22
 920720   2     6     3         24.12      168.52      192.63          0.45
 920720   3     3     1          0.03        1.03        1.07          0.05
 920720   4     2     1          0.37        1.03        1.30          0.03
 920720   5     0     0          0.00        0.00        0.00          0.00
 920720   6     0     0          0.00        0.00        0.00          0.00
 920720   7     0     0          0.00        0.00        0.00          0.00
 920720   8     0     0          0.00        0.00        0.00          0.00
 920720   9     0     0          0.00        0.00        0.00          0.00
 920720  10     0     0          0.00        0.00        0.00          0.00
 920720  11     1     1          0.03        1.03        1.07          0.02
 920720  12    13     8         48.85      375.82      424.67          2.37
 920720  13    33    11         67.05      525.50      592.55          8.47
 920720  14    62    21        110.13      870.20      977.35         17.38
 920720  15    74    29        160.80     1165.78     1326.58         22.82
 920720  16    95    31        209.55     1119.42     1316.65         24.45
 920720  17    84    27        245.05      817.50      975.93         22.88
 920720  18    74    25        210.50      944.42     1102.00         20.07
 920720  19    68    29        151.70      905.78     1057.48         23.83
 920720  20    92    32        358.65      776.85     1105.10         23.33
 920720  21    79    24        153.70      584.15      731.08         20.97
 920720  22    65    23        122.55      557.10      679.65         17.03
 920720  23    31    13         51.35      297.87      347.18          7.52
 920720  24    26     9         43.58      176.28      212.82          5.83
1
 
                   MAX
            TOTAL  SIM                MAXIMUM CPS                   CONNECT
 DATE  HOUR USERS USERS            IN         OUT       TOTAL         HOURS
 
 
 920721   1    21     7         67.93      544.38      612.32          4.12
 920721   2    14     5         42.98      356.03      399.02          2.45
 920721   3    17     8         30.57      178.55      209.12          3.68
 920721   4    10     4         33.73      230.17      263.90          1.85
 920721   5    11     4         68.03      283.35      324.03          1.43
 920721   6     0     0          0.00        0.00        0.00          0.00
 920721   7     0     0          0.00        0.00        0.00          0.00
 920721   8     0     0          0.00        0.00        0.00          0.00
 920721   9     0     0          0.00        0.00        0.00          0.00
 920721  10     0     0          0.00        0.00        0.00          0.00
 920721  11     1     1          4.15        4.12        8.27          0.02
 920721  12     4     3         18.32       43.73       62.05          0.40
 920721  13    25     8         47.25      356.55      403.80          3.38
 920721  14    55    23        112.43      468.05      580.48         14.72
 920721  15    98    35        189.48      733.45      922.93         24.63
 920721  16   154    43        239.77      993.18     1160.92         35.12
 920721  17   143    45        236.83     1020.08     1194.18         30.65
 920721  18    54    26        221.67      759.10      980.77         15.63
 920721  19     6     6         10.07       51.63       61.70          3.90
 920721  20     2     2          7.33       34.93       42.27          0.60
 920721  21    13    13         63.15      332.60      395.75          1.87
 920721  22    51    15         93.00      494.88      587.88         11.07
 920721  23    32    17         85.43      400.88      486.32          9.83
 920721  24    30     9         60.38      350.70      394.72          5.02
1
 
                   MAX
            TOTAL  SIM                MAXIMUM CPS                   CONNECT
 DATE  HOUR USERS USERS            IN         OUT       TOTAL         HOURS
 
 
 920722   1    23     9         53.58      419.98      473.57          3.87
 920722   2    15     7         32.68      145.30      177.98          4.12
 920722   3    10     5         23.02      165.88      188.90          2.70
 920722   4    14     7         48.78      310.35      359.13          2.53
 920722   5     5     4         14.70       81.70       96.40          1.05
 920722   6     1     1          0.00        0.43        0.43          0.03
 920722   7     0     0          0.00        0.00        0.00          0.00
 920722   8     0     0          0.00        0.00        0.00          0.00
 920722   9     0     0          0.00        0.00        0.00          0.00
 920722  10     0     0          0.00        0.00        0.00          0.00
 920722  11     3     2          8.07       49.98       58.05          0.42
 920722  12     6     4         26.88      118.85      145.73          0.93
 920722  13    20     8         43.47      165.98      201.77          4.55
 920722  14    50    23        139.32      518.62      657.93         12.28
 920722  15    64    23        175.97      461.93      594.00         15.25
 920722  16    78    27        178.52      663.45      837.58         19.45
 920722  17    61    23        127.27      510.60      602.88         17.67
 920722  18    61    24        101.92      434.60      534.52         17.80
 920722  19    76    29        143.38      584.50      706.03         20.82
 920722  20    70    30        126.48      570.52      673.82         21.27
 920722  21    49    22        109.55      448.58      558.13         13.37
 920722  22    64    20         89.98      384.62      474.60         13.02
 920722  23    51    19        243.60      398.67      492.55         11.68
 920722  24    25     9         35.70      185.77      221.47          6.08
1
 
                   MAX
            TOTAL  SIM                MAXIMUM CPS                   CONNECT
 DATE  HOUR USERS USERS            IN         OUT       TOTAL         HOURS
 
 
 920723   1    21     8         39.47      203.98      243.45          3.83
 920723   2     9     3         14.37       85.43       99.80          1.32
 920723   3    16     6         30.85      160.83      191.68          2.28
 920723   4     6     3          7.73       54.08       61.82          1.37
 920723   5     2     2          4.08       25.02       29.10          0.75
 920723   6     0     0          0.00        0.00        0.00          0.00
 920723   7     1     1          2.77        2.65        5.42          0.03
 920723   8     0     0          0.00        0.00        0.00          0.00
 920723   9     0     0          0.00        0.00        0.00          0.00
 920723  10     0     0          0.00        0.00        0.00          0.00
 920723  11     0     0          0.00        0.00        0.00          0.00
 920723  12     8     4         23.10       61.35       76.60          1.28
 920723  13    22     6         51.67      175.15      213.90          4.05
 920723  14    54    22        111.40      389.08      494.72         13.93
 920723  15    67    27        123.32      558.95      682.27         16.90
 920723  16    81    30        125.87      544.63      668.58         23.97
 920723  17    84    31        157.72      558.68      716.40         25.08
 920723  18    65    26        108.72      585.57      694.28         21.03
 920723  19    74    25         95.38      505.82      601.20         20.47
 920723  20    75    29        111.42      580.78      692.20         19.35
 920723  21    73    27        110.67      547.10      646.75         21.05
 920723  22    58    17         95.55      413.27      499.22         12.17
 920723  23    38    14         95.20      383.37      467.03          9.92
 920723  24    27    10         57.28      198.78      255.00          6.00
1
 
                   MAX
            TOTAL  SIM                MAXIMUM CPS                   CONNECT
 DATE  HOUR USERS USERS            IN         OUT       TOTAL         HOURS
 
 
 920724   1    16     4         25.10      157.65      182.75          1.82
 920724   2     8     4         33.83       97.62      131.45          1.67
 920724   3     7     4         28.65      199.23      213.83          0.95
 920724   4     6     2         13.45       54.42       67.87          0.95
 920724   5     6     3         24.12      111.92      136.03          0.58
 920724   6     2     1          2.80        2.65        5.45          0.05
 920724   7     0     0          0.00        0.00        0.00          0.00
 920724   8     0     0          0.00        0.00        0.00          0.00
 920724   9     0     0          0.00        0.00        0.00          0.00
 920724  10     0     0          0.00        0.00        0.00          0.00
 920724  11     1     1          2.38       13.78       16.17          0.75
 920724  12     6     2         10.58       35.37       43.38          0.80
 920724  13    29    14         64.45      321.10      385.55          6.55
 920724  14    64    23        128.70      576.67      705.37         16.55
 920724  15    66    24         99.33      419.17      517.77         17.45
 920724  16    94    34        193.95      749.30      942.25         26.27
 920724  17    82    31        168.70      750.85      900.50         24.35
 920724  18    64    20        142.57      478.17      620.73         16.45
 920724  19    77    24        227.57      648.25      857.68         19.45
 920724  20    72    25        356.67      506.72      831.82         22.08
 920724  21    86    26        177.35      813.78      973.80         20.82
 920724  22    51    21         90.93      537.47      628.40         13.75
 920724  23    32    13         63.95      333.50      394.78          9.63
 920724  24    19     9         56.68      311.43      368.12          4.23
1     MAXIMUM OF MAXIMUM SIMULTANEOUS USERS
 
 
                   MAX
            TOTAL  SIM                MAXIMUM CPS                   CONNECT
 DATE  HOUR USERS USERS            IN         OUT       TOTAL         HOURS
 
 920721  17   143    45        236.83     1020.08     1194.18         30.65
 
 
     MAXIMUM OF CONNECT HOURS
 
 
                   MAX
            TOTAL  SIM                MAXIMUM CPS                   CONNECT
 DATE  HOUR USERS USERS            IN         OUT       TOTAL         HOURS
 
 920721  16   154    43        239.77      993.18     1160.92         35.12
1
  