1
 
                   MAX
            TOTAL  SIM                MAXIMUM CPS                   CONNECT
 DATE  HOUR USERS USERS            IN         OUT       TOTAL         HOURS
 
 
 920720   1     8     4         39.13      327.32      366.45          1.90
 920720   2     1     1          8.28       47.77       56.05          0.07
 920720   3     0     0          0.00        0.00        0.00          0.00
 920720   4     0     0          0.00        0.00        0.00          0.00
 920720   5     0     0          0.00        0.00        0.00          0.00
 920720   6     0     0          0.00        0.00        0.00          0.00
 920720   7     0     0          0.00        0.00        0.00          0.00
 920720   8     0     0          0.00        0.00        0.00          0.00
 920720   9     0     0          0.00        0.00        0.00          0.00
 920720  10     0     0          0.00        0.00        0.00          0.00
 920720  11     2     1          0.03        1.03        1.07          0.03
 920720  12     9     3         29.52      206.48      233.92          1.45
 920720  13    30    10         60.70      418.68      479.38          5.13
 920720  14    59    19        104.08      676.60      780.68         12.30
 920720  15    84    30        163.13      920.20     1083.33         22.13
 920720  16   105    34        236.85     1254.80     1491.65         28.40
 920720  17    84    27        152.90      714.80      863.35         22.88
 920720  18    81    28        163.92      911.87     1060.20         21.33
 920720  19    77    33        183.08      682.10      861.97         25.32
 920720  20    76    27        155.17      542.63      697.80         21.07
 920720  21    80    25        113.42      491.15      604.57         19.67
 920720  22    70    26        113.13      639.58      750.67         17.00
 920720  23    41    15         85.78      352.15      437.93         10.43
 920720  24    34    12         70.40      547.42      617.40          7.80
1
 
                   MAX
            TOTAL  SIM                MAXIMUM CPS                   CONNECT
 DATE  HOUR USERS USERS            IN         OUT       TOTAL         HOURS
 
 
 920721   1    24     9         70.43      426.28      496.72          5.42
 920721   2    20    10         44.40      232.22      276.62          4.90
 920721   3    15     5         29.62      155.60      179.55          2.33
 920721   4    18     6         46.60      294.52      338.63          4.72
 920721   5     7     4         30.55      203.10      233.65          2.22
 920721   6     3     2          7.27       62.55       69.82          0.10
 920721   7     0     0          0.00        0.00        0.00          0.00
 920721   8     0     0          0.00        0.00        0.00          0.00
 920721   9     0     0          0.00        0.00        0.00          0.00
 920721  10     0     0          0.00        0.00        0.00          0.00
 920721  11     0     0          0.00        0.00        0.00          0.00
 920721  12     3     3         16.47       71.37       87.83          0.38
 920721  13    30    16         91.57      433.88      525.45          6.90
 920721  14    51    17         98.08      417.35      515.43         11.83
 920721  15   120    56        238.10     1317.72     1555.82         30.82
 920721  16   175    54        269.22     1292.77     1561.98         46.23
 920721  17   143    45        265.00     1096.70     1361.70         37.60
 920721  18    76    42        237.73     1029.63     1267.37         29.27
 920721  19    18    18         70.53      325.90      396.43         11.33
 920721  20    10    10         27.87      201.40      229.27          3.07
 920721  21    18     9         69.67      293.88      342.30          3.20
 920721  22    38    13         59.25      312.87      372.12          8.52
 920721  23    30    10         47.87      274.30      322.17          8.08
 920721  24    26    11         51.02      330.07      378.23          7.50
1
 
                   MAX
            TOTAL  SIM                MAXIMUM CPS                   CONNECT
 DATE  HOUR USERS USERS            IN         OUT       TOTAL         HOURS
 
 
 920722   1    26     8         41.32      235.87      277.18          3.73
 920722   2    13     7         30.75      164.63      195.38          5.47
 920722   3    21     8         44.57      270.28      310.03          4.92
 920722   4    11     5         32.15      158.23      190.38          1.88
 920722   5     2     1          5.78       25.13       30.92          0.58
 920722   6     0     0          0.00        0.00        0.00          0.00
 920722   7     0     0          0.00        0.00        0.00          0.00
 920722   8     0     0          0.00        0.00        0.00          0.00
 920722   9     0     0          0.00        0.00        0.00          0.00
 920722  10     0     0          0.00        0.00        0.00          0.00
 920722  11     3     1          5.10       41.75       46.85          0.38
 920722  12    10     7         46.40      234.08      280.48          2.58
 920722  13    24    10         48.47      249.38      297.85          5.77
 920722  14    47    16         69.97      336.92      406.88         12.60
 920722  15    66    22        107.35      428.72      526.40         14.73
 920722  16    80    26        154.03      664.85      798.43         21.18
 920722  17    55    20        101.33      433.35      515.37         16.85
 920722  18    51    18        118.83      414.58      527.58         13.80
 920722  19    66    24        120.80      469.35      579.77         20.60
 920722  20    76    30        153.60      593.98      744.72         24.78
 920722  21    59    20        136.20      483.80      620.00         16.35
 920722  22    69    22        104.65      455.13      549.30         14.03
 920722  23    43    19         84.63      429.90      514.53          9.83
 920722  24    32    11         59.17      216.12      275.28          7.17
1
 
                   MAX
            TOTAL  SIM                MAXIMUM CPS                   CONNECT
 DATE  HOUR USERS USERS            IN         OUT       TOTAL         HOURS
 
 
 920723   1    20     9         54.58      189.08      243.67          4.35
 920723   2    12     5         26.00      115.98      141.98          2.87
 920723   3    13     4         22.25      119.72      141.97          1.65
 920723   4     9     5         23.57      107.42      129.97          3.52
 920723   5     3     2          5.80       31.62       37.42          0.55
 920723   6     0     0          0.00        0.00        0.00          0.00
 920723   7     0     0          0.00        0.00        0.00          0.00
 920723   8     0     0          0.00        0.00        0.00          0.00
 920723   9     0     0          0.00        0.00        0.00          0.00
 920723  10     0     0          0.00        0.00        0.00          0.00
 920723  11     0     0          0.00        0.00        0.00          0.00
 920723  12    16     9         36.22      161.55      197.77          2.32
 920723  13    33    12         71.88      339.98      411.87          6.55
 920723  14    51    13        112.70      429.02      512.53         10.30
 920723  15    66    23        127.82      589.88      717.70         16.42
 920723  16    83    23        144.30      546.47      673.62         19.47
 920723  17    78    25        151.00      592.20      743.20         19.33
 920723  18    54    18         76.93      317.63      389.95         13.77
 920723  19    69    32        149.92      555.92      705.83         21.97
 920723  20    84    26        197.88      672.47      870.35         20.82
 920723  21    59    23        119.80      539.97      659.77         15.12
 920723  22    45    17        109.10      395.02      504.12         10.55
 920723  23    36    13         67.98      292.95      348.62          8.65
 920723  24    19     8         45.95      267.37      313.32          3.38
1
 
                   MAX
            TOTAL  SIM                MAXIMUM CPS                   CONNECT
 DATE  HOUR USERS USERS            IN         OUT       TOTAL         HOURS
 
 
 920724   1    10     4         73.58      138.32      211.90          1.68
 920724   2    19     6         44.55      228.20      272.75          3.82
 920724   3    18     6         35.80      167.40      203.20          3.03
 920724   4    11     6         39.10      210.25      249.35          1.73
 920724   5     6     4         19.68       76.27       95.95          1.18
 920724   6     3     1          4.08        5.43        7.30          0.08
 920724   7     0     0          0.00        0.00        0.00          0.00
 920724   8     0     0          0.00        0.00        0.00          0.00
 920724   9     0     0          0.00        0.00        0.00          0.00
 920724  10     0     0          0.00        0.00        0.00          0.00
 920724  11     0     0          0.00        0.00        0.00          0.00
 920724  12     5     3         12.27       44.52       56.78          1.32
 920724  13    24     9         45.07      199.00      230.80          5.02
 920724  14    46    21         75.00      345.40      420.08         15.00
 920724  15    70    23        163.42      467.72      599.37         18.40
 920724  16   108    34        233.00      858.75     1082.13         26.23
 920724  17   100    34        151.20      634.08      783.73         24.38
 920724  18    75    25        122.83      414.33      516.42         20.58
 920724  19    95    31        169.37      629.92      799.28         26.15
 920724  20    88    27        217.53      590.78      808.32         21.85
 920724  21    78    21        149.68      521.85      667.58         15.25
 920724  22    42    16         72.32      232.63      293.03         10.80
 920724  23    33    11        140.78      358.82      499.60          6.97
 920724  24    22     9         57.43      187.73      235.90          4.57
1     MAXIMUM OF MAXIMUM SIMULTANEOUS USERS
 
 
                   MAX
            TOTAL  SIM                MAXIMUM CPS                   CONNECT
 DATE  HOUR USERS USERS            IN         OUT       TOTAL         HOURS
 
 920721  15   120    56        238.10     1317.72     1555.82         30.82
 
 
     MAXIMUM OF CONNECT HOURS
 
 
                   MAX
            TOTAL  SIM                MAXIMUM CPS                   CONNECT
 DATE  HOUR USERS USERS            IN         OUT       TOTAL         HOURS
 
 920721  16   175    54        269.22     1292.77     1561.98         46.23
1
  