        5245037 271415012 5477  0 6898  09302121300         626       10687        113139302121311     11 3 0 43517RESRV; #J SON/hsl0os?0010 5477  0 5310690       001   046824474570    00     633      0              000000000000000000000000000000000     0     0 0     
        52537571134615016 5477  0 6898  09302121310          90         603          6939302121312      2 2 0 43517RESRV;?00100126 #J SON/HP 7123  6       0       000   047379475150    00     136      0              000000000000000000000000000000000     0     0 0     
        5256065 430415616 5477  0 6898  09302121312         229        2033         22629302121315      3 3 0 43517RESRV; #J SON/hph330?0010 9128 10       0       000   047524476790    00     155      0              000000000000000000000000000000000     0     0 0     
        5263301 506314316 5477  0 6898  09302121319          21          69           909302121321      1 3 0 43517RESRV; #J    +++3k p  :Xe 6066  2       0       000   047963480360    00      73      0              000000000000000000000000000000000     0     0 0     
        5264894 506314316 5477  0 6898  09302121321         148        1046         11949302121324      3 3 0 43517RESRV; #J SON/hlr944?0010 6066  2       0       000   048060482140    00     154      0              000000000000000000000000000000000     0     0 0     
        5275018 577315716 5477  0 6898  09302121331         332        5470         58029302121335      5 3 0 43517RESRV;#J SON/hph355?00100 1173 31       0       000   048655489260    00     271      0              000000000000000000000000000000000     0     0 0     
        52766071323316216 5477  0 6898  09302121332         163        2206         23699302121335      2 2 0 43517RESRV;?00100033 #J SON/HP 1059 40       0       000   048747488810    00     134      0              000000000000000000000000000000000     0     0 0     
        5280912 577316016 5477  0 6898  09302121336         505        7624         81299302121343      6 3 0 43517RESRV;#J SON/hph356?00100 1173 17       0       000   048980493510    00     371      0              000000000000000000000000000000000     0     0 0     
        52811731114415212 5477  0 6898  09302121337          96         389          4859302121338      1 3 0 43517RESRV; #J SON/hph317?0010 4017  7       0       000   048995490530    00      58      0              000000000000000000000000000000000     0     0 0     
        52830321272014616 5477  0 6898  09302121338         346        7515         78619302121342      4 3 0 43517RESRV; #J SON/HPH314?0010 4101  3       0       000   049098493490    00     251      0              000000000000000000000000000000000     0     0 0     
        5288726 577315716 5477  0 6898  09302121343         156         497          6539302121345      1 3 0 43517RESRV;#J SON/hlr300?00100 1173 17       0       000   049404494740    00      70      0              000000000000000000000000000000000     0     0 0     
        5294115 206615312 5477  0 6898  09302121349         181        2321         25029302121353      4 3 0 43517RESRV; #J SON/HPH383?0010 5397 15       0       000   049710499690    00     259      0              000000000000000000000000000000000     0     0 0     
        52947421115614716 5477  0 6898  09302121349         380        1460         18409302121353      4 3 0 43517RESRV; #J SON/hlr564?0010 2262 56       0       000   049743499710    00     228      0              000000000000000000000000000000000     0     0 0     
        53011181115617116 5477  0 6898  09302121355         386        1657         20439302121359      4 3 0 43517RESRV; #J SON/hlr563?0010 2262 31       0       000   050081503480    00     267      0              000000000000000000000000000000000     0     0 0     
        5301382 536614316 5477  0 6898  09302121355          99         300          3999302121403      9 3 0 43517RESRV; #J SON/hph385?001010342  4       0       000   050094506090    00     515      0              000000000000000000000000000000000     0     0 0     
        5311043 245317612 5477  0 6898  09302121403         350        4749         50999302121429     25 3 0 43517RESRV; #J SON/hph325?0010  664 23       0       000   050585521120    00    1527      0              000000000000000000000000000000000     0     0 0     
        5317278 536614516 5477  0 6898  09302121408         162        1266         14289302121412      3 3 0 43517RESRV; #J SON/hph385?001010342  3       0       000   050886510950    00     209      0              000000000000000000000000000000000     0     0 0     
        53192401166314316 5477  0 6898  09302121410         115         654          7699302121433     23 2 0 43517RESRV; #J SON/hlr935?001010587  0       0       000   050982523500    00    1368      0              000000000000000000000000000000000     0     0 0     
        53209491323520116 5477  0 6898  09302121411         221        2721         29429302121438     27 2 0 43517RESRV; #J SON/hsl0md?0010 1059 40       0       000   051065526600    00    1595      0              000000000000000000000000000000000     0     0 0     
        5323678 536615016 5477  0 6898  09302121413         116         391          5079302121417      3 3 0 43517RESRV; #J SON/hph385?001010342  4       0       000   051197514010    00     204      0              000000000000000000000000000000000     0     0 0     
        5327175 4003171 1 5477  0 6898  09302121416         937        5301         62389302121440     24 3 0 43517RESRV; #J SON/HMO13AA?001 3133  0 5310690       001   051359528060    00    1447      0              000000000000000000000000000000000     0     0 0     
        5330421 602121716 5477  0 6898  09302121419        2292        3633         59259302121437     18 3 0 43517RESRV; #J SON/hsl1cc?0010 8796 54       0       000   051512525900    00    1078      0              000000000000000000000000000000000     0     0 0     
        5333303 600314616 5477  0 6898  09302121421          60         328          3889302121422      1 3 0 43517RESRV;#J SON/hph355?00100 1173  1       0       000   051654517380    00      84      0              000000000000000000000000000000000     0     0 0     
        53333621115615116 5477  0 6898  09302121421         102         309          4119302121430      9 3 0 43517RESRV; #J SON/hph359?0010 2262 44       0       000   051657521740    00     517      0              000000000000000000000000000000000     0     0 0     
        53507191115620416 5477  0 6898  09302121435         106         313          4199302121443      9 3 0 43517RESRV; #J SON/hph359?0010 2262  4       0       000   052489530040    00     515      0              000000000000000000000000000000000     0     0 0     
        53576391166314516 5477  0 6898  09302121440          83         410          4939302121459     19 2 0 43517RESRV; #J SON/hlr935?001010587  2       0       000   052801539270    00    1126      0              000000000000000000000000000000000     0     0 0     
        5358492 211215512 5477  0 6898  09302121441        2322       21780        241029302121503     22 3 0 43517RESRV; #J SON/hmo11vd?001 5230  0 5310690       001   052843541880    00    1345      0              000000000000000000000000000000000     0     0 0     
        53657161313214416 5477  0 6898  09302121446         125         449          5749302121447      1 3 0 43517RESRV; #J SON/hph359?0010 2262  4       0       000   053181532260    00      45      0              000000000000000000000000000000000     0     0 0     
        5369327 257615212 5477  0 6898  09302121449         119         496          6159302121452      3 3 0 43517RESRV; #J SON/hsl0sr?0010 3138  0 5310690       001   053347535130    00     166      0              000000000000000000000000000000000     0     0 0     
        5374196 577317716 5477  0 6898  09302121453         486        9070         95569302121511     18 3 0 43517RESRV;#J SON/hsl0cm?00100 1173 30       0       000   053567546540    00    1087      0              000000000000000000000000000000000     0     0 0     
        5380833 236415312 5477  0 6898  09302121458          97         434          5319302121503      5 3 0 43517RESRV; #J SON/hlr905?0010 1781 14       0       000   053863541510    00     288      0              000000000000000000000000000000000     0     0 0     
        5381859 365021416 5477  0 6898  09302121458          95         176          2719302121501      3 3 0 43517RESRV; #J A/L4X&F0) ZQ r  8257 52       0       000   053907540730    00     166      0              000000000000000000000000000000000     0     0 0     
        5386064 365021416 5477  0 6898  09302121502         745        9968        107139302121535     34 2 0 43517RESRV; #J SON/HSL0SM?0010 8257  6       0       000   054092561270    00    2035      0              000000000000000000000000000000000     0     0 0     
        53863471122414516 5477  0 6898  09302121502         119         394          5139302121503      1 3 0 43517RESRV; #J SON/HPH380?001010401  5       0       000   054104541600    00      56      0              000000000000000000000000000000000     0     0 0     
        53905391321114416 5477  0 6898  09302121505         527        9253         97809302121523     18 3 0 43517RESRV; #J SON/HPH332?0010 8615  6       0       000   054286553900    00    1104      0              000000000000000000000000000000000     0     0 0     
        5392125 521121116 5477  0 6898  09302121506         531         709         12409302121509      3 2 0 43517RESRV;?00100137 #J SON/HR 6334 27       0       000   054353545530    00     200      0              000000000000000000000000000000000     0     0 0     
        5398428 641417316 5477  0 6898  09302121510         341        4444         47859302121516      5 3 0 43517RESRV; #J SON/hph320?001014061  0       0       000   054624549420    00     318      0              000000000000000000000000000000000     0     0 0     
        53987341321314216 5477  0 6898  09302121511         120         431          5519302121512      2 3 0 43517RESRV;#J SON/hlr946?0010014701  1       0       000   054636547270    00      91      0              000000000000000000000000000000000     0     0 0     
        5399352 301015516 5477  0 6898  09302121511         167        2187         23549302121515      4 2 0 43517RESRV;?00100045 #J SON/HP18595 31       0       000   054661549050    00     244      0              000000000000000000000000000000000     0     0 0     
        53998841313216016 5477  0 6898  09302121511         150         931         10819302121513      2 3 0 43517RESRV; #J SON/hlr564?0010 2262 26       0       000   054684548080    00     124      0              000000000000000000000000000000000     0     0 0     
        54004671036314516 5477  0 6898  09302121512         506       12643        131499302121538     26 2 0 43517RESRV; #J SON/HLR940?0010 9203  5       0       000   054709562880    00    1579      0              000000000000000000000000000000000     0     0 0     
        54008821236120216 5477  0 6898  09302121512        1005       18867        198729302121527     15 3 0 43517RESRV; #J SON/hph326?0010 2584 15       0       000   054727556160    00     889      0              000000000000000000000000000000000     0     0 0     
        5401247 351221016 5477  0 6898  09302121512         136        1042         11789302121522     10 3 0 43517RESRV; #J SON/hsl0rm?0010 5275  0       0       000   054742553490    00     607      0        540113100000000000000000000000000000000     0     0 0     
        5405483 770314116 5477  0 6898  09302121515         159         920         10799302121518      3 3 0 43517RESRV; #J SON/hph367?0010 3173  3       0       000   054920551030    00     183      0              000000000000000000000000000000000     0     0 0     
        5416329 351221112 5477  0 6898  09302121523         947        1432         23799302121529      7 3 0 43517RESRV;?00100200 #J SON/HM 5275  0       0       000   055361557570    00     396      0        541618000000000000000000000000000000000     0     0 0     
        54181591323520416 5477  0 6898  09302121524         147        2184         23319302121545     21 2 0 43517RESRV; #J SON/hlr938?0010 1059 47       0       000   055443567050    00    1262      0              000000000000000000000000000000000     0     0 0     
        5423809 521120016 5477  0 6898  09302121528         280         669          9499302121530      2 2 0 43517RESRV;?00100137 #J SON/HR 6334 16       0       000   055679557730    00      94      0              000000000000000000000000000000000     0     0 0     
        54278311315414116 5477  0 6898  09302121531         139         832          9719302121534      3 3 0 43517RESRV; #J SON/hph337?0010 9167 11       0       000   055840560300    00     190      0              000000000000000000000000000000000     0     0 0     
        5434615 657716416 5477  0 6898  09302121535         707       10611        113189302121551     16 2 0 43517RESRV; #J SON/hph375?0010 8796 24       0       000   056124570800    00     956      0              000000000000000000000000000000000     0     0 0     
        5435027 652516716 5477  0 6898  09302121536         149        2005         21549302121556     20 2 0 43517RESRV; #J SON/hlr951?0010 3654 23       0       000   056140573330    00    1193      0              000000000000000000000000000000000     0     0 0     
        54361081236114616 5477  0 6898  09302121536         257        1642         18999302121557     21 3 0 43517RESRV; #J SON/hlr934?0010 2584 22       0       000   056185574430    00    1258      0              000000000000000000000000000000000     0     0 0     
        54363551313220216 5477  0 6898  09302121537         413        8018         84319302121552     15 3 0 43517RESRV; #J SON/HLR936?0010 2262 43       0       000   056196571160    00     920      0              000000000000000000000000000000000     0     0 0     
        5436806 351215316 5477  0 6898  09302121537         739       20469        212089302121556     20 3 0 43517RESRV; #J SON/hsl0rm?0010 5275  0       0       000   056213573830    00    1170      0        543666500000000000000000000000000000000     0     0 0     
        5438329 251714216 5477  0 6898  09302121538         110         482          5929302121548     10 3 0 43517RESRV; #J SON/hlr954?0010 9141 35       0       000   056275568620    00     587      0              000000000000000000000000000000000     0     0 0     
        54480971327414312 5477  0 6898  09302121545          28          57           859302121546      1 3 0 43517RESRV; #J SON/hph348?0010 9164 10       0       000   056673567490    00      76      0              000000000000000000000000000000000     0     0 0     
        54504971327415012 5477  0 6898  09302121546          91         331          4229302121548      2 3 0 43517RESRV; #J SON/hph348?0010 9164 10       0       000   056774568690    00      95      0              000000000000000000000000000000000     0     0 0     
        54556661046715716 5477  0 6898  09302121550         235        3624         38599302121553      3 3 0 43517RESRV; #J SON/hlr554?0010 2660 12       0       000   056978571500    00     172      0              000000000000000000000000000000000     0     0 0     
        54583731027415116 5477  0 6898  09302121551         294        3241         35359302121602     11 3 0 43517RESRV; #J SON/HLR939?0010 3232 10       0       000   057089577340    00     645      0              000000000000000000000000000000000     0     0 0     
        54608721063214216 5477  0 6898  09302121553         119         399          5189302121555      2 3 0 43517RESRV; #J SON/HPH374?0010 6555  1       0       000   057190572880    00      98      0              000000000000000000000000000000000     0     0 0     
        54611561313221316 5477  0 6898  09302121553         126         380          5069302121554      1 3 0 43517RESRV; #J SON/HLR564?0010 2262 53       0       000   057203572550    00      52      0              000000000000000000000000000000000     0     0 0     
        5462304 251714416 5477  0 6898  09302121554          94         349          4439302121602      7 3 0 43517RESRV; #J SON/hlr954?0010 9141 17       0       000   057249576950    00     446      0              000000000000000000000000000000000     0     0 0     
        54637931115616316 5477  0 6898  09302121555         122         391          5139302121556      1 3 0 43517RESRV; #J SON/HLR563?0010 2262 30       0       000   057306573530    00      47      0              000000000000000000000000000000000     0     0 0     
        5464631 536614516 5477  0 6898  09302121556         190         426          6169302121558      2 3 0 43517RESRV; #J SON/HPH385?001010342  6       0       000   057339574690    00     130      0              000000000000000000000000000000000     0     0 0     
        5470120 536615316 5477  0 6898  09302121559         257        2220         24779302121603      4 3 0 43517RESRV; #J SON/HPH385?001010342  3       0       000   057563577730    00     210      0              000000000000000000000000000000000     0     0 0     
        54706491327414312 5477  0 6898  09302121560         133         779          9129302121604      4 3 0 43517RESRV; #J SON/hph348?0010 9164  2       0       000   057584578110    00     227      0              000000000000000000000000000000000     0     0 0     
        5472557 257616016 5477  0 6898  09302121601          88         373          4619302121602      1 3 0 43517RESRV; #J SON/hsl0sa?0010 5275  0       0       000   057657577050    00      48      0        547241600000000000000000000000000000000     0     0 0     
        54746051272014116 5477  0 6898  09302121602         341        6525         68669302121611      9 3 0 43517RESRV; #J SON/hph314?0010 4101 10       0       000   057737582790    00     542      0              000000000000000000000000000000000     0     0 0     
        54788261027415116 5477  0 6898  09302121605         102         308          4109302121614      9 3 0 43517RESRV; #J SON/HLR939?0010 3232 11       0       000   057908584220    00     514      0              000000000000000000000000000000000     0     0 0     
        541323321116 5477  0 6898  09302121613         197        3173         33709302121629     15 2 0 43517RESRV; #J SON/hlr938?0010 1059 51       0       000   058408593290    00     921      0              000000000000000000000000000000000     0     0 0     
        5499632 635417616 5477  0 6898  09302121619        1660       29009        306699302121640     21 3 0 43517RESRV; #J SON/hph335?0010 1551 35       0       000   058747600270    00    1280      0              000000000000000000000000000000000     0     0 0     
        5507235 257615612 5477  0 6898  09302121624         151        1268         14199302121632      8 3 0 43517RESRV; #J SON/hsl0ac?0010 5275  0       0       000   059057595480    00     491      0        550708800000000000000000000000000000000     0     0 0     
        55087741036316616 5477  0 6898  09302121625         174        2194         23689302121641     16 2 0 43517RESRV; #J SON/HLR940?0010 9203 31       0       000   059120600720    00     952      0              000000000000000000000000000000000     0     0 0     
        5515988 351215012 5477  0 6898  09302121630         182        1860         20429302121635      4 3 0 43517RESRV; #J SON/hsl0gs?0010 5275  0       0       000   059420596860    00     266      0        551587100000000000000000000000000000000     0     0 0     
        5523770 336215716 5477  0 6898  09302121636          73         195          2689302121637      1 3 0 43517RESRV; #J SON/hir934?0010 2584 14       0       000   059731598100    00      79      0              000000000000000000000000000000000     0     0 0     
        55269671236121116 5477  0 6898  09302121638         329        4561         48909302121650     12 3 0 43517RESRV; #J SON/hlr934?0010 2584 47       0       000   059866606040    00     738      0              000000000000000000000000000000000     0     0 0     
        55305941115621716 5477  0 6898  09302121640         127         492          6199302121641      1 3 0 43517RESRV; #J SON/HLR564?0010 2262 40       0       000   060017600750    00      58      0              000000000000000000000000000000000     0     0 0     
        55330511115614216 5477  0 6898  09302121642         122         440          5629302121644      2 3 0 43517RESRV; #J SON/HLR563?0010 2262 14       0       000   060120602620    00     142      0              000000000000000000000000000000000     0     0 0     
        55360761327415516 5477  0 6898  09302121644         165        1029         11949302121646      2 3 0 43517RESRV; #J SON/hlr914?0010 9164 22       0       000   060251603580    00     107      0              000000000000000000000000000000000     0     0 0     
        5540417 602114612 5477  0 6898  09302121647         877       13282        141599302121701     13 3 0 43517RESRV; #J SON/hlr926?0010 8796 52       0       000   060434612390    00     805      0              000000000000000000000000000000000     0     0 0     
        5552532 266517316 5477  0 6898  09302121656          92         363          4559302121704      9 3 0 43517RESRV; #J SON/HLR956?0010 9183  5       0       000   060940614520    00     512      0              000000000000000000000000000000000     0     0 0     
        5556695 577316516 5477  0 6898  09302121659         528        9770        102989302121705      6 3 0 43517RESRV;#J SON/hph355?00100 1173 27       0       000   061122614920    00     370      0              000000000000000000000000000000000     0     0 0     
        5568102 577316516 5477  0 6898  09302121707         122         432          5549302121710      3 3 0 43517RESRV;#J SON/hlr300?00100 1173 16       0       000   061633617940    00     161      0              000000000000000000000000000000000     0     0 0     
        5573152 577315512 5477  0 6898  09302121711         301        6973         72749302121719      8 3 0 43517RESRV;#J SON/hlr559?00100 1173  0       0       000   061857623510    00     494      0              000000000000000000000000000000000     0     0 0     
        5579280 536614116 5477  0 6898  09302121716         219        3073         32929302121723      8 3 0 43517RESRV; #J SON/hph385?001010342  1       0       000   062138625960    00     458      0              000000000000000000000000000000000     0     0 0     
        55845031323317016 5477  0 6898  09302121720         249        4072         43219302121745     25 2 0 43517RESRV; #J SON/hlr 938?001 1059  1       0       000   062390639120    00    1522      0              000000000000000000000000000000000     0     0 0     
        5589083 536614116 5477  0 6898  09302121724         118         441          5599302121725      1 3 0 43517RESRV; #J SON/hph385?001010342  0       0       000   062615626940    00      79      0              000000000000000000000000000000000     0     0 0     
        5597003 434315416 5477  0 6898  09302121730          40         163          2039302121732      2 3 0 43517RESRV; #J SON/hp324?00100 2948  2       0       000   062993630980    00     105      0              000000000000000000000000000000000     0     0 0     
        55992411166314516 5477  0 6898  09302121732         393        9417         98109302121752     20 2 0 43517RESRV; #J SON/hlr935?001010587  5       0       000   063105643120    00    1207      0              000000000000000000000000000000000     0     0 0     
        5600433 434316416 5477  0 6898  09302121733         625        8279         89049302121738      5 3 0 43517RESRV; #J SON/hph324?0010 2948 26       0       000   063163634820    00     319      0              000000000000000000000000000000000     0     0 0     
        5601589 336214416 5477  0 6898  09302121734         811       13387        141989302121744     10 3 0 43517RESRV; #J SON/hph326?0010 2584  0       0       000   063218638300    00     612      0              000000000000000000000000000000000     0     0 0     
        5606380 266514116 5477  0 6898  09302121737         113         379          4929302121746      9 3 0 43517RESRV; #J SON/hlr956?0010 9183  1       0       000   063441639550    00     514      0              000000000000000000000000000000000     0     0 0     
        56080151236120216 5477  0 6898  09302121739         569        7318         78879302121759     20 3 0 43517RESRV; #J SON/hlr934?0010 2584  2       0       000   063523647250    00    1202      0              000000000000000000000000000000000     0     0 0     
        5619518 266517516 5477  0 6898  09302121748         517        5019         55369302121801     13 3 0 43517RESRV; #J SON/hlr956?0010 9183 32       0       000   064076648340    00     758      0              000000000000000000000000000000000     0     0 0     
        5636249 553117316 5477  0 6898  09302121802         416        8432         88489302121835     34 3 0 43517RESRV; #J SON/hph076?0010 9581 42       0       000   064893669060    00    2013      0              000000000000000000000000000000000     0     0 0     
        5637308 641415316 5477  0 6898  09302121802         172        2422         25949302121805      2 3 0 43517RESRV; #J SON/hph320?001014061 10       0       000   064943650880    00     145      0              000000000000000000000000000000000     0     0 0     
        56421911323417316 5477  0 6898  09302121806         174        2129         23039302121820     14 2 0 43517RESRV; #J SON/hlr 938?001 1059 27       0       000   065175659930    00     818      0              000000000000000000000000000000000     0     0 0     
        5647280 360614216 5477  0 6898  09302121810         201        3451         36529302121814      3 2 0 43517RESRV;?00100108 #J SON/HP 3326  2       0       000   065427656100    00     183      0              000000000000000000000000000000000     0     0 0     
        56600871323316116 5477  0 6898  09302121821         218        2603         28219302121824      3 3 0 43517RESRV; #J SON/hph343?0010 1059 16       0       000   066042662240    00     182      0              000000000000000000000000000000000     0     0 0     
        56608061323321616 5477  0 6898  09302121821         196        1199         13959302121825      4 3 0 43517RESRV; #J SON/hsl0md?0010 1059  5       0       000   066076662900    00     214      0              000000000000000000000000000000000     0     0 0     
        56636551134615616 5477  0 6898  09302121824         263        4751         50149302121836     13 2 0 43517RESRV;?00100126 #J SON/HP 7123  3       0       000   066212669820    00     770      0              000000000000000000000000000000000     0     0 0     
        56665491323415316 5477  0 6898  09302121826         487       11944        124319302121858     32 2 0 43517RESRV; #J SON/hsl0md?0010 1059 23       0       000   066349682590    00    1910      0              000000000000000000000000000000000     0     0 0     
        5669086 602120216 5477  0 6898  09302121828         518        8241         87599302121834      6 3 0 43517RESRV; #J SON/hsl1cc?0010 8796 56       0       000   066469668100    00     341      0              000000000000000000000000000000000     0     0 0     
        56697011131417112 5477  0 6898  09302121828          89         332          4219302121829      1 2 0 43517RESRV;?00100044 #J SON/hp 8963 27       0       000   066497665380    00      41      0              000000000000000000000000000000000     0     0 0     
        5672112 577317712 5477  0 6898  09302121830         163        2674         28379302121835      5 3 0 43517RESRV;#J SON/HLR559?00100 1173 35       0       000   066613669000    00     287      0              000000000000000000000000000000000     0     0 0     
        5675561 734614616 5477  0 6898  09302121833         434        6059         64939302121840      7 3 0 43517RESRV; #J SON/hmo16la?001 9533  5       0       000   066780672270    00     447      0              000000000000000000000000000000000     0     0 0     
        5683791 233114716 5477  0 6898  09302121840         317        4772         50899302121843      3 3 0 43517RESRV; #J SON/hlr942?0010 9170  3       0       000   067172673710    00     199      0              000000000000000000000000000000000     0     0 0     
        56845301327416012 5477  0 6898  09302121840         251        2829         30809302121847      7 3 0 43517RESRV; #J SON/hph348?0010 9164 20       0       000   067209676120    00     403      0              000000000000000000000000000000000     0     0 0     
        5685343 577316016 5477  0 6898  09302121841          40         107          1479302121842      2 3 0 43517RESRV;#J SON/Hslocm?00100 1173 13       0       000   067249673410    00      92      0              000000000000000000000000000000000     0     0 0     
        5686152 365014316 5477  0 6898  09302121842         493       10416        109099302121904     23 2 0 43517RESRV; #J SON/HSL0SM?0010 8257 40       0       000   067290686550    00    1365      0              000000000000000000000000000000000     0     0 0     
        5689348 730214616 5477  0 6898  09302121844         330        7312         76429302121851      7 3 0 43517RESRV; #J SON/hmo16la?001 9533 14       0       000   067444678810    00     437      0              000000000000000000000000000000000     0     0 0     
        5691380 577315516 5477  0 6898  09302121846          41         112          1539302121847      2 3 0 43517RESRV;#J SON/HSLOCM?00100 1173 25       0       000   067538676300    00      92      0              000000000000000000000000000000000     0     0 0     
        56919661131415312 5477  0 6898  09302121846          89         332          4219302121847      1 2 0 43517RESRV;?00100044 #J SON/hp 8963  4       0       000   067566676350    00      69      0              000000000000000000000000000000000     0     0 0     
        5692859 360614716 5477  0 6898  09302121847         174        2961         31359302121857     10 2 0 43517RESRV;?00100104 #J SON/HP 3326  2       0       000   067607682250    00     618      0              000000000000000000000000000000000     0     0 0     
        5695823 577316716 5477  0 6898  09302121849        1128       33008        341369302122000     71 3 0 43517RESRV;#J SON/hSL0CM?00100 1173 33       0       000   067747720020    00    4255      0              000000000000000000000000000000000     0     0 0     
        57006641323315416 5477  0 6898  09302121853          83         387          4709302121912     19 2 0 43517RESRV; #J SON/hlr 938?001 1059 12       0       000   067989691010    00    1112      0              000000000000000000000000000000000     0     0 0     
        5700777 730221116 5477  0 6898  09302121853         135         313          4489302121904     11 2 0 43517RESRV; #J SON/hmo16la?001 9533 43       0       000   067995686560    00     661      0              000000000000000000000000000000000     0     0 0     
        5703151 417615616 5477  0 6898  09302121855         595       13795        143909302121903      8 3 0 43517RESRV; #J SON/hsl0pw?0010 8795 44       0       000   068106685700    00     464      0              000000000000000000000000000000000     0     0 0     
        57072011313217216 5477  0 6898  09302121859         426        1918         23449302121907      9 3 0 43517RESRV; #J SON/HLR564?0010 2262 24       0       000   068310688280    00     518      0              000000000000000000000000000000000     0     0 0     
        57181531142016316 5477  0 6898  09302121906         108         454          5629302121907      1 3 0 43517RESRV; #J SON/HLR546?0010 6506 22       0       000   068788688290    00      41      0              000000000000000000000000000000000     0     0 0     
        57204261142015116 5477  0 6898  09302121908         108         454          5629302121909      1 3 0 43517RESRV; #J SON/HLR547?0010 6506  7       0       000   068890689310    00      41      0              000000000000000000000000000000000     0     0 0     
        57213561115621216 5477  0 6898  09302121909         131         443          5749302121910      1 3 0 43517RESRV; #J SON/HLR563?0010 2262 50       0       000   068932690040    00      72      0              000000000000000000000000000000000     0     0 0     
        57223781142016316 5477  0 6898  09302121910         107         436          5439302121910      1 3 0 43517RESRV; #J SON/HLR380?0010 6506  2       0       000   068978690180    00      40      0              000000000000000000000000000000000     0     0 0     
        57494241236121516 5477  0 6898  09302121931         259        3420         36799302121944     13 3 0 43517RESRV; #J SON/hlr934?0010 2584 50       0       000   070244710380    00     794      0              000000000000000000000000000000000     0     0 0     
        57541651027414416 5477  0 6898  09302121934         105         301          4069302121943      9 3 0 43517RESRV; #J SON/HLR939?0010 3232  2       0       000   070466709810    00     515      0              000000000000000000000000000000000     0     0 0     
        5754569 724716516 5477  0 6898  09302121935         204        1402         16069302121936      2 3 0 43517RESRV; #J SON/HLR548?0010 9169 24       0       000   070485705830    00      98      0              000000000000000000000000000000000     0     0 0     
        57621791327316516 5477  0 6898  09302121941         150        1387         15379302121945      5 3 0 43517RESRV; #J SON/hph321?0010 8944 11       0       000   070840711130    00     273      0              000000000000000000000000000000000     0     0 0     
        5767791 251715416 5477  0 6898  09302121945         189        1647         18369302121956     10 3 0 43517RESRV; #J SON/hlr954?0010 9141 17       0       000   071113717400    00     627      0              000000000000000000000000000000000     0     0 0     
        5782700 263115212 5477  0 6898  09302121957          99         445          5449302122005      8 3 0 43517RESRV; #J SON/HLR971?0010 2528 14       0       000   071821723130    00     492      0              000000000000000000000000000000000     0     0 0     
        5785275 602116116 5477  0 6898  09302121959          95         292          3879302122008      9 3 0 43517RESRV; #J SON/hph375?0010 8796  2       0       000   071942724540    00     512      0              000000000000000000000000000000000     0     0 0     
        5789148 577315516 5477  0 6898  09302122002         346        4567         49139302122006      4 3 0 43517RESRV;#J SON/hph356?00100 1173 11       0       000   072120723630    00     243      0              000000000000000000000000000000000     0     0 0     
        5795673 577315416 5477  0 6898  09302122007         104         371          4759302122008      1 3 0 43517RESRV;#J SON/hph355?00100 1173 11       0       000   072424724970    00      73      0              000000000000000000000000000000000     0     0 0     
        5803532 536615016 5477  0 6898  09302122013         210        1429         16399302122019      5 3 0 43517RESRV; #J SON/hph385?001010342  6       0       000   072793731220    00     329      0              000000000000000000000000000000000     0     0 0     
        5814975 257615116 5477  0 6898  09302122022         142        1431         15739302122027      5 3 0 43517RESRV; #J SON/hlr561?0010 5275  0       0       000   073336736160    00     280      0        581487600000000000000000000000000000000     0     0 0     
        58216041323316516 5477  0 6898  09302122027         300         493          7939302122030      2 3 0 43517RESRV; #J SON/HPH376?0010 1059 32       0       000   073641737890    00     148      0              000000000000000000000000000000000     0     0 0     
        58283921115616316 5477  0 6898  09302122033         114         395          5099302122034      1 3 0 43517RESRV; #J SON/hlr563?0010 2262 35       0       000   073954740200    00      66      0              000000000000000000000000000000000     0     0 0     
        58289241327415712 5477  0 6898  09302122033          90         374          4649302122034      1 3 0 43517RESRV; #J SON/hph348?0010 9164 15       0       000   073979740360    00      57      0              000000000000000000000000000000000     0     0 0     
        58307551115615616 5477  0 6898  09302122034         210         994         12049302122039      5 3 0 43517RESRV; #J SON/hlr564?0010 2262  2       0       000   074067743450    00     278      0              000000000000000000000000000000000     0     0 0     
        5832015 434322016 5477  0 6898  09302122036         575        8106         86819302122040      5 3 0 43517RESRV; #J SON/hph324?0010 2948 51       0       000   074130744090    00     279      0              000000000000000000000000000000000     0     0 0     
        58365251134616516 5477  0 6898  09302122039         258        4943         52019302122052     13 2 0 43517RESRV;?00100126 #J SON/HP 7123 23       0       000   074347751360    00     789      0              000000000000000000000000000000000     0     0 0     
        58400161115616016 5477  0 6898  09302122042         194        1017         12119302122045      3 3 0 43517RESRV; #J SON/hlr564?0010 2262 56       0       000   074514747210    00     207      0              000000000000000000000000000000000     0     0 0     
        5840442 223515016 5477  0 6898  09302122042         224        3650         38749302122046      3 3 0 43517RESRV; #J SON/hph384?0010 9170 13       0       000   074535747410    00     206      0              000000000000000000000000000000000     0     0 0     
        5842159 602121616 5477  0 6898  09302122044        1020       19822        208429302122106     23 2 0 43517RESRV; #J SON/hph375?0010 8796 16       0       000   074614759660    00    1352      0              000000000000000000000000000000000     0     0 0     
        5842214 430414716 5477  0 6898  09302122044         126         321          4479302122045      1 3 0 43517RESRV; #J SON/hph330?0010 9128 11       0       000   074617746820    00      65      0              000000000000000000000000000000000     0     0 0     
        5845170 430414716 5477  0 6898  09302122046         136         326          4629302122047      1 3 0 43517RESRV; #J SON/hph330?0010 9128 11       0       000   074763748250    00      62      0              000000000000000000000000000000000     0     0 0     
        5851041 577315416 5477  0 6898  09302122051         306        6126         64329302122055      4 3 0 43517RESRV;#J SON/HLR954?00100 1173  4       0       000   075040753050    00     265      0              000000000000000000000000000000000     0     0 0     
        5853138 641416616 5477  0 6898  09302122052         482        3431         39139302122058      6 3 0 43517RESRV; #J SON/hph320?001014061 27       0       000   075141755080    00     367      0              000000000000000000000000000000000     0     0 0     
        5856327 615114416 5477  0 6898  09302122055         421       10840        112619302122106     11 2 0 43517RESRV;?00100129 #J SON/hp 1785  3       0       000   075300759690    00     669      0              000000000000000000000000000000000     0     0 0     
        5857729 206614212 5477  0 6898  09302122056         395        9356         97519302122119     23 2 0 43517RESRV; #J SON/hph383?0010 5397  0       0       000   075365767190    00    1354      0              000000000000000000000000000000000     0     0 0     
        5859342 755316312 5477  0 6898  09302122057         464       10702        111669302122112     14 3 0 43517RESRV; #J SON/hph307?0010 3828  0       0       000   075441763060    00     865      0              000000000000000000000000000000000     0     0 0     
        58607541131416312 5477  0 6898  09302122058          73         245          3189302122059      1 2 0 43517RESRV;?00100044 #J SON/hp 8963  7       0       000   075509755530    00      44      0              000000000000000000000000000000000     0     0 0     
        5866738 536614616 5477  0 6898  09302122103         110         393          5039302122104      1 3 0 43517RESRV; #J SON/HPH385?001010342  3       0       000   075792758540    00      62      0              000000000000000000000000000000000     0     0 0     
        5868269 245316412 5477  0 6898  09302122104         292        7668         79609302122132     27 3 0 43517RESRV; #J SON/hph325?0010  664 21       0       000   075863774910    00    1628      0              000000000000000000000000000000000     0     0 0     
        58763531115620616 5477  0 6898  09302122111         129         453          5829302122112      1 3 0 43517RESRV; #J SON/hlr563?0010 2262 33       0       000   076251763390    00      88      0              000000000000000000000000000000000     0     0 0     
        5877789 430416016 5477  0 6898  09302122112         132         322          4549302122113      1 3 0 43517RESRV; #J SON/hph330?0010 9128 20       0       000   076318763740    00      56      0              000000000000000000000000000000000     0     0 0     
        58795911115617616 5477  0 6898  09302122113         366        1497         18639302122120      6 3 0 43517RESRV; #J SON/hlr564?0010 2262 31       0       000   076406767860    00     380      0              000000000000000000000000000000000     0     0 0     
        58826401327414616 5477  0 6898  09302122116         521        9366         98879302122134     18 3 0 43517RESRV; #J SON/hlr914?0010 9164  0       0       000   076555776210    00    1066      0              000000000000000000000000000000000     0     0 0     
        5883680 600315112 5477  0 6898  09302122117         573        5081         56549302122122      5 3 0 43517RESRV;#J SON/HLR559?00100 1173  1       0       000   076604769300    00     326      0              000000000000000000000000000000000     0     0 0     
        58845981327415212 5477  0 6898  09302122117          91         386          4779302122118      1 3 0 43517RESRV; #J SON/hph348?0010 9164 17       0       000   076649766940    00      45      0              000000000000000000000000000000000     0     0 0     
        58889821327414316 5477  0 6898  09302122121         394        2296         26909302122124      3 3 0 43517RESRV; #J SON/hlr55lh?001 9164  5       0       000   076854770370    00     183      0              000000000000000000000000000000000     0     0 0     
        58906761236114116 5477  0 6898  09302122122        1267       26777        280449302122137     15 3 0 43517RESRV; #J SON/hph326?0010 2584  1       0       000   076937778110    00     874      0              000000000000000000000000000000000     0     0 0     
        5903315 245316412 5477  0 6898  09302122133         459       10580        110399302122228     55 2 0 43517RESRV; #J SON/hph325?0010  664 21       0       000   077550808520    00    3302      0              000000000000000000000000000000000     0     0 0     
        59112241115617416 5477  0 6898  09302122138         153        1215         13689302122142      4 3 0 43517RESRV; #J SON/hph359?0010 2262 26       0       000   077891781410    00     250      0              000000000000000000000000000000000     0     0 0     
        59151131323415316 5477  0 6898  09302122141          81         432          5139302122152     11 2 0 43517RESRV; #J SON/hlr 938?001 1059 22       0       000   078062787240    00     662      0              000000000000000000000000000000000     0     0 0     
        5915731 365021616 5477  0 6898  09302122141         588        6805         73939302122234     52 2 0 43517RESRV; #J SON/HSL0SM?0010 8257 57       0       000   078089812210    00    3132      0              000000000000000000000000000000000     0     0 0     
        59200451115620116 5477  0 6898  09302122145         119         441          5609302122146      1 3 0 43517RESRV; #J SON/HLR563?0010 2262 17       0       000   078278783430    00      65      0              000000000000000000000000000000000     0     0 0     
        5921241 536615216 5477  0 6898  09302122145         116         400          5169302122147      1 3 0 43517RESRV; #J SON/hph385?001010342  5       0       000   078327784100    00      83      0              000000000000000000000000000000000     0     0 0     
        59228441115615616 5477  0 6898  09302122147         121         394          5159302122147      1 3 0 43517RESRV; #J SON/HLR564?0010 2262  6       0       000   078397784400    00      43      0              000000000000000000000000000000000     0     0 0     
        59260131334515316 5477  0 6898  09302122149         250        1285         15359302122228     39 2 0 43517RESRV; #J SON/hlr558?001013471  2       0       000   078532808900    00    2358      0              000000000000000000000000000000000     0     0 0     
        59355361027416116 5477  0 6898  09302122156         217        2933         31509302122160      4 3 0 43517RESRV; #J SON/HLR939?0010 3232 21       0       000   078962791860    00     224      0              000000000000000000000000000000000     0     0 0     
        59416681323414516 5477  0 6898  09302122201         374        6238         66129302122233     32 2 0 43517RESRV; #J SON/hlr 938?001 1059  4       0       000   079284811800    00    1896      0              000000000000000000000000000000000     0     0 0     
        59438721323320616 5477  0 6898  09302122203         327        6831         71589302122220     17 2 0 43517RESRV; #J SON/hsl0md?0010 1059 34       0       000   079401804280    00    1027      0              000000000000000000000000000000000     0     0 0     
        59490401166314216 5477  0 6898  09302122208          83         410          4939302122227     19 2 0 43517RESRV; #J SON/hlr935?001010587  1       0       000   079677808170    00    1140      0              000000000000000000000000000000000     0     0 0     
        5950475 641416116 5477  0 6898  09302122209         216        3126         33429302122213      3 3 0 43517RESRV; #J SON/HPH320?001014061 21       0       000   079757799550    00     198      0              000000000000000000000000000000000     0     0 0     
        59505931236117216 5477  0 6898  09302122209         166         922         10889302122214      4 3 0 43517RESRV; #J SON/hlr934?0010 2584 34       0       000   079763800240    00     261      0              000000000000000000000000000000000     0     0 0     
        59601951236115716 5477  0 6898  09302122219         320        6345         66659302122236     17 3 0 43517RESRV; #J SON/hlr934?0010 2584 23       0       000   080313813480    00    1035      0              000000000000000000000000000000000     0     0 0     
        5968291 417614416 5477  0 6898  09302122226         534        2894         34289302122230      4 3 0 43517RESRV; #J SON/hsl0pw?0010 8795  3       0       000   080788810040    00     216      0              000000000000000000000000000000000     0     0 0     
        5968382 301014416 5477  0 6898  09302122227         115         749          8649302122228      2 2 0 43517RESRV;?00100045 #J SON/HP18595 31       0       000   080792809070    00     115      0              000000000000000000000000000000000     0     0 0     
        59730251327414312 5477  0 6898  09302122231         179        2465         26449302122233      2 3 0 43517RESRV; #J SON/hph348?0010 9164  6       0       000   081052811980    00     146      0              000000000000000000000000000000000     0     0 0     
        59802761323314716 5477  0 6898  09302122238         330        8151         84819302122256     18 2 0 43517RESRV; #J SON/hlr 938?001 1059 10       0       000   081482825660    00    1084      0              000000000000000000000000000000000     0     0 0     
        5981078 602115116 5477  0 6898  09302122239         426        8166         85929302122249     10 3 0 43517RESRV; #J SON/hsl1cc?0010 8796 21       0       000   081529821470    00     618      0              000000000000000000000000000000000     0     0 0     
        5982792 615114412 5477  0 6898  09302122241         367        2284         26519302122243      3 3 0 43517RESRV; #J SON/hlr560?0010 1785  4       0       000   081633818030    00     170      0              000000000000000000000000000000000     0     0 0     
        59858191114417412 5477  0 6898  09302122244         131        1320         14519302122256     12 3 0 43517RESRV; #J SON/HPH317?0010 4017  1       0       000   081822825700    00     748      0              000000000000000000000000000000000     0     0 0     
        5988017 430415716 5477  0 6898  09302122246          92         792          8849302122249      3 3 0 43517RESRV; #J SON/hph330?0010 9128  5       0       000   081953821410    00     188      0              000000000000000000000000000000000     0     0 0     
        5992245 430414516 5477  0 6898  09302122250         342        7169         75119302122254      4 3 0 43517RESRV; #J SON/hph330?0010 9128  2       0       000   082216824470    00     231      0              000000000000000000000000000000000     0     0 0     
        6007405 730222116 5477  0 6898  09302122306         149         338          4879302122307      1 3 0 43517RESRV; #J SON/hmo16ha?001 9533 14       0       000   083186832220    00      36      0              000000000000000000000000000000000     0     0 0     
        60086741272014316 5477  0 6898  09302122308         599       15916        165159302122317      9 3 0 43517RESRV; #J SON/hph314?0010 4101  1       0       000   083273838350    00     562      0              000000000000000000000000000000000     0     0 0     
        60225941323314316 5477  0 6898  09302122324         278        3770         40489302122328      4 3 0 43517RESRV; #J SON/hlr 938?001 1059 11       0       000   084234845020    00     268      0              000000000000000000000000000000000     0     0 0     
        60262261327414112 5477  0 6898  09302122328         156        1754         19109302122330      2 3 0 43517RESRV; #J SON/hph348?0010 9164  5       0       000   084491846230    00     132      0              000000000000000000000000000000000     0     0 0     
        6028613 223522216 5477  0 6898  09302122331         227        3157         33849302122333      2 3 0 43517RESRV; #J SON/hlr942?0010 9170 57       0       000   084656847940    00     138      0              000000000000000000000000000000000     0     0 0     
        6032611 724714516 5477  0 6898  09302122336         163         499          6629302122338      2 3 0 43517RESRV; #J SON/HPH350?0010 9169  2       0       000   084944850810    00     137      0              000000000000000000000000000000000     0     0 0     
        6035067 724714516 5477  0 6898  09302122339         851       12795        136469302122353     14 3 0 43517RESRV; #J SON/HPH350?0010 9169  0       0       000   085116859570    00     841      0              000000000000000000000000000000000     0     0 0     
        60351531321314116 5477  0 6898  09302122339          79         295          3749302122350     11 3 0 43517RESRV;#J SON/hlr946?0010014701  1       0       000   085122857870    00     665      0              000000000000000000000000000000000     0     0 0     
        60403431131417312 5477  0 6898  09302122345         266        4966         52329302122352      7 3 0 43517RESRV;?00100044 #J SON/hp 8963 34       0       000   085505859360    00     431      0              000000000000000000000000000000000     0     0 0     
        60469301166314212 5477  0 6898  09302122353          89         332          4219302122355      1 2 0 43517RESRV;?00100092 #J SON/hp10587 21       0       000   086004860750    00      71      0              000000000000000000000000000000000     0     0 0     
       115470901323314216 5477  0 6898  09302112306         261        4606         48679302112323     1684 0 43517RESRV; #J SON/hsl0md?0010 1059 20       0       000   083177841653    00     988      0              000000000000000000000000000000000     0     0 0     
       11571196 257616312 5477  0 6898  09302112331        1726       43943        45669930212  41     70 3 0 43517RESRV;?00100200 #J SON/hm 5275  0       0       000   084681 24550    00    4174      0       1157108700000000000000000000000000000000     0     0 0     
       11587920 223522216 5477  0 6898  09302112349        1032       11068        12100930212   4     15 3 0 43517RESRV; #J SON/hph384?0010 9170 20       0       000   085751  2370    00     886      0              000000000000000000000000000000000     0     0 0     
       11602638 577314416 5477  0 6898  0930212   3         121        1288         1409930212   6      3 3 0 43517RESRV;#J SON/hsl0cm?00100 1173  1       0       000   0  188  3420    00     154      0              000000000000000000000000000000000     0     0 0     
       116094891323321416 5477  0 6898  0930212   9          85         413          498930212  21     11 2 0 43517RESRV; #J SON/hsl0md?0010 1059 37       0       000   0  563 12350    00     672      0              000000000000000000000000000000000     0     0 0     
       11609625 637415216 5477  0 6898  0930212  10         459        3997         4456930212  24     14 2 0 43517RESRV; #J SON/hph333?001013943  7       0       000   0  570 14160    00     846      0              000000000000000000000000000000000     0     0 0     
       11610240 351215112 5477  0 6898  0930212  10          69        1105         1174930212  13      3 3 0 43517RESRV; #J SON/hsg03v?0010 5368  0       0       000   0  609  8060    00     197      0       1161009000000000000000000000000000000000     0     0 0     
       116156601131415412 5477  0 6898  0930212  15         127        1250         1377930212  17      2 2 0 43517RESRV;?00100044 #J SON/hp 8963 16       0       000   0  912 10020    00      90      0              000000000000000000000000000000000     0     0 0     
       11616898 351214712 5477  0 6898  0930212  16          89        2342         2431930212  21      5 3 0 43517RESRV; #J SON/hsg03v?0010 5368  0       0       000   0  977 12610    00     284      0       1161676700000000000000000000000000000000     0     0 0     
       116208341321314316 5477  0 6898  0930212  21         149        1496         1645930212  23      3 3 0 43517RESRV;#J SON/hlr946?0010014701  1       0       000   0 1239 13890    00     150      0              000000000000000000000000000000000     0     0 0     
       11634662 400317212 5477  0 6898  0930212  36         431        9754        10185930212  44      8 3 0 43517RESRV; #J SON/hmo18fa?001 5368  0       0       000   0 2163 26600    00     497      0       1163454900000000000000000000000000000000     0     0 0     
       116358921027414216 5477  0 6898  0930212  37         177        1240         1417930212  41      3 3 0 43517RESRV; #J SON/HLR939?0010 3232 10       0       000   0 2248 24400    00     192      0              000000000000000000000000000000000     0     0 0     
       116405401323315416 5477  0 6898  0930212  43         136        1490         1626930212  56     13 2 0 43517RESRV; #J SON/hlr938?0010 1059 37       0       000   0 2572 33310    00     759      0              000000000000000000000000000000000     0     0 0     
       11641979 251714616 5477  0 6898  0930212  45         189        1736         1925930212  54     10 3 0 43517RESRV; #J SON/hlr954?0010 9141  1       0       000   0 2674 32450    00     571      0              000000000000000000000000000000000     0     0 0     
       11642398 360615016 5477  0 6898  0930212  45         220        1396         1616930212 100     15 2 0 43517RESRV;?00100108 #J SON/HP 3326  5       0       000   0 2705 36020    00     897      0              000000000000000000000000000000000     0     0 0     
       11644966 257614112 5477  0 6898  0930212  48          25         157          182930212  51      3 3 0 43517RESRV; #J SON/hsg10lk?001 2162  0 5310690       001   0 2884 30880    00     204      0              000000000000000000000000000000000     0     0 0     
       11647342 257615612 5477  0 6898  0930212  51          25         103          128930212  55      4 3 0 43517RESRV; #J SON/hsg10lk?001 2162  0 5310690       001   0 3052 32830    00     231      0              000000000000000000000000000000000     0     0 0     
       11650012 257614112 5477  0 6898  0930212  54         233        3152         3385930212 105     11 3 0 43517RESRV; #J SON/hsg10lk?001 2162  0 5310690       001   0 3240 38740    00     634      0              000000000000000000000000000000000     0     0 0     
       116628381315414116 5477  0 6898  0930212 109         205        3098         3303930212 120     11 3 0 43517RESRV; #J SON/hph337?0010 9167  0       0       000   0 4157 48050    00     648      0              000000000000000000000000000000000     0     0 0     
       11663053 211215112 5477  0 6898  0930212 110         962       29117        30079930212 133     23 3 0 43517RESRV; #J SON/HSG12NC?001 5230  0 5310690       001   0 4174 55650    00    1391      0              000000000000000000000000000000000     0     0 0     
       11666122 400315112 5477  0 6898  0930212 113         161        3288         3449930212 116      3 3 0 43517RESRV; #J SON/hph331?0010 5368  0       0       000   0 4402 45730    00     171      0       1166603000000000000000000000000000000000     0     0 0     
       11672421 730215516 5477  0 6898  0930212 121         226        3644         3870930212 136     15 2 0 43517RESRV; #J SON/HMO16HA?001 9533 10       0       000   0 4880 57560    00     876      0              000000000000000000000000000000000     0     0 0     
       11674330 755316012 5477  0 6898  0930212 124         145        1424         1569930212 129      5 3 0 43517RESRV; #J SON/hph307?0010 3828  0       0       000   0 5026 53490    00     323      0              000000000000000000000000000000000     0     0 0     
       11674360 257616312 5477  0 6898  0930212 124         147        2777         2924930212 131      7 3 0 43517RESRV;?00100200 #J SON/hm 5275  0       0       000   0 5029 54470    00     418      0       1167427500000000000000000000000000000000     0     0 0     
       11674440 266515516 5477  0 6898  0930212 124        1185        6890         8075930212 143     19 3 0 43517RESRV; #J SON/hlr956?0010 9183 12       0       000   0 5035 61800    00    1145      0              000000000000000000000000000000000     0     0 0     
       11674843 724714316 5477  0 6898  0930212 124         854       14077        14931930212 133      9 3 0 43517RESRV; #J SON/HPH350?0010 9169 10       0       000   0 5068 55880    00     520      0              000000000000000000000000000000000     0     0 0     
       116759261327415216 5477  0 6898  0930212 126         259        4541         4800930212 129      3 3 0 43517RESRV; #J SON/hlr914?0010 9164 10       0       000   0 5159 53280    00     169      0              000000000000000000000000000000000     0     0 0     
       11678151 211221712 5477  0 6898  0930212 129        1849       58675        60524930212 210     41 3 0 43517RESRV; #J SON/hmo11sk?001 5230  0 5310690       001   0 5339 77860    00    2447      0              000000000000000000000000000000000     0     0 0     
       11679364 755316712 5477  0 6898  0930212 130         322        7324         7646930212 202     31 3 0 43517RESRV; #J SON/hph307?0010 3828  0       0       000   0 5428 73140    00    1886      0              000000000000000000000000000000000     0     0 0     
       11681448 4003151 1 5477  0 6898  0930212 133         565       16043        16608930212 150     17 3 0 43517RESRV; #J SON/hmo13aa?001 3133  0 5310690       001   0 5575 65790    00    1004      0              000000000000000000000000000000000     0     0 0     
       116910851131415512 5477  0 6898  0930212 145         127        1284         1411930212 147      2 2 0 43517RESRV;?00100044 #J SON/hp 8963 14       0       000   0 6311 64280    00     117      0              000000000000000000000000000000000     0     0 0     
       116911881323315216 5477  0 6898  0930212 145         193         928         1121930212 152      7 3 0 43517RESRV; #J SON/hlr938?0010 1059 13       0       000   0 6319 67470    00     428      0              000000000000000000000000000000000     0     0 0     
       11691853 400315712 5477  0 6898  0930212 146        8216       13743        21959930212 234     48 3 0 43517RESRV; #J SON/hph331?0010 5368  0       0       000   0 6371 92350    00    2864      0       1169175300000000000000000000000000000000     0     0 0     
       116940131315414416 5477  0 6898  0930212 149         369        6095         6464930212 157      8 3 0 43517RESRV; #J SON/hph337?0010 9167  6       0       000   0 6536 70160    00     480      0              000000000000000000000000000000000     0     0 0     
       11695786 730216416 5477  0 6898  0930212 151         592        7120         7712930212 205     13 3 0 43517RESRV; #J SON/hlr908?0010 9533 24       0       000   0 6681 74810    00     800      0              000000000000000000000000000000000     0     0 0     
       116991151327414116 5477  0 6898  0930212 156         363        1596         1959930212 158      2 3 0 43517RESRV; #J SON/hlr55lh?001 9164  1       0       000   0 6959 71000    00     141      0              000000000000000000000000000000000     0     0 0     
       11699521 257615716 5477  0 6898  0930212 157         338        2949         3287930212 201      4 3 0 43517RESRV;?00100022 #J SON/hp 5275  0       0       000   0 6994 72340    00     240      0       1169943300000000000000000000000000000000     0     0 0     
       11703810 257616012 5477  0 6898  0930212 202         107        2266         2373930212 215     13 2 0 43517RESRV;?00100200 #J SON/HM 5275  0       0       000   0 7309 80910    00     782      0       1170369800000000000000000000000000000000     0     0 0     
       11711324 266514516 5477  0 6898  0930212 212         330        5230         5560930212 218      6 3 0 43517RESRV; #J SON/hph381?0010 9183 14       0       000   0 7892 82740    00     382      0              000000000000000000000000000000000     0     0 0     
       11716119 266514616 5477  0 6898  0930212 218         189        3220         3409930212 239     21 2 0 43517RESRV; #J SON/hph381?0010 9183  4       0       000   0 8294 95550    00    1261      0              000000000000000000000000000000000     0     0 0     
       11723376 400317612 5477  0 6898  0930212 228         209        4536         4745930212 238      9 3 0 43517RESRV; #J SON/HMO18FA?001 5368  0       0       000   0 8901 94520    00     551      0       1172328200000000000000000000000000000000     0     0 0     
       117325531122414616 5477  0 6898  0930212 241         373        1532         1905930212 244      3 3 0 43517RESRV; #J SON/HPH380?001010401  4       0       000   0 9643 98130    00     170      0              000000000000000000000000000000000     0     0 0     
       11735250 351215312 5477  0 6898  0930212 245         121        1342         1463930212 304     19 2 0 43517RESRV; #J SON/hsl0hm?0010 5368  0       0       000   0 9876110290    00    1153      0       1173517500000000000000000000000000000000     0     0 0     
       117397051323317116 5477  0 6898  0930212 251         165         794          959930212 253      2 3 0 43517RESRV; #J SON/hph343?0010 1059  1       0       000   010271103740    00     103      0              000000000000000000000000000000000     0     0 0     
       11752161 4003157 1 5477  0 6898  0930212 308        1228        4249         5477930212 325     17 3 0 43517RESRV; #J SON/hmo13aa?001 3133  0 5310690       001   011290122910    00    1001      0              000000000000000000000000000000000     0     0 0     
       11776227 400316012 5477  0 6898  0930212 344          83         373          456930212 346      1 3 0 43517RESRV; #J SON/HMO18FA?001 5368  0       0       000   013465135460    00      81      0       1177613700000000000000000000000000000000     0     0 0     
       11781519 400316416 5477  0 6898  0930212 353          79         295          374930212 355      2 3 0 43517RESRV;?00100201 #J SON/hm 5368  0       0       000   013973141200    00     147      0       1178145900000000000000000000000000000000     0     0 0     
       11790930 351215216 5477  0 6898  0930212 407        1140        1753         2893930212 429     22 3 0 43517RESRV;?00100201 #J SON/HM 5368  0       0       000   014829161370    00    1308      0       1179087400000000000000000000000000000000     0     0 0     
       11799705 257616012 5477  0 6898  0930212 422        1850       46993        48843930212 446     24 3 0 43517RESRV; #J SON/HSG07JL?001 2162  0 5310690       001   015748171650    00    1417      0              000000000000000000000000000000000     0     0 0     
       11805509 400315216 5477  0 6898  0930212 433         332         612          944930212 436      4 3 0 43517RESRV;?00100201 #J SON/HM 5368  0       0       000   016374165890    00     215      0       1180544900000000000000000000000000000000     0     0 0     
       11822174 4003156 1 5477  0 6898  0930212 506         577       13571        14148930212 522     16 3 0 43517RESRV; #J SON/hmo13aa?001 3133  0 5310690       001   018383193170    00     934      0              000000000000000000000000000000000     0     0 0     
       11823625 351215216 5477  0 6898  0930212 509         443         698         1141930212 515      6 3 0 43517RESRV;?00100201 #J SON/HM 5368  0       0       000   018554189220    00     368      0       1182357300000000000000000000000000000000     0     0 0     
       11829312 351214712 5477  0 6898  0930212 522         112         880          992930212 526      4 3 0 43517RESRV; #J SON/HMO18FA?001 5368  0       0       000   019306195370    00     231      0       1182927100000000000000000000000000000000     0     0 0     
       11832048 351214516 5477  0 6898  0930212 528         339        7005         7344930212 548     19 3 0 43517RESRV;?00100201 #J SON/HM 5368  0       0       000   019696208540    00    1158      0       1183200100000000000000000000000000000000     0     0 0     
       11841383 351214216 5477  0 6898  0930212 550        2284       66981        69265930212 647     56 3 0 43517RESRV;?00100201 #J SON/HM 5368  0       0       000   021013243900    00    3377      0       1184134300000000000000000000000000000000     0     0 0     
       14428792 641416616 5477  0 6898  09302082032         308        1577         18859302082034      2 3 0 43517RESRV;                   14061 15       0       000   073891740100    00     119      0              000000000000000000000000000000000     0     0 0     
       14516574 400317412 5477  0 6898  0930212 607         281        2709         2990930212 613      6 3 0 43517RESRV; #J SON/HPH331?0010 5368  0       0       000   022002223520    00     350      0       1451651400000000000000000000000000000000     0     0 0     
       14517188 257616216 5477  0 6898  0930212 608         186        1031         1217930212 611      3 3 0 43517RESRV;?00100022 #J SON/hp 5275  0       0       000   022094222730    00     179      0       1451714400000000000000000000000000000000     0     0 0     
       14518310 257615712 5477  0 6898  0930212 611        1106       19994        21100930212 730     79 2 0 43517RESRV;?00100200 #J SON/hm 5275  0       0       000   022276270200    00    4744      0       1451826300000000000000000000000000000000     0     0 0     
       14519873 351214512 5477  0 6898  0930212 615         385        3479         3864930212 639     24 2 0 43517RESRV; #J SON/hsl0hm?0010 5368  0       0       000   022520239540    00    1434      0       1451983900000000000000000000000000000000     0     0 0     
       14530222 257614612 5477  0 6898  0930212 643         190        1298         1488930212 653     10 3 0 43517RESRV; #J SON/hsl0ac?0010 5275  0       0       000   024183247950    00     612      0       1453019600000000000000000000000000000000     0     0 0     
       14534777 351214712 5477  0 6898  0930212 656          31         131          162930212 658      2 3 0 43517RESRV; #J SON/HMO18FAG?00 5368  0       0       000   024951250510    00     100      0       1453472500000000000000000000000000000000     0     0 0     
       14534848 257616116 5477  0 6898  0930212 656         104         460          564930212 703      7 3 0 43517RESRV; #J SON/hlr561?0010 5275  0       0       000   024961254000    00     439      0       1453482000000000000000000000000000000000     0     0 0     
       14535761 351214512 5477  0 6898  0930212 659         147        1139         1286930212 703      4 3 0 43517RESRV; #J SON/HMO18FA?001 5368  0       0       000   025113253810    00     268      0       1453571500000000000000000000000000000000     0     0 0     
       14538288 257616112 5477  0 6898  0930212 705         173        2204         2377930212 719     14 3 0 43517RESRV; #J SON/hsl0ms?0010 5275  0       0       000   025506263420    00     836      0       1453826400000000000000000000000000000000     0     0 0     
       14538842 351215512 5477  0 6898  0930212 706         244        6007         6251930212 733     26 3 0 43517RESRV; #J SON/hsg04v?0010 5368  0       0       000   025588271650    00    1577      0       1453879100000000000000000000000000000000     0     0 0     
       14540238 257615316 5477  0 6898  0930212 710         213        3253         3466930212 713      3 3 0 43517RESRV; #J SON/hsl0sa?0010 5275  0       0       000   025799259670    00     168      0       1454020700000000000000000000000000000000     0     0 0     
       14544021 400316112 5477  0 6898  0930212 721         429        8385         8814930212 727      6 3 0 43517RESRV; #J SON/HSG06LC?001 5368  0       0       000   026433268120    00     379      0       1454398000000000000000000000000000000000     0     0 0     
       14544085 400315116 5477  0 6898  0930212 721         672       10095        10767930212 855     94 3 0 43517RESRV; #J SON/hsl0ph?0010 5393  0       0       000   026445320980    00    5653      0       1454397500000000000000000000000000000000     0     0 0     
       14546643 257615612 5477  0 6898  0930212 728         160        1108         1268930212 730      2 3 0 43517RESRV; #J SON/hsl0ms?0010 5275  0       0       000   026886270120    00     126      0       1454660300000000000000000000000000000000     0     0 0     
       14549876 400316512 5477  0 6898  0930212 737         352        9170         9522930212 750     13 3 0 43517RESRV; #J SON/hsg04v?0010 5368  0       0       000   027422282140    00     792      0       1454983000000000000000000000000000000000     0     0 0     
       14551039 257615312 5477  0 6898  0930212 741         258        3256         3514930212 746      5 3 0 43517RESRV; #J SON/hsl0gs?0010 5275  0       0       000   027636279610    00     325      0       1455100900000000000000000000000000000000     0     0 0     
       145524451272315112 5477  0 6898  0930212 745         595       12431        13026930212 758     14 3 0 43517RESRV; #J SON/HPF11NG?001 9316  0 5310690       001   027881286970    00     816      0              000000000000000000000000000000000     0     0 0     
       14553216 257617012 5477  0 6898  0930212 747        3420       11463        14883930212 825     38 3 0 43517RESRV;?00100200 #J SON/hm 5275  0       0       000   028016303230    00    2307      0       1455318000000000000000000000000000000000     0     0 0     
       14554960 400316012 5477  0 6898  0930212 753          83         373          456930212 754      2 3 0 43517RESRV; #J SON/HMO18FA?001 5368  0       0       000   028350284650    00     115      0       1455492800000000000000000000000000000000     0     0 0     
       145657661272315112 5477  0 6898  0930212 824         504        5234         5738930212 851     28 2 0 43517RESRV; #J SON/HPF11NG?001 9316  0 5310690       001   030213318890    00    1676      0              000000000000000000000000000000000     0     0 0     
       14567901 257615212 5477  0 6898  0930212 830         324        2587         2911930212 836      7 3 0 43517RESRV;?00100200 #J SON/hm 5275  0       0       000   030583309730    00     390      0       1456786300000000000000000000000000000000     0     0 0     
       14571065 400317312 5477  0 6898  0930212 838        1077        4698         5775930212 855     17 3 0 43517RESRV; #J SON/HSG03V?0010 5368  0       0       000   031094321020    00    1008      0       1457101600000000000000000000000000000000     0     0 0     
       14571331 211217512 5477  0 6898  0930212 839         220        3596         3816930212 843      4 3 0 43517RESRV; #J SON/hmo11vd?001 5230  0 5310690       001   031137313670    00     230      0              000000000000000000000000000000000     0     0 0     
       14573077 211215712 5477  0 6898  0930212 844         107         201          308930212 846      2 3 0 43517RESRV; #J SON/hmo11vd?001 5230  0 5310690       001   031437315330    00      96      0              000000000000000000000000000000000     0     0 0     
       14576866 257617212 5477  0 6898  0930212 855         114         438          552930212 910     15 3 0 43517RESRV; #J SON/hpf11ng?001 2162  0 5310690       001   032112330210    00     909      0              000000000000000000000000000000000     0     0 0     
       14577311 211215412 5477  0 6898  0930212 857         107         201          308930212 859      2 3 0 43517RESRV; #J SON/hmo11sk?001 5230  0 5310690       001   032191323150    00     124      0              000000000000000000000000000000000     0     0 0     
       14578883 211215512 5477  0 6898  0930212 901         132         201          333930212 904      3 3 0 43517RESRV; #J SON/hmo11vd?001 5230  0 5310690       001   032458326120    00     154      0              000000000000000000000000000000000     0     0 0     
       14580375 211215712 5477  0 6898  0930212 905         132         201          333930212 906      2 3 0 43517RESRV; #J SON/hmo11vd?001 5230  0 5310690       001   032688327880    00     100      0              000000000000000000000000000000000     0     0 0     
       14581487 211215212 5477  0 6898  0930212 908         150         201          351930212 912      4 3 0 43517RESRV; #J SON/hmo11vd?001 5230  0 5310690       001   032869331170    00     248      0              000000000000000000000000000000000     0     0 0     
       14586193 257615616 5477  0 6898  0930212 921         176        1853         2029930212 932     11 3 0 43517RESRV; #J SON/hsl0rm?0010 5275  0       0       000   033666343150    00     649      0       1458616300000000000000000000000000000000     0     0 0     
       14586504 211214512 5477  0 6898  0930212 922         220        4816         5036930212 928      7 3 0 43517RESRV; #J SON/hsl0jj?0010 5230  0 5310690       001   033716341060    00     390      0              000000000000000000000000000000000     0     0 0     
       14586899 211215212 5477  0 6898  0930212 923         106         201          307930212 924      1 3 0 43517RESRV; #J SON/HMO11VD?001 5230  0 5310690       001   033788338650    00      77      0              000000000000000000000000000000000     0     0 0     
       14587800 211216312 5477  0 6898  0930212 926         107         201          308930212 928      2 3 0 43517RESRV; #J SON/hmo11vd?001 5230  0 5310690       001   033945340570    00     112      0              000000000000000000000000000000000     0     0 0     
       14588878 211214312 5477  0 6898  0930212 929         132         201          333930212 931      2 3 0 43517RESRV; #J SON/hmo11sk?001 5230  0 5310690       001   034130342550    00     125      0              000000000000000000000000000000000     0     0 0     
       14589874 4003152 1 5477  0 6898  0930212 932        1411       11946        13357930212 950     19 3 0 43517RESRV; R                  3133  0 5310690       001   034314354240    00    1110      0              000000000000000000000000000000000     0     0 0     
       14589962 211215512 5477  0 6898  0930212 932         133         201          334930212 934      2 3 0 43517RESRV; #J SON/hmo11sk?001 5230  0 5310690       001   034329344430    00     114      0              000000000000000000000000000000000     0     0 0     
       14591052 211214312 5477  0 6898  0930212 936         157         201          358930212 938      2 3 0 43517RESRV; #J SON/hmo11sk?001 5230  0 5310690       001   034537346800    00     143      0              000000000000000000000000000000000     0     0 0     
       14592166 211214312 5477  0 6898  0930212 939         107         201          308930212 941      2 3 0 43517RESRV; #J SON/hmo11sk?001 5230  0 5310690       001   034749348740    00     125      0              000000000000000000000000000000000     0     0 0     
       14593208 211215212 5477  0 6898  0930212 942         108         201          309930212 944      2 3 0 43517RESRV; #J SON/hmo11sk?001 5230  0 5310690       001   034946350540    00     108      0              000000000000000000000000000000000     0     0 0     
       14595002 211216012 5477  0 6898  0930212 948         132         201          333930212 950      2 3 0 43517RESRV; #J SON/hmo11sk?001 5230  0 5310690       001   035284354200    00     136      0              000000000000000000000000000000000     0     0 0     
       14596051 211215512 5477  0 6898  0930212 952         135         201          336930212 953      2 3 0 43517RESRV; #J SON/hmo11sk?001 5230  0 5310690       001   035493355970    00     104      0              000000000000000000000000000000000     0     0 0     
       14596145 257615116 5477  0 6898  0930212 952         225        2935         3160930212 955      3 3 0 43517RESRV;?00100022 #J SON/hp 5275  0       0       000   035514357070    00     193      0       1459610800000000000000000000000000000000     0     0 0     
       14597185 211216112 5477  0 6898  0930212 955         180         301          481930212 960      4 3 0 43517RESRV; #J SON/hmo11sk?001 5230  0 5310690       001   035721359840    00     263      0              000000000000000000000000000000000     0     0 0     
       14598948 211215112 5477  0 6898  09302121001         106         201          3079302121003      2 3 0 43517RESRV; #J SON/hmo11sk?001 5230  0 5310690       001   036054361770    00     123      0              000000000000000000000000000000000     0     0 0     
       14600096 211215412 5477  0 6898  09302121004         107         201          3089302121006      2 3 0 43517RESRV; #J SON/hmo11sk?001 5230  0 5310690       001   036253363430    00      90      0              000000000000000000000000000000000     0     0 0     
       14600920 211215512 5477  0 6898  09302121007         134         201          3359302121009      2 3 0 43517RESRV; #J SON/hmo11sk?001 5230  0 5310690       001   036414365410    00     127      0              000000000000000000000000000000000     0     0 0     
       14601967 211215212 5477  0 6898  09302121010         132         201          3339302121012      2 3 0 43517RESRV; #J SON/hmo11sk?001 5230  0 5310690       001   036610367230    00     113      0              000000000000000000000000000000000     0     0 0     
       14603053 211215212 5477  0 6898  09302121013         601       16526        171279302121028     14 3 0 43517RESRV; #J SON/hmo11sk?001 5230  0 5310690       001   036807376540    00     847      0              000000000000000000000000000000000     0     0 0     
       146073481272314412 5477  0 6898  09302121027         109         762          8719302121035      8 3 0 43517RESRV; #J SON/HPF11NG?001 9316  0 5310690       001   037613381200    00     507      0              000000000000000000000000000000000     0     0 0     
       14613858 351215212 5477  0 6898  09302121046         489       12209        126989302121103     17 3 0 43517RESRV;?00100200 #J SON/hm 5275  0       0       000   038743397730    00    1030      0       1461382500000000000000000000000000000000     0     0 0     
       14617510 257615312 5477  0 6898  09302121056         131         243          3749302121127     31 2 0 43517RESRV; #J SON/HPF11NG?001 2162  0 5310690       001   039357412010    00    1844      0              000000000000000000000000000000000     0     0 0     
       14618294 211215112 5477  0 6898  09302121058         626       13390        140169302121123     25 2 0 43517RESRV;?00100242 #J SON/hs 5230  0 5310690       001   039486409890    00    1503      0              000000000000000000000000000000000     0     0 0     
       14622717 351215516 5477  0 6898  09302121109          95        2209         23049302121120     11 2 0 43517RESRV; #J SON/hsl0rm?0010 5275  0       0       000   040157408280    00     671      0       1462268900000000000000000000000000000000     0     0 0     
       146267771272314112 5477  0 6898  09302121121         270        7083         73539302121133     12 3 0 43517RESRV; #J SON/hsg09by?001 9316  0 5310690       001   040839415550    00     716      0              000000000000000000000000000000000     0     0 0     
       14628126 211214212 5477  0 6898  09302121125         425        7560         79859302121149     25 3 0 43517RESRV; #J SON/hsl0jj?0010 5230  0 5310690       001   041072425650    00    1493      0              000000000000000000000000000000000     0     0 0     
       14630752 257616012 5477  0 6898  09302121131         443       22625        230689302121157     26 3 0 43517RESRV; #J SON/hsl0ac?0010 5275  0       0       000   041474430490    00    1575      0       1463071100000000000000000000000000000000     0     0 0     
       146330581272314112 5477  0 6898  09302121137         126         301          4279302121149     12 3 0 43517RESRV; #J SON/HPF11NG?001 9316  0 5310690       001   041829425260    00     697      0              000000000000000000000000000000000     0     0 0     
       146374341134614516 5477  0 6898  09302121148         302        4040         43429302121203     15 2 0 43517RESRV;?00100126 #J SON/HP 7123  3       0       000   042478433770    00     899      0              000000000000000000000000000000000     0     0 0     
       14639075 4003157 1 5477  0 6898  09302121152         115         547          6629302121154      2 3 0 43517RESRV; #J SON/hmo13aa?001 3133  0 5310690       001   042708428230    00     115      0              000000000000000000000000000000000     0     0 0     
       146443591272314112 5477  0 6898  09302121203         138         419          5579302121229     26 2 0 43517RESRV; #J SON/HPF11NG?001 9316  0 5310690       001   043357449340    00    1577      0              000000000000000000000000000000000     0     0 0     
       14644876 351215312 5477  0 6898  09302121204         235        5781         60169302121214     10 3 0 43517RESRV;?00100200 #J SON/hm 5275  0       0       000   043416440310    00     615      0       1464481200000000000000000000000000000000     0     0 0     
       14644997 577314516 5477  0 6898  09302121204         676       18766        194429302121225     21 3 0 43517RESRV;#J SON/hsl0cm?00100 1173  3       0       000   043428447140    00    1286      0              000000000000000000000000000000000     0     0 0     
       14650615 615114616 5477  0 6898  09302121214         515       12387        129029302121230     15 2 0 43517RESRV;?00100129 #J SON/HP 1785  5       0       000   044061449700    00     909      0              000000000000000000000000000000000     0     0 0     
       14658117 360614516 5477  0 6898  09302121227          89         332          4219302121229      1 2 0 43517RESRV;?00100104 #J SON/HP 3326  3       0       000   044849449170    00      68      0              000000000000000000000000000000000     0     0 0     
       14663248 4003162 1 5477  0 6898  09302121235          83         373          4569302121236      1 3 0 43517RESRV; #J SON/hmo13aa?001 3133  0 5310690       001   045302453840    00      82      0              000000000000000000000000000000000     0     0 0     
       14669859 602117416 5477  0 6898  09302121245         324        4983         53079302121248      4 3 0 43517RESRV; #J SON/hsl1cc?0010 8796 33       0       000   045870461080    00     238      0              000000000000000000000000000000000     0     0 0     
       14679302 577315516 5477  0 6898  09302121257         227        1216         14439302121304      7 3 0 43517RESRV;#J SON/hlr559?00100 1173  4       0       000   046624470360    00     412      0              000000000000000000000000000000000     0     0 0     
;_Lk