1
 
                   MAX
            TOTAL  SIM                MAXIMUM CPS                   CONNECT
 DATE  HOUR USERS USERS            IN         OUT       TOTAL         HOURS
 
 
 930611   1     0     0          0.00        0.00        0.00          0.00
 930611   2     0     0          0.00        0.00        0.00          0.00
 930611   3     0     0          0.00        0.00        0.00          0.00
 930611   4     0     0          0.00        0.00        0.00          0.00
 930611   5     0     0          0.00        0.00        0.00          0.00
 930611   6     1     1          0.72        2.85        3.57          0.02
 930611   7     0     0          0.00        0.00        0.00          0.00
 930611   8     0     0          0.00        0.00        0.00          0.00
 930611   9     0     0          0.00        0.00        0.00          0.00
 930611  10     1     1          1.15        2.48        3.63          0.03
 930611  11     2     1          0.67      180.33      180.38          0.23
 930611  12    14     4          3.00      295.15      298.15          0.50
 930611  13    32     5          3.20      363.72      366.92          1.50
 930611  14    45     6         86.65      411.25      414.17          1.78
 930611  15    40     6        100.13      276.05      278.65          1.47
 930611  16    97    10         69.48      499.23      568.38          4.35
 930611  17    62     6         50.23      306.68      308.70          2.58
 930611  18    27     4        122.45      224.75      227.12          1.48
 930611  19    33     4         70.45      278.87      281.73          1.43
 930611  20    43     5        158.52      138.58      241.82          2.30
 930611  21    26     4         61.20      136.42      155.80          1.10
 930611  22     9     2        100.18       87.07      125.40          0.42
 930611  23     0     0          0.00        0.00        0.00          0.00
 930611  24     0     0          0.00        0.00        0.00          0.00
1
 
                   MAX
            TOTAL  SIM                MAXIMUM CPS                   CONNECT
 DATE  HOUR USERS USERS            IN         OUT       TOTAL         HOURS
 
 
 930612   1     0     0          0.00        0.00        0.00          0.00
 930612   2     0     0          0.00        0.00        0.00          0.00
 930612   3     0     0          0.00        0.00        0.00          0.00
 930612   4     0     0          0.00        0.00        0.00          0.00
 930612   5     0     0          0.00        0.00        0.00          0.00
 930612   6     0     0          0.00        0.00        0.00          0.00
 930612   7     0     0          0.00        0.00        0.00          0.00
 930612   8     1     1          0.77        2.70        3.47          0.02
 930612   9     0     0          0.00        0.00        0.00          0.00
 930612  10     0     0          0.00        0.00        0.00          0.00
 930612  11     0     0          0.00        0.00        0.00          0.00
 930612  12     1     1          0.57        1.38        1.95          0.05
 930612  13     0     0          0.00        0.00        0.00          0.00
 930612  14     0     0          0.00        0.00        0.00          0.00
 930612  15     0     0          0.00        0.00        0.00          0.00
 930612  16     0     0          0.00        0.00        0.00          0.00
 930612  17     0     0          0.00        0.00        0.00          0.00
 930612  18     0     0          0.00        0.00        0.00          0.00
 930612  19     0     0          0.00        0.00        0.00          0.00
 930612  20     0     0          0.00        0.00        0.00          0.00
 930612  21     0     0          0.00        0.00        0.00          0.00
 930612  22     0     0          0.00        0.00        0.00          0.00
 930612  23     0     0          0.00        0.00        0.00          0.00
 930612  24     0     0          0.00        0.00        0.00          0.00
1
 
                   MAX
            TOTAL  SIM                MAXIMUM CPS                   CONNECT
 DATE  HOUR USERS USERS            IN         OUT       TOTAL         HOURS
 
 
 930613   1     0     0          0.00        0.00        0.00          0.00
 930613   2     0     0          0.00        0.00        0.00          0.00
 930613   3     0     0          0.00        0.00        0.00          0.00
 930613   4     0     0          0.00        0.00        0.00          0.00
 930613   5     0     0          0.00        0.00        0.00          0.00
 930613   6     0     0          0.00        0.00        0.00          0.00
 930613   7     0     0          0.00        0.00        0.00          0.00
 930613   8     0     0          0.00        0.00        0.00          0.00
 930613   9     0     0          0.00        0.00        0.00          0.00
 930613  10     0     0          0.00        0.00        0.00          0.00
 930613  11     0     0          0.00        0.00        0.00          0.00
 930613  12     0     0          0.00        0.00        0.00          0.00
 930613  13     0     0          0.00        0.00        0.00          0.00
 930613  14     0     0          0.00        0.00        0.00          0.00
 930613  15     0     0          0.00        0.00        0.00          0.00
 930613  16     0     0          0.00        0.00        0.00          0.00
 930613  17     0     0          0.00        0.00        0.00          0.00
 930613  18     1     1          1.35       13.63       14.98          0.03
 930613  19     0     0          0.00        0.00        0.00          0.00
 930613  20     0     0          0.00        0.00        0.00          0.00
 930613  21     0     0          0.00        0.00        0.00          0.00
 930613  22     0     0          0.00        0.00        0.00          0.00
 930613  23     0     0          0.00        0.00        0.00          0.00
 930613  24     0     0          0.00        0.00        0.00          0.00
1
 
                   MAX
            TOTAL  SIM                MAXIMUM CPS                   CONNECT
 DATE  HOUR USERS USERS            IN         OUT       TOTAL         HOURS
 
 
 930614   1     0     0          0.00        0.00        0.00          0.00
 930614   2     0     0          0.00        0.00        0.00          0.00
 930614   3     0     0          0.00        0.00        0.00          0.00
 930614   4     0     0          0.00        0.00        0.00          0.00
 930614   5     0     0          0.00        0.00        0.00          0.00
 930614   6     0     0          0.00        0.00        0.00          0.00
 930614   7     0     0          0.00        0.00        0.00          0.00
 930614   8     0     0          0.00        0.00        0.00          0.00
 930614   9     0     0          0.00        0.00        0.00          0.00
 930614  10     0     0          0.00        0.00        0.00          0.00
 930614  11     1     1          0.67       22.55       23.22          0.03
 930614  12    10     2          1.13      216.00      216.78          0.47
 930614  13    32     5          2.55      442.58      444.92          1.25
 930614  14    71     6         37.55      413.52      451.07          2.73
 930614  15    66     8         35.80      378.20      380.68          2.65
 930614  16    87     7         86.43      485.08      489.20          3.33
 930614  17    44     6        122.90      291.15      336.67          1.58
 930614  18    28     4         77.82      172.62      174.85          1.33
 930614  19    29     3         60.05      254.63      295.97          1.33
 930614  20    39     5        138.28      221.08      326.95          1.53
 930614  21    24     3        101.18       93.53      124.93          1.23
 930614  22    11     3         99.23       93.53      104.73          0.48
 930614  23     4     2         17.20        9.80       22.52          0.15
 930614  24     0     0          0.00        0.00        0.00          0.00
1
 
                   MAX
            TOTAL  SIM                MAXIMUM CPS                   CONNECT
 DATE  HOUR USERS USERS            IN         OUT       TOTAL         HOURS
 
 
 930615   1     0     0          0.00        0.00        0.00          0.00
 930615   2     1     1          1.15       33.12       34.27          0.03
 930615   3     0     0          0.00        0.00        0.00          0.00
 930615   4     0     0          0.00        0.00        0.00          0.00
 930615   5     0     0          0.00        0.00        0.00          0.00
 930615   6     1     1          0.88        3.87        4.75          0.02
 930615   7     0     0          0.00        0.00        0.00          0.00
 930615   8     0     0          0.00        0.00        0.00          0.00
 930615   9     0     0          0.00        0.00        0.00          0.00
 930615  10     1     1          1.12        2.97        4.08          0.02
 930615  11     2     1          0.20        4.95        5.15          0.15
 930615  12    13     3          1.33      241.83      243.17          0.48
 930615  13    38     6         60.93      470.05      485.52          1.62
 930615  14    53     7         20.90      790.18      793.60          2.05
 930615  15    42     5         36.05      361.98      364.38          1.65
 930615  16    86     7         87.30      495.47      532.68          3.38
 930615  17    63     6         85.32      361.22      363.90          2.73
 930615  18    36     4        138.72      218.42      232.50          1.67
 930615  19    27     3         78.55      358.25      359.52          1.30
 930615  20    19     3         35.10      167.53      168.35          1.07
 930615  21    33     5        157.15      156.73      276.47          1.37
 930615  22    15     2         59.02       93.25      125.48          0.47
 930615  23     3     1          1.03       38.72       39.62          0.13
 930615  24     0     0          0.00        0.00        0.00          0.00
1     MAXIMUM OF MAXIMUM SIMULTANEOUS USERS
 
 
                   MAX
            TOTAL  SIM                MAXIMUM CPS                   CONNECT
 DATE  HOUR USERS USERS            IN         OUT       TOTAL         HOURS
 
 930611  16    97    10         69.48      499.23      568.38          4.35
 
 
     MAXIMUM OF CONNECT HOURS
 
 
                   MAX
            TOTAL  SIM                MAXIMUM CPS                   CONNECT
 DATE  HOUR USERS USERS            IN         OUT       TOTAL         HOURS
 
 930611  16    97    10         69.48      499.23      568.38          4.35
1
  