1
 
                   MAX
            TOTAL  SIM                MAXIMUM CPS                   CONNECT
 DATE  HOUR USERS USERS            IN         OUT       TOTAL         HOURS
 
 
 930611   1     0     0          0.00        0.00        0.00          0.00
 930611   2     1     1          0.78       30.62       31.40          0.05
 930611   3     0     0          0.00        0.00        0.00          0.00
 930611   4     0     0          0.00        0.00        0.00          0.00
 930611   5     0     0          0.00        0.00        0.00          0.00
 930611   6     0     0          0.00        0.00        0.00          0.00
 930611   7     0     0          0.00        0.00        0.00          0.00
 930611   8     0     0          0.00        0.00        0.00          0.00
 930611   9     0     0          0.00        0.00        0.00          0.00
 930611  10     0     0          0.00        0.00        0.00          0.00
 930611  11     4     2          0.95      269.75      270.70          0.22
 930611  12    15     2          1.23      119.07      119.95          0.37
 930611  13    45     5         47.17      443.12      446.35          1.78
 930611  14    60     6         69.50      449.62      501.68          2.58
 930611  15    54     7        105.87      395.78      398.67          2.45
 930611  16    80    11        105.22      393.15      398.40          3.88
 930611  17    63     6        168.28      321.77      325.08          2.67
 930611  18    29     4         78.53      299.00      304.45          1.32
 930611  19    36     6        103.12      240.70      316.13          1.40
 930611  20    38     4        125.20      169.57      214.52          1.80
 930611  21    31     5        150.52      312.68      315.15          1.13
 930611  22    18     4         84.78      210.48      212.28          0.93
 930611  23     2     1          2.40       25.48       25.72          0.08
 930611  24     1     1          0.67       81.90       82.57          0.03
1
 
                   MAX
            TOTAL  SIM                MAXIMUM CPS                   CONNECT
 DATE  HOUR USERS USERS            IN         OUT       TOTAL         HOURS
 
 
 930612   1     0     0          0.00        0.00        0.00          0.00
 930612   2     1     1          1.40       33.15       34.55          0.02
 930612   3     0     0          0.00        0.00        0.00          0.00
 930612   4     0     0          0.00        0.00        0.00          0.00
 930612   5     0     0          0.00        0.00        0.00          0.00
 930612   6     0     0          0.00        0.00        0.00          0.00
 930612   7     0     0          0.00        0.00        0.00          0.00
 930612   8     0     0          0.00        0.00        0.00          0.00
 930612   9     0     0          0.00        0.00        0.00          0.00
 930612  10     0     0          0.00        0.00        0.00          0.00
 930612  11     0     0          0.00        0.00        0.00          0.00
 930612  12     0     0          0.00        0.00        0.00          0.00
 930612  13     1     1          0.25       77.62       77.87          0.08
 930612  14     2     1          0.72       64.13       64.85          0.10
 930612  15     0     0          0.00        0.00        0.00          0.00
 930612  16     0     0          0.00        0.00        0.00          0.00
 930612  17     0     0          0.00        0.00        0.00          0.00
 930612  18     0     0          0.00        0.00        0.00          0.00
 930612  19     0     0          0.00        0.00        0.00          0.00
 930612  20     0     0          0.00        0.00        0.00          0.00
 930612  21     1     1          0.70       25.80       26.50          0.03
 930612  22     0     0          0.00        0.00        0.00          0.00
 930612  23     0     0          0.00        0.00        0.00          0.00
 930612  24     0     0          0.00        0.00        0.00          0.00
1
 
                   MAX
            TOTAL  SIM                MAXIMUM CPS                   CONNECT
 DATE  HOUR USERS USERS            IN         OUT       TOTAL         HOURS
 
 
 930613   1     0     0          0.00        0.00        0.00          0.00
 930613   2     0     0          0.00        0.00        0.00          0.00
 930613   3     0     0          0.00        0.00        0.00          0.00
 930613   4     0     0          0.00        0.00        0.00          0.00
 930613   5     0     0          0.00        0.00        0.00          0.00
 930613   6     0     0          0.00        0.00        0.00          0.00
 930613   7     0     0          0.00        0.00        0.00          0.00
 930613   8     0     0          0.00        0.00        0.00          0.00
 930613   9     0     0          0.00        0.00        0.00          0.00
 930613  10     0     0          0.00        0.00        0.00          0.00
 930613  11     0     0          0.00        0.00        0.00          0.00
 930613  12     0     0          0.00        0.00        0.00          0.00
 930613  13     0     0          0.00        0.00        0.00          0.00
 930613  14     2     1          0.85       72.95       73.80          0.07
 930613  15     0     0          0.00        0.00        0.00          0.00
 930613  16     0     0          0.00        0.00        0.00          0.00
 930613  17     0     0          0.00        0.00        0.00          0.00
 930613  18     1     1          1.88       10.93       12.82          0.03
 930613  19     1     1          0.70       26.43       27.13          0.03
 930613  20     0     0          0.00        0.00        0.00          0.00
 930613  21     0     0          0.00        0.00        0.00          0.00
 930613  22     0     0          0.00        0.00        0.00          0.00
 930613  23     0     0          0.00        0.00        0.00          0.00
 930613  24     0     0          0.00        0.00        0.00          0.00
1
 
                   MAX
            TOTAL  SIM                MAXIMUM CPS                   CONNECT
 DATE  HOUR USERS USERS            IN         OUT       TOTAL         HOURS
 
 
 930614   1     0     0          0.00        0.00        0.00          0.00
 930614   2     0     0          0.00        0.00        0.00          0.00
 930614   3     0     0          0.00        0.00        0.00          0.00
 930614   4     0     0          0.00        0.00        0.00          0.00
 930614   5     0     0          0.00        0.00        0.00          0.00
 930614   6     0     0          0.00        0.00        0.00          0.00
 930614   7     0     0          0.00        0.00        0.00          0.00
 930614   8     0     0          0.00        0.00        0.00          0.00
 930614   9     0     0          0.00        0.00        0.00          0.00
 930614  10     0     0          0.00        0.00        0.00          0.00
 930614  11     2     1          0.68      103.75      103.78          0.13
 930614  12    16     3          1.62      238.72      239.83          0.78
 930614  13    31     5         57.15      517.83      519.42          1.48
 930614  14    54     6        152.35      312.30      315.75          2.18
 930614  15    63     6         21.63      348.03      350.42          2.47
 930614  16    81     8        137.62      390.40      393.13          3.52
 930614  17    51     6         85.03      358.23      371.22          2.50
 930614  18    40     5        100.90      319.27      320.20          1.62
 930614  19    51     6        217.05      288.18      424.85          2.02
 930614  20    44     5        172.02      306.98      311.68          2.05
 930614  21    24     4        128.88      151.72      215.22          1.70
 930614  22    26     5        122.45      175.68      272.72          1.28
 930614  23     1     1          0.35       40.93       41.28          0.03
 930614  24     0     0          0.00        0.00        0.00          0.00
1
 
                   MAX
            TOTAL  SIM                MAXIMUM CPS                   CONNECT
 DATE  HOUR USERS USERS            IN         OUT       TOTAL         HOURS
 
 
 930615   1     0     0          0.00        0.00        0.00          0.00
 930615   2     0     0          0.00        0.00        0.00          0.00
 930615   3     0     0          0.00        0.00        0.00          0.00
 930615   4     0     0          0.00        0.00        0.00          0.00
 930615   5     0     0          0.00        0.00        0.00          0.00
 930615   6     0     0          0.00        0.00        0.00          0.00
 930615   7     0     0          0.00        0.00        0.00          0.00
 930615   8     0     0          0.00        0.00        0.00          0.00
 930615   9     0     0          0.00        0.00        0.00          0.00
 930615  10     0     0          0.00        0.00        0.00          0.00
 930615  11     2     2          1.32       45.00       46.32          0.07
 930615  12    16     3          1.17      397.45      398.10          1.20
 930615  13    36     6          3.87      580.92      584.78          1.60
 930615  14    52     7         98.53      390.75      475.08          2.40
 930615  15    44     6        100.55      310.35      357.83          1.98
 930615  16    75    10         91.10      411.57      413.85          2.98
 930615  17    62     7         68.05      312.58      335.03          2.43
 930615  18    29     5        112.00      141.92      192.42          1.15
 930615  19    34     3        163.48      287.13      289.32          1.27
 930615  20    35     5        136.52      111.37      231.88          1.48
 930615  21    23     4         71.35      145.73      180.10          1.17
 930615  22    12     2        148.65       68.38      175.02          0.60
 930615  23     1     1         81.47        2.12       83.58          0.08
 930615  24     0     0          0.00        0.00        0.00          0.00
1     MAXIMUM OF MAXIMUM SIMULTANEOUS USERS
 
 
                   MAX
            TOTAL  SIM                MAXIMUM CPS                   CONNECT
 DATE  HOUR USERS USERS            IN         OUT       TOTAL         HOURS
 
 930611  16    80    11        105.22      393.15      398.40          3.88
 
 
     MAXIMUM OF CONNECT HOURS
 
 
                   MAX
            TOTAL  SIM                MAXIMUM CPS                   CONNECT
 DATE  HOUR USERS USERS            IN         OUT       TOTAL         HOURS
 
 930611  16    80    11        105.22      393.15      398.40          3.88
1
  