1
 
                   MAX
            TOTAL  SIM                MAXIMUM CPS                   CONNECT
 DATE  HOUR USERS USERS            IN         OUT       TOTAL         HOURS
 
 
 930412   1     0     0          0.00        0.00        0.00          0.00
 930412   2     0     0          0.00        0.00        0.00          0.00
 930412   3     0     0          0.00        0.00        0.00          0.00
 930412   4     0     0          0.00        0.00        0.00          0.00
 930412   5     0     0          0.00        0.00        0.00          0.00
 930412   6     0     0          0.00        0.00        0.00          0.00
 930412   7     0     0          0.00        0.00        0.00          0.00
 930412   8     0     0          0.00        0.00        0.00          0.00
 930412   9     0     0          0.00        0.00        0.00          0.00
 930412  10     0     0          0.00        0.00        0.00          0.00
 930412  11     4     1          0.68       62.95       63.53          0.12
 930412  12    27     4          1.97      313.50      315.20          1.18
 930412  13    77     9         39.25      707.03      710.72          3.30
 930412  14   116    11         38.03      815.18      822.17          4.98
 930412  15    95     9         85.12      475.15      484.18          4.62
 930412  16   116    10        161.40      557.88      614.48          5.43
 930412  17   105     9        121.98      439.15      494.67          4.68
 930412  18    62     7        113.37      451.32      554.77          2.82
 930412  19    81     8        152.10      348.68      401.25          4.18
 930412  20    65     7        272.07      261.17      348.32          2.82
 930412  21    49     6        270.63      135.87      331.68          1.97
 930412  22    21     3         86.15      259.25      345.40          0.82
 930412  23     2     2          0.73       83.70       84.43          0.12
 930412  24     3     1          1.10      245.42      246.52          0.20
1
 
                   MAX
            TOTAL  SIM                MAXIMUM CPS                   CONNECT
 DATE  HOUR USERS USERS            IN         OUT       TOTAL         HOURS
 
 
 930413   1     1     1          0.37       18.72       19.08          0.07
 930413   2     2     1          1.03       35.13       36.17          0.05
 930413   3     0     0          0.00        0.00        0.00          0.00
 930413   4     0     0          0.00        0.00        0.00          0.00
 930413   5     0     0          0.00        0.00        0.00          0.00
 930413   6     1     1          0.97        2.68        3.65          0.02
 930413   7     0     0          0.00        0.00        0.00          0.00
 930413   8     0     0          0.00        0.00        0.00          0.00
 930413   9     0     0          0.00        0.00        0.00          0.00
 930413  10     1     1          0.85        3.25        4.10          0.02
 930413  11     4     2          0.75      207.30      208.05          0.22
 930413  12    22     2          1.82      258.98      259.83          0.85
 930413  13    67     9         20.82      580.80      585.22          3.12
 930413  14   103    11        166.40      539.35      586.72          4.23
 930413  15    84     7        165.93      484.77      617.48          3.30
 930413  16   141    11        102.97      665.37      710.58          6.47
 930413  17   121    11        136.65      466.53      482.93          4.65
 930413  18    70     8        187.70      254.47      357.70          3.45
 930413  19    75     6        137.50      337.93      374.17          3.42
 930413  20    82     9        536.35      251.33      648.70          3.97
 930413  21    45     5        181.55      213.77      335.40          2.47
 930413  22    21     3         37.53      153.10      154.18          1.00
 930413  23     1     1          0.18       12.40       12.58          0.08
 930413  24     2     1         59.38      143.53      202.92          0.05
1
 
                   MAX
            TOTAL  SIM                MAXIMUM CPS                   CONNECT
 DATE  HOUR USERS USERS            IN         OUT       TOTAL         HOURS
 
 
 930414   1     0     0          0.00        0.00        0.00          0.00
 930414   2     1     1          1.03       30.82       31.85          0.02
 930414   3     0     0          0.00        0.00        0.00          0.00
 930414   4     0     0          0.00        0.00        0.00          0.00
 930414   5     0     0          0.00        0.00        0.00          0.00
 930414   6     1     1          0.77        3.02        3.78          0.02
 930414   7     0     0          0.00        0.00        0.00          0.00
 930414   8     0     0          0.00        0.00        0.00          0.00
 930414   9     0     0          0.00        0.00        0.00          0.00
 930414  10     1     1          0.77        2.48        3.25          0.02
 930414  11     5     2          0.75      204.90      205.50          0.18
 930414  12    22     3          1.65      292.98      294.13          0.88
 930414  13    63     8         23.60      879.48      883.72          2.72
 930414  14   107     8         68.63      492.33      495.37          4.43
 930414  15   100    11        125.38      730.63      736.50          4.45
 930414  16   136    12        115.35      639.30      748.12          6.15
 930414  17   110     9        105.70      458.02      533.00          4.43
 930414  18    57     5        103.65      316.45      389.38          2.35
 930414  19    75     9        280.83      708.55      748.75          3.70
 930414  20    60     7        184.28      233.78      394.05          2.53
 930414  21    37     6        155.85      141.55      289.35          1.43
 930414  22    17     4         83.67      209.60      210.95          0.95
 930414  23     6     2          1.32       76.08       77.17          0.22
 930414  24     1     1          0.68       16.12       16.80          0.10
1
 
                   MAX
            TOTAL  SIM                MAXIMUM CPS                   CONNECT
 DATE  HOUR USERS USERS            IN         OUT       TOTAL         HOURS
 
 
 930415   1     6     2          1.02      156.50      157.52          0.17
 930415   2     0     0          0.00        0.00        0.00          0.00
 930415   3     0     0          0.00        0.00        0.00          0.00
 930415   4     0     0          0.00        0.00        0.00          0.00
 930415   5     1     1          0.33       14.88       15.22          0.03
 930415   6     1     1          0.98        2.30        3.28          0.02
 930415   7     0     0          0.00        0.00        0.00          0.00
 930415   8     0     0          0.00        0.00        0.00          0.00
 930415   9     0     0          0.00        0.00        0.00          0.00
 930415  10     0     0          0.00        0.00        0.00          0.00
 930415  11     8     3          1.63      243.88      245.52          0.47
 930415  12    19     3          1.98      288.72      290.70          0.62
 930415  13    62     8         32.55      609.03      641.58          2.58
 930415  14   116     9         55.62      630.02      635.35          4.73
 930415  15    89     8        120.47      428.08      431.02          4.23
 930415  16   129    12        105.67      677.78      733.57          5.58
 930415  17   119     9         71.35      537.00      597.05          4.83
 930415  18    55     5         95.98      356.13      395.35          2.30
 930415  19    78     9        134.03      592.08      594.03          3.70
 930415  20    60     7        299.83      283.12      385.37          3.00
 930415  21    40     5        221.10      131.48      260.65          1.83
 930415  22    17     3        103.83       99.50      191.27          0.87
 930415  23     1     1          1.15       78.78       79.93          0.02
 930415  24     2     1          1.32       36.22       37.53          0.17
1
 
                   MAX
            TOTAL  SIM                MAXIMUM CPS                   CONNECT
 DATE  HOUR USERS USERS            IN         OUT       TOTAL         HOURS
 
 
 930416   1     1     1          0.37       22.33       22.70          0.05
 930416   2     0     0          0.00        0.00        0.00          0.00
 930416   3     0     0          0.00        0.00        0.00          0.00
 930416   4     1     1          1.10       31.68       32.78          0.03
 930416   5     0     0          0.00        0.00        0.00          0.00
 930416   6     2     1          1.07       14.40       15.47          0.05
 930416   7     0     0          0.00        0.00        0.00          0.00
 930416   8     0     0          0.00        0.00        0.00          0.00
 930416   9     0     0          0.00        0.00        0.00          0.00
 930416  10     1     1          1.05        2.65        3.70          0.02
 930416  11     8     2          1.22      415.50      415.85          0.50
 930416  12    26     3          1.40      220.25      221.12          0.93
 930416  13    61     9         20.10      610.27      614.38          2.72
 930416  14   100     9         42.73      605.98      609.52          3.88
 930416  15    86     8        147.35      602.78      686.62          4.15
 930416  16   131    12        100.77      807.53      908.30          5.25
 930416  17   109    10        132.05      476.42      523.30          4.53
 930416  18    52     7        166.50      448.67      452.07          2.73
 930416  19    73     9        287.83      509.58      580.18          3.22
 930416  20    47     4        218.85      199.55      288.17          2.07
 930416  21    42     6        178.98      136.93      267.93          1.83
 930416  22     9     2          1.50      202.72      203.58          0.40
 930416  23     1     1          0.58       26.45       27.03          0.02
 930416  24     1     1          0.53       12.58       13.12          0.02
1     MAXIMUM OF MAXIMUM SIMULTANEOUS USERS
 
 
                   MAX
            TOTAL  SIM                MAXIMUM CPS                   CONNECT
 DATE  HOUR USERS USERS            IN         OUT       TOTAL         HOURS
 
 930414  16   136    12        115.35      639.30      748.12          6.15
 
 
     MAXIMUM OF CONNECT HOURS
 
 
                   MAX
            TOTAL  SIM                MAXIMUM CPS                   CONNECT
 DATE  HOUR USERS USERS            IN         OUT       TOTAL         HOURS
 
 930413  16   141    11        102.97      665.37      710.58          6.47
1
  