l1
 
                   MAX
            TOTAL  SIM                MAXIMUM CPS                   CONNECT
 DATE  HOUR USERS USERS            IN         OUT       TOTAL         HOURS
 
 
 940228   1     0     0          0.00        0.00        0.00          0.00
 940228   2     0     0          0.00        0.00        0.00          0.00
 940228   3     0     0          0.00        0.00        0.00          0.00
 940228   4     0     0          0.00        0.00        0.00          0.00
 940228   5     0     0          0.00        0.00        0.00          0.00
 940228   6     0     0          0.00        0.00        0.00          0.00
 940228   7     0     0          0.00        0.00        0.00          0.00
 940228   8     0     0          0.00        0.00        0.00          0.00
 940228   9     0     0          0.00        0.00        0.00          0.00
 940228  10     0     0          0.00        0.00        0.00          0.00
 940228  11     1     1          0.93       15.28       16.22          0.03
 940228  12     0     0          0.00        0.00        0.00          0.00
 940228  13     0     0          0.00        0.00        0.00          0.00
 940228  14     0     0          0.00        0.00        0.00          0.00
 940228  15     0     0          0.00        0.00        0.00          0.00
 940228  16     0     0          0.00        0.00        0.00          0.00
 940228  17     0     0          0.00        0.00        0.00          0.00
 940228  18     0     0          0.00        0.00        0.00          0.00
 940228  19     0     0          0.00        0.00        0.00          0.00
 940228  20     0     0          0.00        0.00        0.00          0.00
 940228  21     0     0          0.00        0.00        0.00          0.00
 940228  22     0     0          0.00        0.00        0.00          0.00
 940228  23     0     0          0.00        0.00        0.00          0.00
 940228  24     0     0          0.00        0.00        0.00          0.00
1
 
                   MAX
            TOTAL  SIM                MAXIMUM CPS                   CONNECT
 DATE  HOUR USERS USERS            IN         OUT       TOTAL         HOURS
 
 
 940301   1     0     0          0.00        0.00        0.00          0.00
 940301   2     0     0          0.00        0.00        0.00          0.00
 940301   3     0     0          0.00        0.00        0.00          0.00
 940301   4     0     0          0.00        0.00        0.00          0.00
 940301   5     0     0          0.00        0.00        0.00          0.00
 940301   6     1     1          0.08      352.77      352.85          0.38
 940301   7     0     0          0.00        0.00        0.00          0.00
 940301   8     0     0          0.00        0.00        0.00          0.00
 940301   9     0     0          0.00        0.00        0.00          0.00
 940301  10     0     0          0.00        0.00        0.00          0.00
 940301  11     1     1          0.07      341.43      341.50          0.25
 940301  12     0     0          0.00        0.00        0.00          0.00
 940301  13     0     0          0.00        0.00        0.00          0.00
 940301  14     0     0          0.00        0.00        0.00          0.00
 940301  15     0     0          0.00        0.00        0.00          0.00
 940301  16     0     0          0.00        0.00        0.00          0.00
 940301  17     0     0          0.00        0.00        0.00          0.00
 940301  18     0     0          0.00        0.00        0.00          0.00
 940301  19     0     0          0.00        0.00        0.00          0.00
 940301  20     0     0          0.00        0.00        0.00          0.00
 940301  21     0     0          0.00        0.00        0.00          0.00
 940301  22     0     0          0.00        0.00        0.00          0.00
 940301  23     0     0          0.00        0.00        0.00          0.00
 940301  24     0     0          0.00        0.00        0.00          0.00
1
 
                   MAX
            TOTAL  SIM                MAXIMUM CPS                   CONNECT
 DATE  HOUR USERS USERS            IN         OUT       TOTAL         HOURS
 
 
 940302   1     0     0          0.00        0.00        0.00          0.00
 940302   2     0     0          0.00        0.00        0.00          0.00
 940302   3     0     0          0.00        0.00        0.00          0.00
 940302   4     0     0          0.00        0.00        0.00          0.00
 940302   5     0     0          0.00        0.00        0.00          0.00
 940302   6     0     0          0.00        0.00        0.00          0.00
 940302   7     1     1          2.00       17.48       19.48          0.02
 940302   8     0     0          0.00        0.00        0.00          0.00
 940302   9     0     0          0.00        0.00        0.00          0.00
 940302  10     0     0          0.00        0.00        0.00          0.00
 940302  11     1     1          0.93       15.38       16.32          0.03
 940302  12     0     0          0.00        0.00        0.00          0.00
 940302  13     0     0          0.00        0.00        0.00          0.00
 940302  14     0     0          0.00        0.00        0.00          0.00
 940302  15     0     0          0.00        0.00        0.00          0.00
 940302  16     0     0          0.00        0.00        0.00          0.00
 940302  17     0     0          0.00        0.00        0.00          0.00
 940302  18     0     0          0.00        0.00        0.00          0.00
 940302  19     0     0          0.00        0.00        0.00          0.00
 940302  20     0     0          0.00        0.00        0.00          0.00
 940302  21     0     0          0.00        0.00        0.00          0.00
 940302  22     0     0          0.00        0.00        0.00          0.00
 940302  23     0     0          0.00        0.00        0.00          0.00
 940302  24     0     0          0.00        0.00        0.00          0.00
1
 
                   MAX
            TOTAL  SIM                MAXIMUM CPS                   CONNECT
 DATE  HOUR USERS USERS            IN         OUT       TOTAL         HOURS
 
 
 940303   1     0     0          0.00        0.00        0.00          0.00
 940303   2     0     0          0.00        0.00        0.00          0.00
 940303   3     0     0          0.00        0.00        0.00          0.00
 940303   4     1     1          2.00       17.48       19.48          0.02
 940303   5     0     0          0.00        0.00        0.00          0.00
 940303   6     0     0          0.00        0.00        0.00          0.00
 940303   7     0     0          0.00        0.00        0.00          0.00
 940303   8     0     0          0.00        0.00        0.00          0.00
 940303   9     0     0          0.00        0.00        0.00          0.00
 940303  10     0     0          0.00        0.00        0.00          0.00
 940303  11     1     1          0.22        1.27        1.48          0.02
 940303  12     0     0          0.00        0.00        0.00          0.00
 940303  13     0     0          0.00        0.00        0.00          0.00
 940303  14     0     0          0.00        0.00        0.00          0.00
 940303  15     0     0          0.00        0.00        0.00          0.00
 940303  16     0     0          0.00        0.00        0.00          0.00
 940303  17     0     0          0.00        0.00        0.00          0.00
 940303  18     0     0          0.00        0.00        0.00          0.00
 940303  19     0     0          0.00        0.00        0.00          0.00
 940303  20     0     0          0.00        0.00        0.00          0.00
 940303  21     0     0          0.00        0.00        0.00          0.00
 940303  22     0     0          0.00        0.00        0.00          0.00
 940303  23     0     0          0.00        0.00        0.00          0.00
 940303  24     0     0          0.00        0.00        0.00          0.00
1
 
                   MAX
            TOTAL  SIM                MAXIMUM CPS                   CONNECT
 DATE  HOUR USERS USERS            IN         OUT       TOTAL         HOURS
 
 
 940304   1     0     0          0.00        0.00        0.00          0.00
 940304   2     0     0          0.00        0.00        0.00          0.00
 940304   3     0     0          0.00        0.00        0.00          0.00
 940304   4     0     0          0.00        0.00        0.00          0.00
 940304   5     0     0          0.00        0.00        0.00          0.00
 940304   6     1     1          0.20      329.85      330.05          0.18
 940304   7     0     0          0.00        0.00        0.00          0.00
 940304   8     0     0          0.00        0.00        0.00          0.00
 940304   9     0     0          0.00        0.00        0.00          0.00
 940304  10     0     0          0.00        0.00        0.00          0.00
 940304  11     0     0          0.00        0.00        0.00          0.00
 940304  12     0     0          0.00        0.00        0.00          0.00
 940304  13     0     0          0.00        0.00        0.00          0.00
 940304  14     0     0          0.00        0.00        0.00          0.00
 940304  15     0     0          0.00        0.00        0.00          0.00
 940304  16     0     0          0.00        0.00        0.00          0.00
 940304  17     0     0          0.00        0.00        0.00          0.00
 940304  18     0     0          0.00        0.00        0.00          0.00
 940304  19     0     0          0.00        0.00        0.00          0.00
 940304  20     0     0          0.00        0.00        0.00          0.00
 940304  21     0     0          0.00        0.00        0.00          0.00
 940304  22     0     0          0.00        0.00        0.00          0.00
 940304  23     0     0          0.00        0.00        0.00          0.00
 940304  24     0     0          0.00        0.00        0.00          0.00
1     MAXIMUM OF MAXIMUM SIMULTANEOUS USERS
 
 
                   MAX
            TOTAL  SIM                MAXIMUM CPS                   CONNECT
 DATE  HOUR USERS USERS            IN         OUT       TOTAL         HOURS
 
 940228  11     1     1          0.93       15.28       16.22          0.03
 
 
     MAXIMUM OF CONNECT HOURS
 
 
                   MAX
            TOTAL  SIM                MAXIMUM CPS                   CONNECT
 DATE  HOUR USERS USERS            IN         OUT       TOTAL         HOURS
 
 940301   6     1     1          0.08      352.77      352.85          0.38
1
 