1
 
                   MAX
            TOTAL  SIM                MAXIMUM CPS                   CONNECT
 DATE  HOUR USERS USERS            IN         OUT       TOTAL         HOURS
 
 
 920914   1     0     0          0.00        0.00        0.00          0.00
 920914   2     0     0          0.00        0.00        0.00          0.00
 920914   3     0     0          0.00        0.00        0.00          0.00
 920914   4     2     2          5.23       42.40       47.63          0.07
 920914   5     0     0          0.00        0.00        0.00          0.00
 920914   6     0     0          0.00        0.00        0.00          0.00
 920914   7     0     0          0.00        0.00        0.00          0.00
 920914   8     0     0          0.00        0.00        0.00          0.00
 920914   9     4     2         15.73      364.87      380.60          0.17
 920914  10     0     0          0.00        0.00        0.00          0.00
 920914  11     0     0          0.00        0.00        0.00          0.00
 920914  12     0     0          0.00        0.00        0.00          0.00
 920914  13     2     1        161.97        0.50      162.47          0.33
 920914  14     7     5        139.25      474.92      612.50          3.48
 920914  15     4     4        137.80       23.18      160.98          3.18
 920914  16     9     5        263.20       26.22      288.33          3.43
 920914  17     7     5        216.62       25.45      241.83          3.93
 920914  18    13     7        182.23       50.50      207.68          5.47
 920914  19    18     8        119.53       98.83      185.38          6.18
 920914  20     7     7         36.58       54.18       90.77          6.02
 920914  21     9     7        252.58       54.18      306.77          6.08
 920914  22    10     6        102.28       51.15      141.97          5.25
 920914  23     9     6         46.62       91.37      137.75          4.82
 920914  24     7     5          2.15       34.67       36.82          3.42
1
 
                   MAX
            TOTAL  SIM                MAXIMUM CPS                   CONNECT
 DATE  HOUR USERS USERS            IN         OUT       TOTAL         HOURS
 
 
 920915   1     4     3         36.25       22.17       58.42          1.58
 920915   2     1     1          1.00        1.28        2.28          0.05
 920915   3     0     0          0.00        0.00        0.00          0.00
 920915   4     0     0          0.00        0.00        0.00          0.00
 920915   5     2     2          0.40      476.90      477.30          0.47
 920915   6     2     2          0.13      476.07      476.20          0.50
 920915   7    14     3        584.50        6.25      588.52          0.95
 920915   8     5     3        516.67        6.07      521.42          0.17
 920915   9     0     0          0.00        0.00        0.00          0.00
 920915  10     0     0          0.00        0.00        0.00          0.00
 920915  11     0     0          0.00        0.00        0.00          0.00
 920915  12     0     0          0.00        0.00        0.00          0.00
 920915  13     2     1        158.35        1.33      159.35          0.32
 920915  14     2     2          0.52       10.80       11.32          1.03
 920915  15     7     4        131.00       17.13      148.13          2.58
 920915  16     8     5         51.30       32.52       83.82          2.73
 920915  17    13     7        107.15       41.52      141.82          5.73
 920915  18    12     8         82.47       42.78      115.72          6.12
 920915  19     9     8         39.78       27.18       66.97          5.70
 920915  20     9     6         38.45       23.28       61.73          5.12
 920915  21    10     7        166.17       32.67      189.33          5.43
 920915  22    10     7        213.20       29.78      242.98          5.40
 920915  23     6     5          4.05       72.62       76.27          3.85
 920915  24    10     4         59.83       32.78       83.55          2.63
1
 
                   MAX
            TOTAL  SIM                MAXIMUM CPS                   CONNECT
 DATE  HOUR USERS USERS            IN         OUT       TOTAL         HOURS
 
 
 920916   1     5     3          1.13       29.93       31.02          1.68
 920916   2     1     1          1.00        1.28        2.28          0.08
 920916   3     0     0          0.00        0.00        0.00          0.00
 920916   4     0     0          0.00        0.00        0.00          0.00
 920916   5     0     0          0.00        0.00        0.00          0.00
 920916   6     2     2          1.73       33.70       35.43          0.03
 920916   7     6     3        544.62        3.67      548.08          0.70
 920916   8     8     3        575.12        6.07      578.67          0.92
 920916   9     0     0          0.00        0.00        0.00          0.00
 920916  10     0     0          0.00        0.00        0.00          0.00
 920916  11     0     0          0.00        0.00        0.00          0.00
 920916  12     0     0          0.00        0.00        0.00          0.00
 920916  13     1     1        168.47        1.00      169.47          0.07
 920916  14     1     1          0.32        8.63        8.95          0.57
 920916  15     2     2          0.43        9.47        9.90          1.62
 920916  16     7     5         15.27       73.72       88.98          2.33
 920916  17    18     8         74.67       73.15      134.85          4.83
 920916  18    12     7        111.67       78.05      189.72          5.83
 920916  19    12     7         88.65      110.75      190.13          5.93
 920916  20    12     8        109.63      127.47      183.77          6.35
 920916  21    13     8        168.03       74.93      242.97          6.50
 920916  22     8     8         98.37       68.77      167.13          7.02
 920916  23    11     7        123.58       65.73      165.63          4.85
 920916  24     4     4          1.05       39.00       40.05          3.93
1
 
                   MAX
            TOTAL  SIM                MAXIMUM CPS                   CONNECT
 DATE  HOUR USERS USERS            IN         OUT       TOTAL         HOURS
 
 
 920917   1     7     5          2.05       40.28       42.33          1.17
 920917   2     0     0          0.00        0.00        0.00          0.00
 920917   3     0     0          0.00        0.00        0.00          0.00
 920917   4     2     2          5.23       38.40       43.63          0.07
 920917   5     0     0          0.00        0.00        0.00          0.00
 920917   6     2     2          1.73       30.70       32.43          0.07
 920917   7     3     2        395.63        3.73      398.97          0.28
 920917   8     8     2        475.90        6.07      479.73          0.62
 920917   9     0     0          0.00        0.00        0.00          0.00
 920917  10     0     0          0.00        0.00        0.00          0.00
 920917  11     0     0          0.00        0.00        0.00          0.00
 920917  12     0     0          0.00        0.00        0.00          0.00
 920917  13     0     0          0.00        0.00        0.00          0.00
 920917  14     5     3        336.25       23.83      337.08          1.53
 920917  15     4     3          1.52       22.80       23.72          2.40
 920917  16     5     5        188.63       24.68      213.32          3.17
 920917  17    10     5         90.10       74.52      158.08          4.32
 920917  18    12     7         89.55       97.37      167.10          5.08
 920917  19     7     6          3.93       90.07       94.00          4.28
 920917  20     8     7        183.50       52.45      235.95          5.53
 920917  21     9     6         37.27      115.78      120.78          5.03
 920917  22    13     6        259.97       62.22      299.78          4.98
 920917  23     5     5         37.20       38.72       75.92          3.40
 920917  24     6     4         40.48       28.58       69.07          2.32
1     MAXIMUM OF MAXIMUM SIMULTANEOUS USERS
 
 
                   MAX
            TOTAL  SIM                MAXIMUM CPS                   CONNECT
 DATE  HOUR USERS USERS            IN         OUT       TOTAL         HOURS
 
 920914  19    18     8        119.53       98.83      185.38          6.18
 
 
     MAXIMUM OF CONNECT HOURS
 
 
                   MAX
            TOTAL  SIM                MAXIMUM CPS                   CONNECT
 DATE  HOUR USERS USERS            IN         OUT       TOTAL         HOURS
 
 920916  22     8     8         98.37       68.77      167.13          7.02
1
