1
 
                   MAX
            TOTAL  SIM                MAXIMUM CPS                   CONNECT
 DATE  HOUR USERS USERS            IN         OUT       TOTAL         HOURS
 
 
 921012   1     9     4         10.53      214.25      224.78          1.38
 921012   2    11     7         18.37      403.08      421.45          4.03
 921012   3     4     4         14.50      266.77      281.27          1.85
 921012   4     2     1          4.10       84.33       88.43          0.57
 921012   5     1     1          3.65       35.40       39.05          0.17
 921012   6     0     0          0.00        0.00        0.00          0.00
 921012   7     0     0          0.00        0.00        0.00          0.00
 921012   8     0     0          0.00        0.00        0.00          0.00
 921012   9     1     1          2.47       75.98       78.45          0.32
 921012  10     1     1          2.33       82.38       84.72          0.13
 921012  11     1     1          4.92      125.72      130.63          0.03
 921012  12     8     2         65.68      175.67      184.18          0.57
 921012  13    22     6         18.42      220.05      238.47          3.40
 921012  14    40    10         18.00      289.53      307.53          6.27
 921012  15    50    13         24.20      325.78      349.98          8.20
 921012  16    80    21        116.13      638.13      729.70         11.35
 921012  17   104    22         58.25      684.18      722.83         18.43
 921012  18    85    21         33.15      752.03      783.55         16.00
 921012  19    99    28        134.67      841.55      872.38         20.70
 921012  20    71    23         34.90      610.50      645.40         14.35
 921012  21    56    21         35.75      657.37      693.12         12.57
 921012  22    39     9         17.92      332.07      349.98          5.68
 921012  23    22     5        134.53      305.17      439.70          2.05
 921012  24    13     5         13.93      287.85      301.78          3.47
1
 
                   MAX
            TOTAL  SIM                MAXIMUM CPS                   CONNECT
 DATE  HOUR USERS USERS            IN         OUT       TOTAL         HOURS
 
 
 921013   1    11     6         20.87      393.13      414.00          4.30
 921013   2    14     8         35.42      362.43      397.85          5.22
 921013   3    10     6         26.03      352.65      378.43          4.55
 921013   4     9     6         70.98      297.62      332.73          2.28
 921013   5     4     1         70.72       93.37      116.35          0.68
 921013   6     0     0          0.00        0.00        0.00          0.00
 921013   7     0     0          0.00        0.00        0.00          0.00
 921013   8     0     0          0.00        0.00        0.00          0.00
 921013   9     0     0          0.00        0.00        0.00          0.00
 921013  10     0     0          0.00        0.00        0.00          0.00
 921013  11     1     1          1.70       21.27       22.97          0.12
 921013  12     6     2          5.22       94.52       99.73          1.08
 921013  13    46    20         35.70      738.12      773.82          5.77
 921013  14   115    34         84.98      963.38     1016.13         27.18
 921013  15    66    21         24.90      420.33      442.70         16.77
 921013  16    57    17         18.80      293.28      311.93         13.33
 921013  17    60    14         24.63      318.18      334.38         10.27
 921013  18    33    10         14.42      205.27      218.45          7.60
 921013  19    45    12         16.48      225.35      236.82          8.03
 921013  20    41    13         20.30      293.72      311.32          8.90
 921013  21    43    10         15.10      285.48      300.58          6.58
 921013  22    29     8         16.33      310.30      322.83          4.87
 921013  23    21     9         15.82      236.77      252.58          2.62
 921013  24     9     3          4.95       97.12      101.37          1.23
1
 
                   MAX
            TOTAL  SIM                MAXIMUM CPS                   CONNECT
 DATE  HOUR USERS USERS            IN         OUT       TOTAL         HOURS
 
 
 921014   1     0     0          0.00        0.00        0.00          0.00
 921014   2     2     2          7.12       77.58       84.70          0.22
 921014   3     3     3          9.52       96.25      105.77          1.25
 921014   4     0     0          0.00        0.00        0.00          0.00
 921014   5     0     0          0.00        0.00        0.00          0.00
 921014   6     1     1          4.05       36.18       40.23          0.22
 921014   7     0     0          0.00        0.00        0.00          0.00
 921014   8     0     0          0.00        0.00        0.00          0.00
 921014   9     0     0          0.00        0.00        0.00          0.00
 921014  10     0     0          0.00        0.00        0.00          0.00
 921014  11     0     0          0.00        0.00        0.00          0.00
 921014  12     6     2          6.32      146.83      151.03          0.85
 921014  13    36    12         22.30      223.33      244.23          5.57
 921014  14    42    13         22.62      353.50      376.08          9.88
 921014  15    53    16         18.18      290.47      308.65         11.43
 921014  16    47    12         20.80      330.83      351.63          8.23
 921014  17    41    14         15.50      257.15      272.37          8.33
 921014  18    51    14         18.98      355.73      374.72          9.08
 921014  19    55    15         21.30      338.27      351.75         11.08
 921014  20    56    14         23.62      464.42      488.03          7.90
 921014  21    55    13         27.90      390.60      418.50          9.77
 921014  22    32     8         10.62      240.82      250.92          4.27
 921014  23    23     6         14.30      153.95      168.25          3.95
 921014  24    15     7          7.88      118.28      126.17          2.80
1
 
                   MAX
            TOTAL  SIM                MAXIMUM CPS                   CONNECT
 DATE  HOUR USERS USERS            IN         OUT       TOTAL         HOURS
 
 
 921015   1     5     2          4.00       82.42       86.42          0.95
 921015   2     2     1          3.83       91.48       95.32          0.78
 921015   3     0     0          0.00        0.00        0.00          0.00
 921015   4     0     0          0.00        0.00        0.00          0.00
 921015   5     0     0          0.00        0.00        0.00          0.00
 921015   6     0     0          0.00        0.00        0.00          0.00
 921015   7     0     0          0.00        0.00        0.00          0.00
 921015   8     0     0          0.00        0.00        0.00          0.00
 921015   9     0     0          0.00        0.00        0.00          0.00
 921015  10     0     0          0.00        0.00        0.00          0.00
 921015  11     0     0          0.00        0.00        0.00          0.00
 921015  12     8     4         16.07      144.88      160.95          1.58
 921015  13    33     9         21.07      274.15      295.22          4.02
 921015  14    47    14         21.85      305.42      327.27          9.10
 921015  15    57    16         20.20      438.47      458.67         11.22
 921015  16    49    13         16.47      208.65      221.93          9.78
 921015  17    27     9         15.30      160.13      175.43          4.98
 921015  18    19     7          9.35      162.57      168.13          4.50
 921015  19    42    17         27.22      433.50      459.55          9.70
 921015  20    34    10         19.17      221.08      237.00          6.53
 921015  21    38    12         15.92      220.18      236.10          6.93
 921015  22    25    10         13.12      212.40      225.52          4.53
 921015  23    18     5         13.58      146.58      158.02          1.47
 921015  24     5     2          3.98       93.57       96.60          0.62
1
 
                   MAX
            TOTAL  SIM                MAXIMUM CPS                   CONNECT
 DATE  HOUR USERS USERS            IN         OUT       TOTAL         HOURS
 
 
 921016   1     2     1          2.52       18.15       20.67          0.73
 921016   2     1     1          2.52       18.15       20.67          0.30
 921016   3     2     2          5.12      149.92      155.03          0.23
 921016   4     1     1          2.18       66.35       68.53          0.18
 921016   5     0     0          0.00        0.00        0.00          0.00
 921016   6     0     0          0.00        0.00        0.00          0.00
 921016   7     0     0          0.00        0.00        0.00          0.00
 921016   8     0     0          0.00        0.00        0.00          0.00
 921016   9     0     0          0.00        0.00        0.00          0.00
 921016  10     0     0          0.00        0.00        0.00          0.00
 921016  11     0     0          0.00        0.00        0.00          0.00
 921016  12     5     3          4.77       51.02       55.02          1.43
 921016  13    20     6          8.28      124.23      131.13          3.30
 921016  14    32    10         14.27      349.53      363.80          7.03
 921016  15    40    10         17.37      278.75      293.85          5.20
 921016  16    41    12         24.00      252.58      276.58          8.28
 921016  17    34    10         15.05      195.80      207.02          6.08
 921016  18    34     9         16.00      251.52      267.52          5.58
 921016  19    45    11         14.75      213.05      227.80          7.55
 921016  20    34    10         15.27      189.12      204.38          5.82
 921016  21    35    10         12.17      257.38      269.55          6.08
 921016  22    22     6         11.28      190.95      201.85          2.83
 921016  23    10     4          6.50       69.22       72.18          1.67
 921016  24     6     4          5.78      130.35      134.98          1.28
1     MAXIMUM OF MAXIMUM SIMULTANEOUS USERS
 
 
                   MAX
            TOTAL  SIM                MAXIMUM CPS                   CONNECT
 DATE  HOUR USERS USERS            IN         OUT       TOTAL         HOURS
 
 921013  14   115    34         84.98      963.38     1016.13         27.18
 
 
     MAXIMUM OF CONNECT HOURS
 
 
                   MAX
            TOTAL  SIM                MAXIMUM CPS                   CONNECT
 DATE  HOUR USERS USERS            IN         OUT       TOTAL         HOURS
 
 921013  14   115    34         84.98      963.38     1016.13         27.18
1
  