1
 
                   MAX
            TOTAL  SIM                MAXIMUM CPS                   CONNECT
 DATE  HOUR USERS USERS            IN         OUT       TOTAL         HOURS
 
 
 960101   1   268    75        907.23    17068.20    17841.73         64.85
 960101   2   260    63        896.47    12909.58    13806.05         58.35
 960101   3   256    83       1006.03    15806.07    16622.22         69.28
 960101   4   274    78       1284.35    15085.35    16369.70         67.27
 960101   5   222    66       1415.55     9896.15    10921.33         61.27
 960101   6   200    60       1486.95    12779.52    13953.00         55.35
 960101   7   179    61        976.35    13227.68    14204.03         55.83
 960101   8   183    57        940.60    12704.38    13472.65         50.42
 960101   9   112    44        653.95    10866.53    11463.43         34.27
 960101  10   108    34        446.30    10505.12    10896.60         29.28
 960101  11   115    34        499.47    10126.63    10461.02         31.27
 960101  12   119    38        677.95     9743.97    10247.43         33.22
 960101  13   114    31        424.15     7683.63     7963.40         26.03
 960101  14   129    28        521.57     7132.75     7603.23         25.17
 960101  15   156    47        891.53     8350.85     8984.45         35.15
 960101  16   208    59       1137.42    15386.63    16020.40         50.25
 960101  17   258    66       1125.50    18104.88    18877.42         55.90
 960101  18   293    69       2095.57    16399.43    17296.55         64.40
 960101  19   272    77       1200.30    15655.12    16523.57         67.58
 960101  20   296    81       1437.78    18254.65    19449.18         69.90
 960101  21   317    91       1419.05    20408.43    21550.73         79.52
 960101  22   394    94       1238.30    18660.78    19676.72         84.80
 960101  23   359   105       2007.83    19226.80    21230.55         95.05
 960101  24   368    98       2156.62    21420.55    23577.17         90.43
1
 
                   MAX
            TOTAL  SIM                MAXIMUM CPS                   CONNECT
 DATE  HOUR USERS USERS            IN         OUT       TOTAL         HOURS
 
 
 960102   1   333    93       2329.57    19176.10    20768.68         86.15
 960102   2   365   113       1179.52    20828.77    21942.88         93.77
 960102   3   393   122       1560.28    22593.37    23732.38        112.08
 960102   4   428   129       1813.43    24378.78    25856.92        117.18
 960102   5   389   124       2686.28    22543.47    24049.48        112.95
 960102   6   320   118       1643.70    18227.82    19610.45         97.30
 960102   7   262    86       1469.55    14252.13    15353.47         80.03
 960102   8   213    76       1835.10    13620.53    15000.32         66.90
 960102   9   193    59       1454.85    11840.00    13224.77         50.17
 960102  10   141    42        836.97     9712.58    10197.60         38.15
 960102  11   132    42        524.57    10318.70    10828.33         35.47
 960102  12   152    42       1265.12    10066.73    10724.57         35.88
 960102  13   149    40        523.40     9013.78     9446.32         32.92
 960102  14   184    47        904.58     9726.18    10274.03         36.02
 960102  15   215    50        927.68    11514.43    12228.30         41.65
 960102  16   253    57       1952.95    14476.57    16260.15         49.55
 960102  17   284    67       3033.63    18331.58    21158.15         59.13
 960102  18   311    65       1043.97    16695.28    17500.63         60.05
 960102  19   362    77       1143.62    12847.83    13583.25         65.72
 960102  20   365    94        897.02    21357.47    22167.32         76.72
 960102  21   377    95       1583.53    18887.40    20164.10         84.63
 960102  22   458   106       1249.27    22568.98    23427.93         98.28
 960102  23   412   106       2072.48    19720.10    21135.13         92.88
 960102  24   389   101       1885.57    22234.50    23041.20         87.83
1
 
                   MAX
            TOTAL  SIM                MAXIMUM CPS                   CONNECT
 DATE  HOUR USERS USERS            IN         OUT       TOTAL         HOURS
 
 
 960103   1   415   113       1432.30    24965.00    26319.83        102.65
 960103   2   456   113       1418.68    20879.00    22188.60        100.53
 960103   3   451   129       1493.47    25970.00    27357.57        120.18
 960103   4   437   129       1876.68    24497.85    26182.97        122.17
 960103   5   438   130       2177.63    25824.98    27561.15        120.10
 960103   6   358   121       2671.92    23152.65    25783.53        110.83
 960103   7   305   113       1940.12    23422.15    24984.75         90.57
 960103   8   232    82       2160.02    16291.98    18081.05         68.58
 960103   9   194    66       1730.68    12207.97    13715.75         55.88
 960103  10   151    55        956.22    10050.53    10996.45         44.93
 960103  11   161    45        740.95     8444.43     9084.17         38.42
 960103  12   148    47        642.10    10781.28    11333.27         41.62
 960103  13   171    45        579.83     8448.70     9014.18         38.82
 960103  14   195    43        581.65     9339.77     9886.08         35.83
 960103  15   216    53        954.43    11635.32    12315.62         41.93
 960103  16   286    68        770.75    13170.40    13726.97         56.20
 960103  17   303    67       1853.88    14832.22    15831.30         58.40
 960103  18   293    72       1840.28    16104.37    17495.62         64.90
 960103  19   325    72       2992.02    14819.53    17266.87         65.43
 960103  20   363    83       1413.33    15227.48    16434.15         72.00
 960103  21   235    94       1264.50    20688.80    21895.57         69.40
 960103  22   318    91       1159.28    18358.73    19408.57         59.62
 960103  23   447    99       1710.57    22831.52    23967.38         87.02
 960103  24   405   109       2410.25    20616.83    22378.05         93.35
1
 
                   MAX
            TOTAL  SIM                MAXIMUM CPS                   CONNECT
 DATE  HOUR USERS USERS            IN         OUT       TOTAL         HOURS
 
 
 960104   1   404   107       1299.70    20586.97    21829.30         97.68
 960104   2   445   127       2353.42    21199.95    22273.25        114.30
 960104   3   898   197       2135.27    25171.52    26965.12        131.00
 960104   4  1941   250       3486.95    20682.97    22627.52        153.80
 960104   5  1687   210       3073.57    24635.57    26933.87        148.47
 960104   6   370   125       2474.65    22099.17    23532.37        108.05
 960104   7   262   100       1442.63    14159.57    15564.95         89.27
 960104   8   228    81        725.70    13620.47    14280.73         63.77
 960104   9   175    59        746.12    11059.82    11717.38         52.75
 960104  10   171    51       1175.73    10045.98    10681.38         43.98
 960104  11   173    46        982.37    12944.32    13652.93         41.40
 960104  12   166    47        781.77    10509.08    11208.60         40.40
 960104  13   193    40       1060.43     7492.60     7975.70         33.55
 960104  14   196    40       1927.00     9809.90    10756.32         33.40
 960104  15   178    43       1693.83    11709.50    12891.72         34.15
 960104  16   229    58       1025.55    10734.07    11308.95         35.47
 960104  17   270    64       1699.85    14044.25    15159.42         56.28
 960104  18   310    68       2014.03    15461.70    16674.10         61.85
 960104  19   374    80       1375.63    18154.15    19402.08         68.97
 960104  20   307    78       1539.15    16368.67    17307.92         67.62
 960104  21   339    85       1384.38    18484.05    19435.02         73.65
 960104  22   417    93       1739.50    18578.18    19986.13         81.67
 960104  23   387    92       1458.30    20988.95    22248.88         81.93
 960104  24   408    98       2184.07    20823.95    22126.87         86.45
1
 
                   MAX
            TOTAL  SIM                MAXIMUM CPS                   CONNECT
 DATE  HOUR USERS USERS            IN         OUT       TOTAL         HOURS
 
 
 960105   1   472   115       1831.97    23831.38    25342.72        104.10
 960105   2   436   113       1667.17    21440.70    23013.45         98.43
 960105   3   500   144       1550.23    21290.83    22841.07        113.88
 960105   4   446   130       2172.28    19512.95    21379.13        122.42
 960105   5  1386   241       1248.83    20382.87    21385.12        144.00
 960105   6   379   130       1565.37    19559.87    20574.18        115.72
 960105   7   293   104       1300.23    17026.17    18283.03         89.90
 960105   8   272    85       1329.58    18619.57    19841.70         73.98
 960105   9   206    68       1584.23    13457.33    14424.37         61.93
 960105  10   184    60       1229.42    12760.55    13989.97         46.77
 960105  11   157    46       1026.75    11984.25    13011.00         38.68
 960105  12   152    43        508.75     9900.42    10348.28         37.07
 960105  13   166    37        638.55     7911.42     8502.12         30.27
 960105  14   170    52        884.50    10593.38    11477.88         38.72
 960105  15   238    61       1285.45    13513.08    14628.10         48.28
 960105  16   285    64       1411.03    13954.52    15071.88         56.88
 960105  17   315    76       2164.55    13295.62    14631.62         63.12
 960105  18   312    74       1335.05    16590.48    17707.93         64.83
 960105  19   337    78       2048.77    16543.37    17533.57         66.83
 960105  20   364    86       2063.13    15769.22    17307.02         71.87
 960105  21   346    88       2595.98    13920.25    16516.23         75.48
 960105  22   693    83        984.33    12036.60    12625.90         65.52
 960105  23   453   101       1749.90    18362.50    19327.80         88.63
 960105  24   326    82       1390.67    13875.23    15227.82         53.40
1     MAXIMUM OF MAXIMUM SIMULTANEOUS USERS
 
 
                   MAX
            TOTAL  SIM                MAXIMUM CPS                   CONNECT
 DATE  HOUR USERS USERS            IN         OUT       TOTAL         HOURS
 
 960104   4  1941   250       3486.95    20682.97    22627.52        153.80
 
 
     MAXIMUM OF CONNECT HOURS
 
 
                   MAX
            TOTAL  SIM                MAXIMUM CPS                   CONNECT
 DATE  HOUR USERS USERS            IN         OUT       TOTAL         HOURS
 
 960104   4  1941   250       3486.95    20682.97    22627.52        153.80
1
  