1
 
                   MAX
            TOTAL  SIM                MAXIMUM CPS                   CONNECT
 DATE  HOUR USERS USERS            IN         OUT       TOTAL         HOURS
 
 
 941205   1   113    28        152.62     5229.57     5342.20         24.45
 941205   2   134    34        217.27     7832.38     7984.23         28.43
 941205   3   152    44        168.77     9046.40     9195.80         36.37
 941205   4   147    46       1006.28     8302.07     8543.52         34.52
 941205   5   134    39       1056.32     8802.88     9803.40         32.55
 941205   6   110    37        921.57     9341.77     9464.33         32.97
 941205   7    98    30        489.48     6718.43     7000.67         23.72
 941205   8    70    24        229.42     5963.32     6044.93         15.98
 941205   9    51    19        441.92     4137.67     4579.58         14.23
 941205  10    44    14        661.05     3215.88     3304.03          8.55
 941205  11    35    10        782.98     1623.27     1651.12          6.22
 941205  12    31     9        497.90     2016.07     2045.72          5.78
 941205  13    28     8        356.73     1165.38     1369.12          4.52
 941205  14    51    12        281.47     3010.98     3082.48          7.37
 941205  15    51    12        478.33     2652.02     2682.73          8.73
 941205  16    72    12        944.02     3318.58     3453.78          8.37
 941205  17    82    20        243.70     3288.05     3390.50         14.37
 941205  18    80    19        858.08     3171.23     3230.55         14.23
 941205  19    87    24       1378.87     3944.95     4011.52         18.42
 941205  20    95    28        747.53     6097.93     6845.47         23.28
 941205  21    94    25        730.82     6135.65     6861.72         19.97
 941205  22   102    25        822.43     3651.93     3776.92         20.45
 941205  23   128    29        404.28     4357.68     4458.92         24.88
 941205  24   123    31        420.27     6285.80     6493.18         22.62
1
 
                   MAX
            TOTAL  SIM                MAXIMUM CPS                   CONNECT
 DATE  HOUR USERS USERS            IN         OUT       TOTAL         HOURS
 
 
 941206   1   155    35        490.27     8515.78     8735.10         30.15
 941206   2   163    41        352.72     8893.33     9153.73         32.33
 941206   3   191    52        577.08    13554.47    13797.03         43.08
 941206   4   171    53       1592.10    13957.67    14142.93         46.72
 941206   5   154    50        200.73     9303.87     9454.70         42.82
 941206   6   132    38        907.50     6496.18     7225.18         32.88
 941206   7   101    31        130.50     7696.68     7772.65         25.50
 941206   8    68    24        162.65     6437.72     6516.85         18.67
 941206   9    59    17        142.60     4847.38     4897.03         13.95
 941206  10    47    15         68.38     3404.18     3440.48         11.48
 941206  11    41    13        167.73     3134.28     3167.67          9.92
 941206  12    58    10        347.30     2789.85     2845.02          6.75
 941206  13    66    10        166.20     2732.40     2772.80          5.67
 941206  14    36    10         41.92     3531.60     3562.82          7.38
 941206  15    66    12         96.60     2416.23     2457.22          8.55
 941206  16    67    15        980.10     3398.57     4252.02          9.48
 941206  17    97    17        943.50     4079.48     4333.55         12.17
 941206  18   100    19        856.88     6002.77     6386.13         14.83
 941206  19    94    19        240.92     4034.72     4110.15         14.12
 941206  20    75    15         85.43     2542.17     2620.40         11.45
 941206  21    63    17        155.55     1729.53     1789.63         10.03
 941206  22    82    25        484.55     4900.78     4962.35         20.23
 941206  23    97    20        172.40     2550.30     2601.92         16.85
 941206  24    82    19        109.00     3971.05     4056.85         13.33
1
 
                   MAX
            TOTAL  SIM                MAXIMUM CPS                   CONNECT
 DATE  HOUR USERS USERS            IN         OUT       TOTAL         HOURS
 
 
 941207   1   124    29        425.10     6653.37     6756.30         22.32
 941207   2   146    39        216.72     6604.88     6821.60         32.07
 941207   3   181    57        767.77     7888.92     8055.47         45.35
 941207   4   207    56        862.42     9306.85     9595.77         48.67
 941207   5   159    50        352.10     7852.65     8006.03         42.48
 941207   6    86    35        103.27     4939.07     5023.20         21.37
 941207   7    98    29        267.38     5412.82     5492.02         22.87
 941207   8    67    22        199.68     4023.20     4219.90         18.27
 941207   9    50    18        266.78     3041.08     3099.52         11.90
 941207  10    32    16         79.12     2852.75     2931.87         11.15
 941207  11    24     9         39.15      626.18      644.73          7.28
 941207  12    37    10        347.40     1449.67     1781.93          6.55
 941207  13    33     8        332.48     1352.55     1381.50          6.13
 941207  14    39    10        234.45     2707.60     2739.72          7.27
 941207  15    52    11        141.48     3191.28     3245.70          6.48
 941207  16    67    12        730.05     2765.17     3240.42          8.63
 941207  17    70    18        754.98     2166.13     2719.10         11.97
 941207  18    84    18        797.30     2423.50     2530.65         13.82
 941207  19    91    20        202.27     3166.42     3267.43         15.78
 941207  20    87    20       1324.75     4344.63     4495.02         15.75
 941207  21    98    21       1280.43     4629.17     5569.68         16.65
 941207  22   124    27        242.12     6425.50     6509.65         19.35
 941207  23   124    32        252.27     6361.53     6500.85         24.85
 941207  24   107    23        280.45     4184.68     4313.02         18.20
1
 
                   MAX
            TOTAL  SIM                MAXIMUM CPS                   CONNECT
 DATE  HOUR USERS USERS            IN         OUT       TOTAL         HOURS
 
 
 941208   1   103    27        506.68     6050.67     6143.23         20.65
 941208   2   153    40        307.78     8874.02     9016.65         31.95
 941208   3   185    50        357.22     8878.75     9020.93         42.95
 941208   4   187    56        300.20     8757.22     8902.95         45.08
 941208   5   140    44        413.05     9662.78     9795.42         39.10
 941208   6   136    35        490.93     5823.47     6314.40         30.45
 941208   7   105    31        207.65     5583.32     5667.32         26.55
 941208   8    68    24         79.68     4407.50     4465.32         16.10
 941208   9    68    15        207.12     3090.20     3141.35         10.93
 941208  10    29    11        201.13     1931.78     1967.07          8.83
 941208  11    42     9        202.23     1881.75     1904.85          7.35
 941208  12    45    15        837.08     4848.83     5043.13          9.85
 941208  13    30    10        851.47     3699.27     3779.88          7.75
 941208  14    61    11        282.13     3468.45     3514.37          7.48
 941208  15    51    13        161.10     2852.15     2887.53          9.22
 941208  16    72    11        295.40     3368.18     3434.93          8.45
 941208  17    80    17        849.45     5247.77     5310.97         12.17
 941208  18    81    18        392.82     4867.13     5193.12         14.70
 941208  19    92    22        122.05     5095.13     5207.43         17.17
 941208  20    84    21        283.47     6062.90     6130.75         13.72
 941208  21    76    20        199.23     6682.92     6854.92         16.17
 941208  22   105    30        940.67     5371.08     5763.68         22.12
 941208  23   124    30        952.60     5808.75     6583.80         21.93
 941208  24    97    21        237.22     4473.55     4626.45         13.92
1     MAXIMUM OF MAXIMUM SIMULTANEOUS USERS
 
 
                   MAX
            TOTAL  SIM                MAXIMUM CPS                   CONNECT
 DATE  HOUR USERS USERS            IN         OUT       TOTAL         HOURS
 
 941207   3   181    57        767.77     7888.92     8055.47         45.35
 
 
     MAXIMUM OF CONNECT HOURS
 
 
                   MAX
            TOTAL  SIM                MAXIMUM CPS                   CONNECT
 DATE  HOUR USERS USERS            IN         OUT       TOTAL         HOURS
 
 941207   4   207    56        862.42     9306.85     9595.77         48.67
1
