     APPLE / BT TYMNET   TRAFFIC STATISTICS  -  X.25 HOST 7825


 
                   MAX
            TOTAL  SIM                MAXIMUM CPS                   CONNECT
 DATE  HOUR USERS USERS            IN         OUT       TOTAL         HOURS
 
 
 931112   1     4     2          4.30       10.65       14.95          0.42
 931112   2     1     1          1.98        5.65        7.63          0.92
 931112   3     0     0          0.00        0.00        0.00          0.00
 931112   4     0     0          0.00        0.00        0.00          0.00
 931112   5     0     0          0.00        0.00        0.00          0.00
 931112   6     0     0          0.00        0.00        0.00          0.00
 931112   7     0     0          0.00        0.00        0.00          0.00
 931112   8     0     0          0.00        0.00        0.00          0.00
 931112   9     0     0          0.00        0.00        0.00          0.00
 931112  10     0     0          0.00        0.00        0.00          0.00
 931112  11     0     0          0.00        0.00        0.00          0.00
 931112  12     0     0          0.00        0.00        0.00          0.00
 931112  13     0     0          0.00        0.00        0.00          0.00
 931112  14     0     0          0.00        0.00        0.00          0.00
 931112  15     0     0          0.00        0.00        0.00          0.00
 931112  16     0     0          0.00        0.00        0.00          0.00
 931112  17     0     0          0.00        0.00        0.00          0.00
 931112  18     2     1         17.42      107.85      125.27          0.03
 931112  19     0     0          0.00        0.00        0.00          0.00
 931112  20     0     0          0.00        0.00        0.00          0.00
 931112  21     0     0          0.00        0.00        0.00          0.00
 931112  22     3     1         46.17      130.95      177.12          0.08
 931112  23     0     0          0.00        0.00        0.00          0.00
 931112  24     0     0          0.00        0.00        0.00          0.00
1
 
                   MAX
            TOTAL  SIM                MAXIMUM CPS                   CONNECT
 DATE  HOUR USERS USERS            IN         OUT       TOTAL         HOURS
 
 
 931113   1     8     2          5.98       40.73       44.57          0.37
 931113   2     3     2         49.85      103.23      153.08          0.58
 931113   3     0     0          0.00        0.00        0.00          0.00
 931113   4     0     0          0.00        0.00        0.00          0.00
 931113   5     0     0          0.00        0.00        0.00          0.00
 931113   6     0     0          0.00        0.00        0.00          0.00
 931113   7     0     0          0.00        0.00        0.00          0.00
 931113   8     0     0          0.00        0.00        0.00          0.00
 931113   9     0     0          0.00        0.00        0.00          0.00
 931113  10     0     0          0.00        0.00        0.00          0.00
 931113  11     0     0          0.00        0.00        0.00          0.00
 931113  12     0     0          0.00        0.00        0.00          0.00
 931113  13     0     0          0.00        0.00        0.00          0.00
 931113  14     0     0          0.00        0.00        0.00          0.00
 931113  15     0     0          0.00        0.00        0.00          0.00
 931113  16     0     0          0.00        0.00        0.00          0.00
 931113  17     0     0          0.00        0.00        0.00          0.00
 931113  18     0     0          0.00        0.00        0.00          0.00
 931113  19     0     0          0.00        0.00        0.00          0.00
 931113  20     0     0          0.00        0.00        0.00          0.00
 931113  21     0     0          0.00        0.00        0.00          0.00
 931113  22     0     0          0.00        0.00        0.00          0.00
 931113  23     0     0          0.00        0.00        0.00          0.00
 931113  24     0     0          0.00        0.00        0.00          0.00
1
 
                   MAX
            TOTAL  SIM                MAXIMUM CPS                   CONNECT
 DATE  HOUR USERS USERS            IN         OUT       TOTAL         HOURS
 
 
 931114   1     0     0          0.00        0.00        0.00          0.00
 931114   2     0     0          0.00        0.00        0.00          0.00
 931114   3     0     0          0.00        0.00        0.00          0.00
 931114   4     0     0          0.00        0.00        0.00          0.00
 931114   5     0     0          0.00        0.00        0.00          0.00
 931114   6     0     0          0.00        0.00        0.00          0.00
 931114   7     0     0          0.00        0.00        0.00          0.00
 931114   8     0     0          0.00        0.00        0.00          0.00
 931114   9     0     0          0.00        0.00        0.00          0.00
 931114  10     0     0          0.00        0.00        0.00          0.00
 931114  11     0     0          0.00        0.00        0.00          0.00
 931114  12     0     0          0.00        0.00        0.00          0.00
 931114  13     0     0          0.00        0.00        0.00          0.00
 931114  14     0     0          0.00        0.00        0.00          0.00
 931114  15     0     0          0.00        0.00        0.00          0.00
 931114  16     0     0          0.00        0.00        0.00          0.00
 931114  17     0     0          0.00        0.00        0.00          0.00
 931114  18     0     0          0.00        0.00        0.00          0.00
 931114  19     0     0          0.00        0.00        0.00          0.00
 931114  20     0     0          0.00        0.00        0.00          0.00
 931114  21     0     0          0.00        0.00        0.00          0.00
 931114  22     0     0          0.00        0.00        0.00          0.00
 931114  23     0     0          0.00        0.00        0.00          0.00
 931114  24     0     0          0.00        0.00        0.00          0.00
1
 
                   MAX
            TOTAL  SIM                MAXIMUM CPS                   CONNECT
 DATE  HOUR USERS USERS            IN         OUT       TOTAL         HOURS
 
 
 931115   1     0     0          0.00        0.00        0.00          0.00
 931115   2     0     0          0.00        0.00        0.00          0.00
 931115   3     0     0          0.00        0.00        0.00          0.00
 931115   4     0     0          0.00        0.00        0.00          0.00
 931115   5     0     0          0.00        0.00        0.00          0.00
 931115   6     0     0          0.00        0.00        0.00          0.00
 931115   7     0     0          0.00        0.00        0.00          0.00
 931115   8     0     0          0.00        0.00        0.00          0.00
 931115   9     0     0          0.00        0.00        0.00          0.00
 931115  10     0     0          0.00        0.00        0.00          0.00
 931115  11     0     0          0.00        0.00        0.00          0.00
 931115  12     0     0          0.00        0.00        0.00          0.00
 931115  13     0     0          0.00        0.00        0.00          0.00
 931115  14     0     0          0.00        0.00        0.00          0.00
 931115  15     0     0          0.00        0.00        0.00          0.00
 931115  16     0     0          0.00        0.00        0.00          0.00
 931115  17     0     0          0.00        0.00        0.00          0.00
 931115  18     0     0          0.00        0.00        0.00          0.00
 931115  19     0     0          0.00        0.00        0.00          0.00
 931115  20     0     0          0.00        0.00        0.00          0.00
 931115  21     0     0          0.00        0.00        0.00          0.00
 931115  22     0     0          0.00        0.00        0.00          0.00
 931115  23     0     0          0.00        0.00        0.00          0.00
 931115  24     0     0          0.00        0.00        0.00          0.00
1
 
                   MAX
            TOTAL  SIM                MAXIMUM CPS                   CONNECT
 DATE  HOUR USERS USERS            IN         OUT       TOTAL         HOURS
 
 
 931116   1     0     0          0.00        0.00        0.00          0.00
 931116   2     0     0          0.00        0.00        0.00          0.00
 931116   3     0     0          0.00        0.00        0.00          0.00
 931116   4     0     0          0.00        0.00        0.00          0.00
 931116   5     0     0          0.00        0.00        0.00          0.00
 931116   6     0     0          0.00        0.00        0.00          0.00
 931116   7     0     0          0.00        0.00        0.00          0.00
 931116   8     0     0          0.00        0.00        0.00          0.00
 931116   9     0     0          0.00        0.00        0.00          0.00
 931116  10     0     0          0.00        0.00        0.00          0.00
 931116  11     0     0          0.00        0.00        0.00          0.00
 931116  12     0     0          0.00        0.00        0.00          0.00
 931116  13     1     1          3.27       19.85       23.12          0.03
 931116  14     0     0          0.00        0.00        0.00          0.00
 931116  15     0     0          0.00        0.00        0.00          0.00
 931116  16     0     0          0.00        0.00        0.00          0.00
 931116  17     0     0          0.00        0.00        0.00          0.00
 931116  18     0     0          0.00        0.00        0.00          0.00
 931116  19     0     0          0.00        0.00        0.00          0.00
 931116  20     0     0          0.00        0.00        0.00          0.00
 931116  21     0     0          0.00        0.00        0.00          0.00
 931116  22     0     0          0.00        0.00        0.00          0.00
 931116  23     0     0          0.00        0.00        0.00          0.00
 931116  24     0     0          0.00        0.00        0.00          0.00



     MAXIMUM OF MAXIMUM SIMULTANEOUS USERS
 
 
                   MAX
            TOTAL  SIM                MAXIMUM CPS                   CONNECT
 DATE  HOUR USERS USERS            IN         OUT       TOTAL         HOURS
 
 931112   1     4     2          4.30       10.65       14.95          0.42
 
 
     MAXIMUM OF CONNECT HOURS
 
 
                   MAX
            TOTAL  SIM                MAXIMUM CPS                   CONNECT
 DATE  HOUR USERS USERS            IN         OUT       TOTAL         HOURS
 
 931112   2     1     1          1.98        5.65        7.63          0.92
1
  