1
 
                   MAX
            TOTAL  SIM                MAXIMUM CPS                   CONNECT
 DATE  HOUR USERS USERS            IN         OUT       TOTAL         HOURS
 
 
 950601   1  1097    76        439.02     9804.37    10165.22         54.23
 950601   2  ****  1562        553.67     5393.15     5850.20        772.90
 950601   3  8416  1351        612.57    10589.82    10791.60        178.83
 950601   4   208    68        606.22    12096.62    12685.70         57.78
 950601   5   178    55        220.92    12171.33    12335.18         48.82
 950601   6   177    48        569.15     8062.48     8228.45         42.73
 950601   7   114    35        177.98     5612.72     5682.97         27.22
 950601   8    96    29        306.58     6556.28     6688.97         24.52
 950601   9    72    23        179.60     4827.88     4895.43         16.52
 950601  10    73    15        528.62     1918.32     1959.12         11.75
 950601  11    58    13        487.68     2632.95     2748.07         10.05
 950601  12    86    19        317.23     2606.17     2743.15         12.15
 950601  13   128    23        299.62     6013.08     6125.63         18.72
 950601  14   149    31        798.72     8123.12     8218.18         25.77
 950601  15   178    31        503.10    10204.78    10669.88         24.90
 950601  16   197    36        546.67     8471.28     8837.15         28.73
 950601  17   160    34       1410.03     6533.40     6789.62         28.83
 950601  18   159    32       1635.60     5558.72     6496.48         27.68
 950601  19   187    38       1047.40     7860.65     8010.77         29.42
 950601  20   141    34        233.53     9800.98     9929.63         29.27
 950601  21   136    36       1128.52     7780.55     7882.33         27.93
 950601  22    17    17        328.35     3251.35     3579.70          6.82
 950601  23     2     2        208.50       12.97      221.47          0.60
 950601  24     0     0          0.00        0.00        0.00          0.00
1
 
                   MAX
            TOTAL  SIM                MAXIMUM CPS                   CONNECT
 DATE  HOUR USERS USERS            IN         OUT       TOTAL         HOURS
 
 
 950602   1   100    43        227.62     8736.47     8956.90         12.48
 950602   2   281    66        673.83     9521.27     9784.48         53.77
 950602   3   316    79        600.20    11529.85    12077.12         71.60
 950602   4   259    76        468.12    10300.00    10641.98         64.83
 950602   5   162    53        416.65     9128.83     9339.72         47.70
 950602   6   145    48        212.67     4982.23     5185.73         38.90
 950602   7   120    34        302.03     4780.58     4918.35         27.85
 950602   8    91    29        408.17     4410.22     4484.13         23.63
 950602   9   134    29        593.87     4465.50     4555.53         22.12
 950602  10    84    26        301.57     5409.28     5480.58         20.08
 950602  11    97    23        250.13     4534.42     4592.73         19.28
 950602  12   104    26        123.77     5462.07     5556.75         18.95
 950602  13   111    26        809.18     5577.90     5662.50         21.42
 950602  14   146    27        255.82     3622.87     3696.27         22.50
 950602  15   155    38        190.10     5904.57     6050.73         27.55
 950602  16    99    31        341.17     5357.50     5489.93         19.47
 950602  17   111    26        643.33     3979.55     4485.02         15.70
 950602  18   138    29        283.47     3448.40     3540.68         24.23
 950602  19   133    34        267.30     3597.08     3681.18         25.65
 950602  20   153    35        253.27     5238.80     5405.48         29.12
 950602  21   161    41       1027.07     6786.13     6924.82         31.83
 950602  22   175    40       1165.52     7348.08     7440.65         33.55
 950602  23   187    41        404.20     9674.45     9812.92         33.33
 950602  24   195    58       1107.45    11562.83    11907.10         44.25
1
 
                   MAX
            TOTAL  SIM                MAXIMUM CPS                   CONNECT
 DATE  HOUR USERS USERS            IN         OUT       TOTAL         HOURS
 
 
 950603   1   214    61        384.95    12240.92    12483.53         52.35
 950603   2   244    64        478.33    11117.83    11273.37         52.13
 950603   3   284    74        497.22    12131.73    12345.23         63.57
 950603   4   280    79        725.07    13526.27    13774.97         71.93
 950603   5   261    71        743.93    13942.72    14204.20         65.20
 950603   6   219    59        857.95    12104.03    12616.23         54.00
 950603   7   169    60        733.48    10401.00    10956.92         50.65
 950603   8   106    42        604.90     9431.57     9555.45         35.10
 950603   9    89    34        565.05     8754.98     8853.90         27.42
 950603  10    71    29        980.35     6489.15     6588.75         23.93
 950603  11    93    25        319.28     5907.87     5975.00         20.10
 950603  12    87    24        137.28     4055.65     4132.98         19.88
 950603  13    89    23        822.80     5211.68     5350.37         19.12
 950603  14   114    36        394.67     6207.52     6336.23         28.67
 950603  15   144    35        335.92     6935.83     7083.63         29.32
 950603  16   146    33        667.80     7057.70     7289.77         28.10
 950603  17   167    34        491.95     6872.18     7126.10         29.05
 950603  18   141    37        269.17     7881.78     7996.38         30.93
 950603  19   163    33        914.22     7653.82     7943.00         28.57
 950603  20  5578   660        183.22     7514.08     7692.40        121.47
 950603  21  ****   975        326.63     7905.12     8025.22        647.43
 950603  22  ****   865        278.25     7920.37     8054.33        213.18
 950603  23   199    50       1688.98    13617.48    14501.88         43.37
 950603  24   113    37        124.25     8721.52     8831.93         29.00
1
 
                   MAX
            TOTAL  SIM                MAXIMUM CPS                   CONNECT
 DATE  HOUR USERS USERS            IN         OUT       TOTAL         HOURS
 
 
 950604   1    92    30        463.67     6825.30     6933.22         24.10
 950604   2   158    47        644.85     8848.80     9493.65         34.77
 950604   3   155    52        690.57     9056.15     9225.25         43.78
 950604   4   195    62        866.32    11412.23    11608.80         53.40
 950604   5   173    66        221.57     9754.35     9964.62         55.02
 950604   6   156    53        290.70     6510.12     6718.57         44.53
 950604   7   136    43        259.02     8027.63     8286.65         37.93
 950604   8    94    35        122.08     3973.82     4064.40         29.27
 950604   9    68    29        201.90     4107.75     4205.35         24.30
 950604  10   130    19        140.18     2467.98     2528.12          4.43
 950604  11    61     6        100.15     1652.07     1670.05          2.13
 950604  12    42    14        948.15     2894.67     3298.77          8.25
 950604  13    65    18        200.58     4878.45     5072.40         13.07
 950604  14    53    15         51.37     3576.58     3609.27         11.50
 950604  15    76    16        198.68     4292.85     4330.00         12.70
 950604  16    76    20        293.35     3463.38     3547.55         15.78
 950604  17   101    21        219.75     4713.03     4834.73         17.58
 950604  18    81    22        107.83     7486.02     7566.47         16.53
 950604  19   101    27        641.73     5591.05     5848.58         21.77
 950604  20   108    32        153.55     6526.20     6628.77         26.48
 950604  21   129    30        720.22     6767.60     7487.82         25.02
 950604  22   113    30       1340.20     6304.93     6387.08         22.18
 950604  23   139    39        312.50     7512.05     7721.33         28.42
 950604  24   134    37        739.85     8370.75     8570.73         23.07
1     MAXIMUM OF MAXIMUM SIMULTANEOUS USERS
 
 
                   MAX
            TOTAL  SIM                MAXIMUM CPS                   CONNECT
 DATE  HOUR USERS USERS            IN         OUT       TOTAL         HOURS
 
 950601   2  ****  1562        553.67     5393.15     5850.20        772.90
 
 
     MAXIMUM OF CONNECT HOURS
 
 
                   MAX
            TOTAL  SIM                MAXIMUM CPS                   CONNECT
 DATE  HOUR USERS USERS            IN         OUT       TOTAL         HOURS
 
 950601   2  ****  1562        553.67     5393.15     5850.20        772.90
1
