1
 
                   MAX
            TOTAL  SIM                MAXIMUM CPS                   CONNECT
 DATE  HOUR USERS USERS            IN         OUT       TOTAL         HOURS
 
 
 940829   1     1     1          0.67       34.43       35.10          0.13
 940829   2     0     0          0.00        0.00        0.00          0.00
 940829   3     1     1          0.02       19.72       19.73          0.92
 940829   4     1     1          0.02       19.72       19.73          0.98
 940829   5     0     0          0.00        0.00        0.00          0.00
 940829   6     0     0          0.00        0.00        0.00          0.00
 940829   7     0     0          0.00        0.00        0.00          0.00
 940829   8     0     0          0.00        0.00        0.00          0.00
 940829   9     0     0          0.00        0.00        0.00          0.00
 940829  10     0     0          0.00        0.00        0.00          0.00
 940829  11     0     0          0.00        0.00        0.00          0.00
 940829  12     0     0          0.00        0.00        0.00          0.00
 940829  13     1     1          2.08       13.72       15.80          0.20
 940829  14     5     3          5.42      120.42      125.83          1.82
 940829  15    15    13         16.02      212.67      228.68          6.62
 940829  16    43    28         25.37      372.00      396.02         19.35
 940829  17    52    36         32.32     1020.73     1045.37         31.68
 940829  18    60    44         40.62     1228.87     1269.48         38.58
 940829  19    54    42         35.88     1145.80     1181.68         37.40
 940829  20    40    35         29.28     1022.57     1051.85         30.60
 940829  21    50    35         44.50     1120.52     1151.67         30.70
 940829  22    64    35         33.68     1102.98     1135.42         30.40
 940829  23    45    35         38.35     1059.38     1094.25         32.77
 940829  24    44    39         41.57     1331.10     1368.67         34.38
1
 
                   MAX
            TOTAL  SIM                MAXIMUM CPS                   CONNECT
 DATE  HOUR USERS USERS            IN         OUT       TOTAL         HOURS
 
 
 940830   1    33    28         58.33     1838.60     1896.93         19.65
 940830   2    15    14         22.97      867.47      890.43          7.05
 940830   3     4     4          4.97      641.65      646.62          3.03
 940830   4     3     3          0.42      599.22      599.63          3.00
 940830   5     3     3          0.42      599.22      599.63          3.00
 940830   6     3     3          0.42      599.22      599.63          3.00
 940830   7     3     3          0.42      599.22      599.63          3.00
 940830   8     7     5          5.78      656.98      662.77          3.43
 940830   9     3     3          0.42      599.22      599.63          3.00
 940830  10    13     7         19.42      798.40      805.82          4.42
 940830  11    13    10         17.53      793.80      811.33          7.70
 940830  12    10     9          5.60      684.27      689.87          8.98
 940830  13    18    12          9.17      745.73      754.90         10.30
 940830  14    22    11         12.25      859.40      871.65          8.78
 940830  15    40    26         21.30      945.47      966.50         18.77
 940830  16    52    41         41.37     1272.98     1310.20         34.37
 940830  17    65    45         39.68     1311.33     1348.85         40.22
 940830  18    56    43         45.60     1373.97     1419.57         39.37
 940830  19    55    44         49.72     1420.10     1468.07         41.77
 940830  20    49    41         40.15     1221.45     1260.75         38.62
 940830  21    57    47         44.03     1239.37     1279.73         43.88
 940830  22    56    46         44.97     1191.10     1234.65         44.00
 940830  23    51    46         49.35     1302.13     1347.68         41.57
 940830  24    46    41         50.52     1199.93     1242.02         36.42
1
 
                   MAX
            TOTAL  SIM                MAXIMUM CPS                   CONNECT
 DATE  HOUR USERS USERS            IN         OUT       TOTAL         HOURS
 
 
 940831   1    34    33         43.10     1618.00     1661.10         21.95
 940831   2    12    11          8.85      826.67      835.52          2.72
 940831   3     1     1          0.00      585.78      585.78          1.00
 940831   4     1     1          0.00      585.78      585.78          1.00
 940831   5     1     1          0.00      585.78      585.78          1.00
 940831   6     1     1          0.00      585.78      585.78          1.00
 940831   7     3     3          0.12      588.30      588.42          2.02
 940831   8    11    10         12.87      865.20      876.00          6.85
 940831   9    15    13          5.00      708.97      713.97         11.53
 940831  10    16    15          9.95      768.78      778.15         14.33
 940831  11    16    16         11.97      794.70      806.67         14.97
 940831  12    15    14          5.87      707.03      712.90         12.12
 940831  13    17    14          8.57      815.68      824.25         12.40
 940831  14    15    13          6.18      681.32      687.50         11.25
 940831  15    29    24         25.37      849.93      875.30         17.40
 940831  16    47    36         40.62     1099.83     1140.45         29.68
 940831  17    48    37         43.95     1140.95     1184.90         34.70
 940831  18    54    38         50.23     1167.08     1208.78         34.98
 940831  19    53    37         54.93     1366.65     1409.27         33.47
 940831  20    41    34         34.27     1116.25     1150.52         32.00
 940831  21    51    39         41.48     1121.38     1155.30         35.92
 940831  22    44    39         41.95      953.17      993.82         37.20
 940831  23    50    40         43.42      953.17      993.82         37.93
 940831  24    46    40         42.78     1835.85     1878.63         35.08
1
 
                   MAX
            TOTAL  SIM                MAXIMUM CPS                   CONNECT
 DATE  HOUR USERS USERS            IN         OUT       TOTAL         HOURS
 
 
 940901   1    45    28         29.77     1672.23     1698.58         18.88
 940901   2    16    15         30.85     1702.32     1733.17          4.90
 940901   3     3     3          0.23      814.00      814.23          3.00
 940901   4     3     3          0.23      814.00      814.23          3.00
 940901   5     3     3          0.23      814.00      814.23          3.00
 940901   6     4     4          1.22      832.18      833.40          3.03
 940901   7     3     3          0.23      814.00      814.23          3.00
 940901   8     5     5          3.18      892.53      895.72          4.12
 940901   9    11     9          9.43     1018.47     1027.90          7.17
 940901  10    18    11          9.43     1018.47     1027.90          7.05
 940901  11    13    11          5.22      135.08      140.30         10.03
 940901  12    14    14          9.10      175.43      184.53         11.80
 940901  13    20    16         13.82      314.55      328.37         13.37
 940901  14    20    15         11.23      188.28      199.52          9.08
 940901  15    25    18         23.27      339.93      360.75         12.05
 940901  16    51    37         31.40      493.48      524.88         27.50
 940901  17    56    40         37.27      529.50      566.58         36.17
 940901  18    54    38         40.82      516.52      552.00         35.30
 940901  19    57    38         48.42      620.23      668.65         35.97
 940901  20    45    36         45.18      575.50      620.68         32.28
 940901  21    52    40         41.28      617.45      658.73         36.25
 940901  22    50    40         47.63      609.27      656.20         37.35
 940901  23    50    38         42.05      520.65      562.70         36.15
 940901  24    50    37         42.53      470.52      513.05         31.57
1
 
                   MAX
            TOTAL  SIM                MAXIMUM CPS                   CONNECT
 DATE  HOUR USERS USERS            IN         OUT       TOTAL         HOURS
 
 
 940902   1    30    25         25.12      324.00      347.40         18.40
 940902   2    16    12         27.12      177.98      189.97          5.65
 940902   3     4     4         32.17      912.98      945.15          0.75
 940902   4     0     0          0.00        0.00        0.00          0.00
 940902   5     0     0          0.00        0.00        0.00          0.00
 940902   6     0     0          0.00        0.00        0.00          0.00
 940902   7     0     0          0.00        0.00        0.00          0.00
 940902   8     5     4         10.28      118.13      128.42          2.02
 940902   9     7     3          6.63       65.85       72.48          2.30
 940902  10     5     5          1.42       30.20       31.62          4.42
 940902  11    10    10          6.75      168.50      175.25          7.68
 940902  12    12    10          6.75      168.50      175.25          9.65
 940902  13    11    11         10.08      106.28      116.37          9.87
 940902  14    10     9          5.77       88.68       94.45          8.45
 940902  15    33    13         14.00      292.90      306.90          8.55
 940902  16    31    17         34.38      461.00      495.38         12.72
 940902  17    28    19         38.78      496.87      535.65         18.05
 940902  18    31    20         37.30      653.72      679.60         17.33
 940902  19    28    18         25.88      653.72      679.60         16.62
 940902  20    24    18         24.35      471.62      495.97         15.12
 940902  21    33    17         25.38      483.00      508.38         15.58
 940902  22    26    17         17.10      319.35      336.45         15.97
 940902  23    20    15         17.48      305.03      322.52         12.83
 940902  24    20    12         31.83      889.53      921.37          6.55
1     MAXIMUM OF MAXIMUM SIMULTANEOUS USERS
 
 
                   MAX
            TOTAL  SIM                MAXIMUM CPS                   CONNECT
 DATE  HOUR USERS USERS            IN         OUT       TOTAL         HOURS
 
 940830  21    57    47         44.03     1239.37     1279.73         43.88
 
 
     MAXIMUM OF CONNECT HOURS
 
 
                   MAX
            TOTAL  SIM                MAXIMUM CPS                   CONNECT
 DATE  HOUR USERS USERS            IN         OUT       TOTAL         HOURS
 
 940830  22    56    46         44.97     1191.10     1234.65         44.00
1
  