1
 
                   MAX
            TOTAL  SIM                MAXIMUM CPS                   CONNECT
 DATE  HOUR USERS USERS            IN         OUT       TOTAL         HOURS
 
 
 941219   1     8     2          2.55       85.08       86.40          0.42
 941219   2     9     3          9.55      102.37      109.62          0.78
 941219   3    11     4          9.83      102.38      112.22          1.02
 941219   4    12     3          6.00       79.07       83.38          0.92
 941219   5    12     3          6.05       86.23       90.75          1.00
 941219   6     9     3          4.92       95.53      100.45          0.65
 941219   7    11     3          3.58      171.37      174.95          0.77
 941219   8    12     2          3.62      305.43      306.30          1.07
 941219   9     9     3          4.50      394.68      396.62          1.20
 941219  10     9     3          4.77      831.95      833.15          0.62
 941219  11    10     4         39.62      235.90      242.00          0.73
 941219  12    35     5         39.62      419.68      423.38          1.62
 941219  13   110    10         10.92     1215.00     1219.85          5.75
 941219  14   174    16         21.72     1178.97     1182.98         10.18
 941219  15   222    25        323.67     2338.60     2350.13         15.25
 941219  16   394    36         92.87     2452.87     2475.60         26.67
 941219  17   564    49        141.73     3327.43     3357.53         37.83
 941219  18   369    39        118.93     1508.02     1582.50         27.55
 941219  19   365    39        163.78     1934.50     1962.10         28.80
 941219  20   317    35        162.25     1807.43     1935.02         24.60
 941219  21   249    25        300.42     1064.23     1227.52         18.15
 941219  22   273    27        158.55     1315.85     1402.47         20.93
 941219  23   231    26        111.73     1093.70     1131.38         18.10
 941219  24   215    19         61.88     1006.32     1039.60         14.28
1
 
                   MAX
            TOTAL  SIM                MAXIMUM CPS                   CONNECT
 DATE  HOUR USERS USERS            IN         OUT       TOTAL         HOURS
 
 
 941220   1   133    15        332.68      619.08      629.70          9.10
 941220   2    38     9         56.53      453.75      461.87          3.80
 941220   3    21     4         68.23      238.12      240.43          2.20
 941220   4    12     4          4.65      109.80      114.45          1.73
 941220   5    21     8          7.10      195.92      199.95          4.03
 941220   6    21     6         11.82      257.45      261.92          4.45
 941220   7    30     7        111.97      267.67      273.32          3.40
 941220   8    21     4          6.93     1113.22     1117.55          1.88
 941220   9    19     5          3.17      445.85      446.72          2.18
 941220  10     9     4          2.20      394.13      396.33          0.90
 941220  11    10     3         71.38      211.28      217.18          1.22
 941220  12    31     4          4.58      483.05      484.72          1.82
 941220  13   103    12         13.35      841.58      847.00          5.28
 941220  14   202    19         25.75     1946.45     1955.40         12.05
 941220  15   266    28        157.67     3162.05     3176.28         18.75
 941220  16   441    46        216.13     3071.87     3108.88         30.32
 941220  17   514    54        156.05     3204.35     3264.43         36.20
 941220  18   332    35       1356.65     2245.52     3602.17         25.02
 941220  19   386    40       1347.43     2510.22     3857.65         31.58
 941220  20   339    36        114.52     1338.78     1417.55         28.15
 941220  21   222    29        172.63      875.53     1001.48         19.37
 941220  22   247    25        366.52     1422.87     1771.12         17.90
 941220  23   201    25        157.70      862.07      877.53         16.38
 941220  24   161    20         62.35      925.83      944.80         13.78
1
 
                   MAX
            TOTAL  SIM                MAXIMUM CPS                   CONNECT
 DATE  HOUR USERS USERS            IN         OUT       TOTAL         HOURS
 
 
 941221   1   115    15         98.37      828.57      839.72          9.72
 941221   2    55    10        126.18      436.67      459.02          5.70
 941221   3    24     7         79.02      173.63      249.38          4.08
 941221   4    10     5          2.85      119.07      121.07          2.82
 941221   5    17     6         17.07      164.77      165.85          3.43
 941221   6    13     3         69.82      172.63      182.58          1.65
 941221   7    10     5          4.75      359.32      362.38          2.23
 941221   8    19     6          8.28      436.63      444.92          2.68
 941221   9    17     4          4.95      647.23      652.18          2.62
 941221  10     3     2          0.92      117.55      117.85          1.27
 941221  11     7     5          2.83      186.17      189.00          1.50
 941221  12    33     6          6.05      762.80      768.85          2.87
 941221  13    92    12          9.97     1073.23     1077.75          6.10
 941221  14   172    17         24.78     1344.13     1351.07         10.67
 941221  15   260    25        167.73     2551.23     2685.02         17.33
 941221  16   442    41        326.15     2754.50     2898.37         31.02
 941221  17   495    51        196.92     3017.43     3214.35         37.97
 941221  18   339    41        499.65     1606.92     1893.48         28.32
 941221  19   365    39        227.23     1581.20     1721.18         29.67
 941221  20   341    32        183.15     1343.07     1372.77         24.30
 941221  21   252    27        182.03      886.83     1030.62         18.48
 941221  22   266    26        136.52     1102.90     1148.37         19.42
 941221  23   201    26        156.68      955.98      972.30         16.77
 941221  24   164    16        139.92      980.67     1004.82         12.67
1
 
                   MAX
            TOTAL  SIM                MAXIMUM CPS                   CONNECT
 DATE  HOUR USERS USERS            IN         OUT       TOTAL         HOURS
 
 
 941222   1   125    15         88.67      613.68      624.67          9.00
 941222   2    39     6        115.07      387.77      398.77          2.18
 941222   3    24     5        197.53      261.10      267.08          1.62
 941222   4    12     5          7.83      116.05      117.07          1.05
 941222   5    20     5          4.70      164.30      167.62          1.70
 941222   6    15     2          9.07      196.77      199.45          0.88
 941222   7    14     3         64.75      235.28      240.18          1.00
 941222   8    14     5         17.87      416.15      434.02          2.38
 941222   9     8     4          4.53      430.37      432.45          2.05
 941222  10     6     3          3.80      188.97      192.77          0.83
 941222  11    13     3          6.00      165.25      167.08          0.70
 941222  12    36     6          6.22      529.30      534.00          1.60
 941222  13   117    12        109.33     1154.28     1164.62          6.12
 941222  14   194    16         29.25     1297.57     1306.70         11.30
 941222  15   235    22         92.15     3131.23     3149.72         16.43
 941222  16   475    48         83.15     3715.33     3750.82         29.60
 941222  17   547    52        160.97     3123.33     3196.35         37.10
 941222  18   350    37        139.53     1912.23     1955.87         27.95
 941222  19   416    38        295.48     1655.28     1673.75         30.08
 941222  20   314    33        130.13     1146.10     1193.70         25.92
 941222  21   236    25        105.53      928.80      960.23         17.75
 941222  22   261    28         89.17     1229.00     1247.25         20.90
 941222  23   219    28        151.10     1010.33     1068.17         18.95
 941222  24   170    20        174.90     1413.42     1424.67         13.60
1
 
                   MAX
            TOTAL  SIM                MAXIMUM CPS                   CONNECT
 DATE  HOUR USERS USERS            IN         OUT       TOTAL         HOURS
 
 
 941223   1    98    15         64.85     1231.50     1246.87         10.10
 941223   2    43     6         89.83      801.98      805.40          3.03
 941223   3    18     5        260.10      268.77      471.00          1.82
 941223   4    13     5          5.73      301.47      307.20          2.40
 941223   5     6     3          3.15      101.53      104.68          0.35
 941223   6    17     4         25.08      231.08      255.63          1.63
 941223   7    17     4         20.65      243.67      248.97          0.77
 941223   8    19     5          5.52      511.25      516.77          1.98
 941223   9     6     3          3.25      311.47      312.08          1.37
 941223  10     7     2          0.57      248.78      249.32          0.45
 941223  11    14     4          4.92      636.53      637.75          1.60
 941223  12    46     5          8.17      928.68      936.72          2.58
 941223  13    89    13         11.57     1395.32     1402.45          5.25
 941223  14   174    18         25.05     1719.77     1730.47         10.63
 941223  15   231    20        275.33     2240.15     2249.57         14.55
 941223  16   396    35        292.63     2233.80     2272.45         25.33
 941223  17   463    45         74.02     2561.12     2587.73         33.57
 941223  18   334    36        197.00     1643.47     1674.20         26.75
 941223  19   357    37        176.58     1748.05     1770.30         29.68
 941223  20   283    33        155.37     1029.78     1068.92         25.43
 941223  21   229    28        216.90     1092.27     1133.70         17.40
 941223  22   204    19        118.53     1455.93     1467.42         14.27
 941223  23   143    20        168.25     1000.35     1019.07         12.75
 941223  24    86    14        234.78      792.40      801.88          6.93
1     MAXIMUM OF MAXIMUM SIMULTANEOUS USERS
 
 
                   MAX
            TOTAL  SIM                MAXIMUM CPS                   CONNECT
 DATE  HOUR USERS USERS            IN         OUT       TOTAL         HOURS
 
 941220  17   514    54        156.05     3204.35     3264.43         36.20
 
 
     MAXIMUM OF CONNECT HOURS
 
 
                   MAX
            TOTAL  SIM                MAXIMUM CPS                   CONNECT
 DATE  HOUR USERS USERS            IN         OUT       TOTAL         HOURS
 
 941221  17   495    51        196.92     3017.43     3214.35         37.97
1
  