1
 
                   MAX
            TOTAL  SIM                MAXIMUM CPS                   CONNECT
 DATE  HOUR USERS USERS            IN         OUT       TOTAL         HOURS
 
 
 941219   1   157    24         31.70      559.10      582.55         17.12
 941219   2   149    27         31.90      662.12      680.47         17.98
 941219   3   179    27         39.32      657.08      696.40         20.48
 941219   4   158    30         85.27      671.55      703.98         21.28
 941219   5   161    31         28.55      698.02      726.57         20.87
 941219   6   198    38         35.62     1232.12     1260.05         28.43
 941219   7   171    33         59.73     1107.33     1167.07         24.63
 941219   8   162    43         57.82     1510.82     1568.63         18.43
 941219   9    63    17         18.05      415.70      433.75          2.53
 941219  10    45     6        115.18      396.77      510.93          2.80
 941219  11    23     6         58.12      419.92      426.85          2.12
 941219  12    17     6         11.95      346.83      357.85          2.38
 941219  13    46     9         35.28      707.27      742.27          5.28
 941219  14    76    13         42.77      774.85      787.83          7.45
 941219  15   201    28         99.45     1566.07     1611.15         17.67
 941219  16   357    57        434.52     2689.92     2779.60         35.68
 941219  17   510    65        473.97     2880.25     3203.23         55.77
 941219  18   564    71        710.95     2501.13     2623.12         60.23
 941219  19   441    64        442.45     1608.43     1787.33         53.65
 941219  20   498    69        689.08     1563.10     2088.98         50.32
 941219  21   425    53        674.95     1305.57     1634.58         45.17
 941219  22   394    54        469.82     1046.35     1235.23         40.70
 941219  23   415    57        418.10     1792.50     1948.83         47.17
 941219  24   398    58        358.63     1772.20     1998.10         47.40
1
 
                   MAX
            TOTAL  SIM                MAXIMUM CPS                   CONNECT
 DATE  HOUR USERS USERS            IN         OUT       TOTAL         HOURS
 
 
 941220   1   328    39        581.57     1099.78     1401.63         33.05
 941220   2   247    39        289.47     1102.10     1294.35         25.55
 941220   3   208    33         99.37      853.07      903.22         25.30
 941220   4   226    35         98.83      818.67      849.95         25.75
 941220   5   204    29        130.38      735.43      775.28         24.57
 941220   6   219    31         45.13      812.43      854.75         23.63
 941220   7   226    33         31.82      757.87      786.92         25.47
 941220   8   157    27        154.25      926.87      945.18         19.57
 941220   9    64     9         15.08      393.48      394.85          2.70
 941220  10    17     4         63.58      129.75      130.08          1.93
 941220  11    30     5         21.20      235.58      243.63          2.80
 941220  12    44     6         42.38      447.68      452.78          3.15
 941220  13    69    13         46.85      515.27      537.55          4.28
 941220  14    98    14        250.53      674.70      704.48          8.48
 941220  15   342    37        476.20     1834.35     2222.90         26.20
 941220  16   490    59        214.33     2902.83     3058.30         42.88
 941220  17   631    71        475.55     3222.95     3358.98         57.17
 941220  18   620    72        465.72     2224.97     2622.67         60.65
 941220  19   544    73        471.78     2219.90     2551.35         57.40
 941220  20   486    64        576.50     1547.77     1975.90         53.67
 941220  21   479    64        641.65     1700.50     2064.32         52.55
 941220  22   394    57        820.67     1426.88     1911.95         47.13
 941220  23   436    63        474.20     1903.15     2131.38         48.95
 941220  24   381    52        386.17     1171.45     1408.25         40.35
1
 
                   MAX
            TOTAL  SIM                MAXIMUM CPS                   CONNECT
 DATE  HOUR USERS USERS            IN         OUT       TOTAL         HOURS
 
 
 941221   1   358    50        711.93     1194.75     1488.32         39.25
 941221   2   245    36        421.97     1166.13     1297.60         27.22
 941221   3   208    34        210.13      843.32     1053.45         24.13
 941221   4   198    27         34.08      574.37      589.73         22.77
 941221   5   219    33         54.50      763.20      798.32         25.98
 941221   6   219    39        115.68     1055.98     1097.12         28.52
 941221   7   193    41         57.60      977.75     1035.35         24.93
 941221   8   147    33         32.33      915.03      945.17         20.03
 941221   9    84    12          9.12      880.53      887.47          3.73
 941221  10    31     5         10.28      531.50      539.53          2.45
 941221  11    25     4         65.00      135.70      164.48          1.98
 941221  12    34     6        129.35      296.85      303.28          2.25
 941221  13    65    11        117.47      539.33      643.43          4.02
 941221  14   101    18        147.65      772.55      783.60          8.32
 941221  15   290    36        137.52     1501.93     1596.77         26.12
 941221  16   434    60        216.98     3249.37     3340.42         38.62
 941221  17   629    70        437.67     3390.13     3630.15         58.32
 941221  18   585    74        564.08     2431.62     2655.47         57.20
 941221  19   545    73        941.98     1713.15     2180.62         59.02
 941221  20   500    65        535.62     1343.63     1816.63         53.83
 941221  21   393    51        586.13     1126.22     1471.92         42.37
 941221  22   368    51        585.32     1211.45     1606.78         37.55
 941221  23   373    44        546.72     1212.80     1483.20         35.08
 941221  24   361    46        567.52     1296.55     1547.53         36.48
1
 
                   MAX
            TOTAL  SIM                MAXIMUM CPS                   CONNECT
 DATE  HOUR USERS USERS            IN         OUT       TOTAL         HOURS
 
 
 941222   1   289    45        293.93      965.62     1184.63         32.00
 941222   2   257    36        333.28      751.33      919.85         23.60
 941222   3   211    30        284.08      842.22     1016.70         21.78
 941222   4   201    29         40.60      737.17      777.77         20.25
 941222   5   198    24         40.40      681.40      715.87         19.67
 941222   6   182    26         38.95      698.03      736.68         19.12
 941222   7   159    27         34.85      876.23      904.10         19.15
 941222   8   161    25         45.03     1341.40     1371.95         19.28
 941222   9    69    19         17.47      536.82      554.28          3.38
 941222  10    34     4        134.52      534.07      538.07          1.77
 941222  11    22     4         17.23      244.77      249.55          1.38
 941222  12    33     7        147.02      351.55      355.93          2.65
 941222  13    78     8         42.13      396.97      427.55          4.82
 941222  14   102    17        119.82      737.27      761.08         11.00
 941222  15   288    39        507.20     1961.23     2383.12         23.03
 941222  16   485    56        128.02     2573.55     2663.25         39.03
 941222  17   601    72        930.70     3748.72     4114.30         57.92
 941222  18   569    66        577.60     2038.88     2294.15         54.93
 941222  19   529    72        660.48     2139.53     2437.72         56.47
 941222  20   467    59        645.40     1545.33     1979.03         44.22
 941222  21   416    47        452.67     1268.30     1637.00         37.83
 941222  22   426    50        549.10     1130.20     1562.92         39.22
 941222  23   421    55        444.90     1612.82     1872.83         42.95
 941222  24   357    47        456.05     1277.48     1677.72         36.82
1
 
                   MAX
            TOTAL  SIM                MAXIMUM CPS                   CONNECT
 DATE  HOUR USERS USERS            IN         OUT       TOTAL         HOURS
 
 
 941223   1   294    39        452.85     1439.43     1784.28         28.93
 941223   2   250    31        498.48     1042.08     1540.57         20.03
 941223   3   181    25         86.35      783.32      828.52         17.43
 941223   4   154    20         24.28      648.15      672.43         13.97
 941223   5   162    25         82.52      682.23      710.02         14.97
 941223   6   153    19         55.27      551.90      575.08         11.95
 941223   7   156    20         32.10      816.62      837.72         15.40
 941223   8   120    21         24.77      934.38      950.43         13.25
 941223   9    89     9          8.67      290.20      293.05          2.90
 941223  10    27     4         77.65      310.23      321.02          1.88
 941223  11    23     4         76.97      338.87      347.82          2.10
 941223  12    30     4         18.70      208.13      213.57          1.87
 941223  13    47     6         21.82      530.35      550.73          3.47
 941223  14    93    11        125.55      719.73      726.78          6.93
 941223  15   253    30        436.47     1278.65     1350.70         18.27
 941223  16   465    58        545.17     2961.17     3034.73         39.63
 941223  17   600    81        308.88     3222.35     3365.03         59.90
 941223  18   625    70        491.25     2052.15     2400.70         58.00
 941223  19   518    62        482.80     2094.07     2306.72         46.15
 941223  20   481    59        528.05     1554.13     2012.28         45.33
 941223  21   455    53        578.98     1238.33     1594.47         43.63
 941223  22   423    50        583.93     1276.37     1551.48         35.95
 941223  23   370    43        386.82     1174.67     1397.32         27.27
 941223  24   300    39        336.90      938.18     1260.48         24.43
1     MAXIMUM OF MAXIMUM SIMULTANEOUS USERS
 
 
                   MAX
            TOTAL  SIM                MAXIMUM CPS                   CONNECT
 DATE  HOUR USERS USERS            IN         OUT       TOTAL         HOURS
 
 941223  17   600    81        308.88     3222.35     3365.03         59.90
 
 
     MAXIMUM OF CONNECT HOURS
 
 
                   MAX
            TOTAL  SIM                MAXIMUM CPS                   CONNECT
 DATE  HOUR USERS USERS            IN         OUT       TOTAL         HOURS
 
 941220  18   620    72        465.72     2224.97     2622.67         60.65
1
  