1
 
                   MAX
            TOTAL  SIM                MAXIMUM CPS                   CONNECT
 DATE  HOUR USERS USERS            IN         OUT       TOTAL         HOURS
 
 
 941219   1    20     4          4.93      147.70      152.63          1.97
 941219   2    19     5          5.15       85.30       89.62          2.00
 941219   3    22     4          7.88      141.98      149.03          1.72
 941219   4    18     4          6.83      114.38      119.13          1.27
 941219   5    24     5          9.17      130.88      136.85          2.18
 941219   6    23     5          8.47       92.55      101.02          2.67
 941219   7    29     5         10.98      336.52      337.88          2.90
 941219   8    26     4          4.37      415.75      417.28          2.15
 941219   9    15     2          1.98      196.82      197.68          0.62
 941219  10     5     1          1.35      193.17      193.68          0.10
 941219  11     9     2          2.33      210.28      212.62          0.87
 941219  12    19     3          3.00      445.30      448.30          0.77
 941219  13    55     8         45.15      627.93      631.55          2.87
 941219  14   126    18         18.38     1386.52     1400.50          7.92
 941219  15   227    23         47.32     2145.12     2166.73         15.33
 941219  16   448    39         30.57     2584.67     2600.27         28.30
 941219  17   612    52         43.37     3501.22     3530.37         42.12
 941219  18   374    39        128.87     1479.63     1516.10         29.00
 941219  19   408    49         73.93     2650.15     2681.32         33.55
 941219  20   325    33        196.78     1118.42     1142.28         25.92
 941219  21   231    30        195.07     1042.42     1138.30         20.15
 941219  22   231    29        194.95     1123.58     1143.93         20.93
 941219  23   231    28        199.58     1407.08     1497.20         20.30
 941219  24   201    22        148.62      874.38      911.32         14.83
1
 
                   MAX
            TOTAL  SIM                MAXIMUM CPS                   CONNECT
 DATE  HOUR USERS USERS            IN         OUT       TOTAL         HOURS
 
 
 941220   1   126    15         84.90      624.92      670.38          9.50
 941220   2    52    10         15.40      346.75      353.18          5.03
 941220   3    19     3          7.20      143.93      146.70          1.27
 941220   4    31     7          7.33      216.37      221.75          2.10
 941220   5    46     7         59.72      330.37      344.13          4.12
 941220   6    37     8          9.67      310.20      317.22          2.72
 941220   7    29     6          9.90      203.90      204.52          2.37
 941220   8    28     5         11.27      199.02      200.67          3.07
 941220   9     8     3          3.42      109.67      109.90          0.35
 941220  10     4     2          1.30      219.03      219.55          0.18
 941220  11     3     1          1.32       75.23       75.40          0.17
 941220  12    18     2          2.15      430.68      432.75          0.67
 941220  13    61     8          7.60      843.67      848.33          3.07
 941220  14   142    16         11.43     1348.68     1357.33          8.50
 941220  15   244    28         22.50     2088.75     2110.68         17.78
 941220  16   531    60         93.80     4070.62     4098.53         36.65
 941220  17   670    70        139.97     4401.88     4441.75         43.57
 941220  18   350    40        140.98     1809.75     1834.95         26.25
 941220  19   432    40        111.45     2242.77     2267.40         32.83
 941220  20   312    38        389.63     1341.92     1434.02         27.68
 941220  21   276    28         91.50     1067.55     1089.88         18.85
 941220  22   261    31        131.52     1189.50     1281.97         18.90
 941220  23   223    24         87.40     1099.03     1108.87         15.82
 941220  24   195    18        110.85     1139.13     1148.43         14.27
1
 
                   MAX
            TOTAL  SIM                MAXIMUM CPS                   CONNECT
 DATE  HOUR USERS USERS            IN         OUT       TOTAL         HOURS
 
 
 941221   1   147    15        241.77      666.35      682.33          9.77
 941221   2    63    11        109.43      428.95      538.38          4.82
 941221   3    34     7          7.75      235.68      243.43          3.22
 941221   4    29     5          8.95      244.08      250.98          2.42
 941221   5    40     7         25.65      405.33      430.98          3.17
 941221   6    31     6          4.52      107.15      109.87          2.82
 941221   7    29     8          9.48      437.27      438.17          2.93
 941221   8    26     5          8.63      389.27      389.92          2.08
 941221   9     5     2          4.40       99.22      103.62          0.13
 941221  10     6     2          1.57      147.98      148.23          0.47
 941221  11    11     3          3.23      180.32      183.55          0.35
 941221  12    20     4         45.00      413.05      414.08          1.05
 941221  13    70     7          8.07      675.22      678.00          3.57
 941221  14   131    15         17.98     1055.73     1064.85          8.48
 941221  15   225    25         28.33     2108.85     2132.03         17.13
 941221  16   529    46         58.37     3307.85     3336.98         35.43
 941221  17   585    55        164.43     3228.05     3300.57         41.60
 941221  18   360    48        196.48     2700.55     2817.08         30.78
 941221  19   447    51        179.35     2388.80     2546.88         32.72
 941221  20   347    40        100.52     1246.17     1346.68         27.53
 941221  21   257    28        112.45     1055.43     1132.83         19.52
 941221  22   253    27         98.10     1071.55     1110.95         19.42
 941221  23   268    31        227.03     1069.92     1233.32         16.77
 941221  24   200    23        150.67      763.23      837.67         12.82
1
 
                   MAX
            TOTAL  SIM                MAXIMUM CPS                   CONNECT
 DATE  HOUR USERS USERS            IN         OUT       TOTAL         HOURS
 
 
 941222   1   119    16        134.13      631.80      639.55          9.15
 941222   2    62     7        143.12      316.65      457.42          3.85
 941222   3    51     8         13.90      313.38      323.82          2.72
 941222   4    26     5          6.18      360.98      366.32          2.20
 941222   5    30     8          5.63      154.00      159.63          2.95
 941222   6    24     5          8.43      157.32      163.12          2.55
 941222   7    31     7          7.57      255.05      259.57          2.88
 941222   8    25     6          7.85      541.05      542.80          1.85
 941222   9     6     2          3.63       53.95       57.58          0.10
 941222  10    11     4          4.10      239.73      240.25          0.45
 941222  11     9     3          2.72      222.97      223.55          0.57
 941222  12    17     3         43.52      382.40      425.70          1.03
 941222  13    60     8          9.82      692.98      702.80          3.55
 941222  14   127    13         46.22     1275.52     1295.67          8.28
 941222  15   239    23         21.98     1682.47     1697.98         17.03
 941222  16   476    47        129.12     2764.70     2784.25         31.35
 941222  17   552    52        110.65     2692.58     2749.40         39.47
 941222  18   371    40         92.80     1865.90     1897.37         28.60
 941222  19   448    44        199.87     1893.63     1962.88         32.47
 941222  20   325    44        159.32     1351.85     1511.17         28.35
 941222  21   235    28        166.48      953.98     1034.68         18.63
 941222  22   285    30        176.93     1314.72     1417.93         22.67
 941222  23   269    26        144.07     1311.47     1357.93         20.17
 941222  24   197    22         76.22     1067.03     1120.40         14.67
1
 
                   MAX
            TOTAL  SIM                MAXIMUM CPS                   CONNECT
 DATE  HOUR USERS USERS            IN         OUT       TOTAL         HOURS
 
 
 941223   1   135    15        162.72      537.35      670.65         10.30
 941223   2    52     9        130.63      331.60      414.13          4.47
 941223   3    34     5         91.12      327.32      334.93          2.72
 941223   4    29     7          7.37      244.05      249.27          2.98
 941223   5    30     8          6.12      220.77      225.90          3.18
 941223   6    24     6         15.22      152.85      164.80          3.33
 941223   7    23     6          4.72      159.45      160.80          2.80
 941223   8    29     6          6.37      307.08      309.02          3.12
 941223   9    19     3          1.55      227.37      227.85          0.62
 941223  10     1     1          2.62       35.87       38.48          0.05
 941223  11     8     2          1.32       67.50       68.68          0.38
 941223  12    12     2          1.45      196.48      197.93          0.48
 941223  13    63     9         32.97      635.25      640.85          3.37
 941223  14   134    17         43.17      978.15      990.27          8.77
 941223  15   206    19         20.77     1411.38     1420.53         13.47
 941223  16   417    38         70.20     2876.20     2896.45         29.03
 941223  17   535    46         94.60     2806.98     2901.58         37.35
 941223  18   362    38         93.55     1384.98     1440.20         28.58
 941223  19   434    46        179.22     1769.18     1819.08         32.65
 941223  20   311    37         73.37     1540.20     1563.15         27.67
 941223  21   259    29        176.80     1094.92     1163.65         19.50
 941223  22   202    20        134.90      840.15      872.98         15.02
 941223  23   186    23         80.82     1034.53     1046.42         13.85
 941223  24    98    16        121.37      623.33      657.75          6.90
1     MAXIMUM OF MAXIMUM SIMULTANEOUS USERS
 
 
                   MAX
            TOTAL  SIM                MAXIMUM CPS                   CONNECT
 DATE  HOUR USERS USERS            IN         OUT       TOTAL         HOURS
 
 941220  17   670    70        139.97     4401.88     4441.75         43.57
 
 
     MAXIMUM OF CONNECT HOURS
 
 
                   MAX
            TOTAL  SIM                MAXIMUM CPS                   CONNECT
 DATE  HOUR USERS USERS            IN         OUT       TOTAL         HOURS
 
 941220  17   670    70        139.97     4401.88     4441.75         43.57
1
  