1
 
                   MAX
            TOTAL  SIM                MAXIMUM CPS                   CONNECT
 DATE  HOUR USERS USERS            IN         OUT       TOTAL         HOURS
 
 
 940228   1    23     8         22.13      179.02      196.15          5.40
 940228   2     8     3         27.15      106.38      113.77          1.55
 940228   3    20     6         30.32      282.67      312.98          2.57
 940228   4     8     3         11.67       72.55       81.95          1.52
 940228   5    22     8         43.72      234.15      266.23          4.02
 940228   6    12     4         21.08       92.57      112.68          2.30
 940228   7    12     5         21.08      135.57      155.37          2.58
 940228   8    15     6         40.33      141.32      181.65          3.32
 940228   9    12     5         17.70      138.15      148.45          2.63
 940228  10    15     5         21.02      168.18      185.95          3.40
 940228  11     7     3         26.22      105.55      113.95          1.65
 940228  12    10     3         18.20       97.73      115.47          1.42
 940228  13     5     2         12.62       24.28       31.35          0.57
 940228  14     5     3         17.32       95.12      112.43          0.97
 940228  15     3     1          8.18       50.57       58.75          0.25
 940228  16     9     3         41.07      126.63      167.67          1.08
 940228  17     5     2         11.88       73.25       85.13          0.33
 940228  18     3     2         29.78       55.12       84.90          0.52
 940228  19     1     1          5.57       28.95       34.52          0.32
 940228  20     1     1          1.87       40.48       42.35          0.10
 940228  21     3     1          1.83       39.62       41.45          0.25
 940228  22     5     2          9.53       77.38       86.92          0.63
 940228  23     7     4         12.93       94.83      106.10          1.57
 940228  24    11     6         28.32      162.32      190.63          2.03
1
 
                   MAX
            TOTAL  SIM                MAXIMUM CPS                   CONNECT
 DATE  HOUR USERS USERS            IN         OUT       TOTAL         HOURS
 
 
 940301   1    19     7         18.92      192.72      203.35          3.65
 940301   2    19     7         44.72      184.28      228.37          5.78
 940301   3    10     6         25.92      209.68      219.13          1.95
 940301   4     8     3         36.32      147.50      183.82          0.93
 940301   5    24     7         25.63      218.58      243.07          3.82
 940301   6    10     3          9.88      115.67      123.15          1.52
 940301   7    10     3         64.18      188.83      253.02          1.23
 940301   8    12     5         37.77      226.63      246.65          2.20
 940301   9    20     7         69.92      174.55      234.73          4.78
 940301  10    14     5         44.67      205.45      238.20          2.77
 940301  11     7     4         47.63      100.07      142.22          2.30
 940301  12    12     5         42.38      188.80      226.98          1.48
 940301  13     9     4         18.13      150.13      168.27          1.48
 940301  14     3     2         17.60       60.13       68.33          0.77
 940301  15     2     1          8.30       28.63       36.93          0.32
 940301  16     7     3          9.15      133.78      140.92          1.05
 940301  17     5     2          7.97       76.73       84.70          0.35
 940301  18     3     1          3.20       60.13       62.72          0.12
 940301  19     2     1          1.83       46.03       47.87          0.07
 940301  20     2     2         11.35       80.12       91.47          0.50
 940301  21     7     3          6.87      123.03      128.70          0.67
 940301  22     9     3          5.37      121.62      126.63          1.03
 940301  23     8     3         45.52      139.82      178.65          1.67
 940301  24    25     9         39.67      295.40      330.10          4.50
1
 
                   MAX
            TOTAL  SIM                MAXIMUM CPS                   CONNECT
 DATE  HOUR USERS USERS            IN         OUT       TOTAL         HOURS
 
 
 940302   1    75    22         29.20      279.88      301.97          7.77
 940302   2    16     7         51.12      219.85      270.97          4.05
 940302   3    13     4         41.60      211.67      226.42          2.28
 940302   4    11     5         45.55      174.68      215.97          2.55
 940302   5    27     9         66.82      233.02      299.70          4.52
 940302   6    17     6         47.95      187.05      235.00          3.10
 940302   7    19     8         57.75      260.53      300.02          3.77
 940302   8    13     6         42.38      160.78      192.47          2.78
 940302   9    23     7        112.97      190.82      223.78          5.02
 940302  10    11     5         30.90      153.18      184.08          2.12
 940302  11    12     4         21.15      115.23      124.15          1.60
 940302  12    13     5         50.80      166.32      215.53          3.30
 940302  13     7     4         21.33      118.77      137.63          1.82
 940302  14    10     5         31.28      107.47      138.75          1.62
 940302  15     2     1         27.50       47.92       62.77          0.38
 940302  16     3     2         14.55       85.33       99.88          0.45
 940302  17     5     2          8.70       91.52       98.48          1.18
 940302  18     5     2         10.72       89.82      100.53          0.73
 940302  19     2     2         13.28       53.38       66.67          0.82
 940302  20     2     1          4.92       22.68       27.60          0.47
 940302  21     2     2          4.95       89.47       94.42          0.40
 940302  22     7     4         11.22       98.17      109.38          1.50
 940302  23     8     3         11.90       92.42      100.57          1.67
 940302  24    27     8         47.17      363.08      410.25          4.57
1
 
                   MAX
            TOTAL  SIM                MAXIMUM CPS                   CONNECT
 DATE  HOUR USERS USERS            IN         OUT       TOTAL         HOURS
 
 
 940303   1    41    16         48.78      303.40      351.22          8.47
 940303   2    19     7         27.13      176.57      200.58          3.95
 940303   3    17     6         38.52      154.40      192.92          3.17
 940303   4    10     3         18.73      109.08      112.23          1.53
 940303   5    15     7         26.13      191.52      217.65          4.00
 940303   6    21     6         28.73      190.75      215.05          3.38
 940303   7    70    24         65.10      297.62      361.45          6.70
 940303   8    32    10         75.40      249.77      307.48          6.30
 940303   9    17     6         43.08      168.78      207.37          3.42
 940303  10    13     3         32.03      113.45      131.23          1.78
 940303  11    12     5         25.90      162.12      173.85          3.07
 940303  12     8     3         12.98      140.83      150.55          1.35
 940303  13     6     3         33.72      104.58      138.30          0.85
 940303  14     3     2         19.40       47.32       66.72          1.18
 940303  15     4     2         36.93       91.80      128.73          0.68
 940303  16     6     3         37.73      119.25      156.98          0.80
 940303  17     5     2          9.00      101.25      110.25          1.13
 940303  18     3     2          3.80       58.10       59.60          0.23
 940303  19     0     0          0.00        0.00        0.00          0.00
 940303  20     4     2          2.52       78.07       80.58          0.40
 940303  21     6     4         13.63       99.45      113.08          1.32
 940303  22    11     6         24.10      272.30      296.40          3.20
 940303  23    10     4         17.40      191.08      208.48          2.10
 940303  24    25    11         37.77      360.62      398.38          5.28
1
 
                   MAX
            TOTAL  SIM                MAXIMUM CPS                   CONNECT
 DATE  HOUR USERS USERS            IN         OUT       TOTAL         HOURS
 
 
 940304   1    26     8         42.15      293.12      335.27          5.03
 940304   2    15     5         14.75      245.87      259.95          2.75
 940304   3     7     3         23.20       79.70       97.13          1.00
 940304   4     7     4         44.70      124.22      168.92          3.05
 940304   5    11     4         46.32      138.78      172.52          1.25
 940304   6     9     4         37.10      210.98      242.05          1.55
 940304   7    10     4         49.65      236.70      286.35          1.77
 940304   8    12     4         28.95      133.32      153.10          2.23
 940304   9    16     6         33.90      199.58      222.43          3.70
 940304  10     7     4         23.87      112.37      136.23          1.72
 940304  11     5     2         14.25       67.02       76.05          0.55
 940304  12     3     1         14.25      111.35      115.68          0.47
 940304  13     3     3         18.40       70.58       88.98          0.60
 940304  14     3     3         18.40       70.58       88.98          0.83
 940304  15     0     0          0.00        0.00        0.00          0.00
 940304  16     4     1          8.47       46.78       48.70          0.35
 940304  17     5     3         13.30       91.40       97.48          0.83
 940304  18     8     2         17.55       79.00       86.20          0.80
 940304  19     1     1          2.07       56.90       58.97          0.05
 940304  20     0     0          0.00        0.00        0.00          0.00
 940304  21     0     0          0.00        0.00        0.00          0.00
 940304  22     0     0          0.00        0.00        0.00          0.00
 940304  23     4     2          4.52       45.97       50.48          0.92
 940304  24    15     7         23.27      228.87      252.13          3.32
1     MAXIMUM OF MAXIMUM SIMULTANEOUS USERS
 
 
                   MAX
            TOTAL  SIM                MAXIMUM CPS                   CONNECT
 DATE  HOUR USERS USERS            IN         OUT       TOTAL         HOURS
 
 940303   7    70    24         65.10      297.62      361.45          6.70
 
 
     MAXIMUM OF CONNECT HOURS
 
 
                   MAX
            TOTAL  SIM                MAXIMUM CPS                   CONNECT
 DATE  HOUR USERS USERS            IN         OUT       TOTAL         HOURS
 
 940303   1    41    16         48.78      303.40      351.22          8.47
1
  