1
 
                   MAX
            TOTAL  SIM                MAXIMUM CPS                   CONNECT
 DATE  HOUR USERS USERS            IN         OUT       TOTAL         HOURS
 
 
 940425   1     3     3         24.42      196.80      221.22          2.22
 940425   2     4     4         31.63      284.93      316.57          2.07
 940425   3     6     6         28.58      280.12      308.70          2.40
 940425   4     6     4         25.73      186.77      212.50          1.43
 940425   5     6     5         20.25      217.43      237.68          1.33
 940425   6     1     1          0.07        9.30        9.37          0.73
 940425   7     1     1          0.10        6.73        6.83          0.57
 940425   8    14    10         16.80      331.03      343.77          2.70
 940425   9    31    17         31.55      647.30      653.77         14.37
 940425  10    26    18         15.20      248.33      263.53         15.67
 940425  11    32    24         14.57      307.90      322.47         19.30
 940425  12    30    26         14.57      307.90      322.47         20.93
 940425  13    34    28         22.87      430.90      453.77         26.10
 940425  14    26    20         20.20      307.20      317.40         19.03
 940425  15    71    52         68.53     1154.63     1223.17         31.20
 940425  16   104    82        132.40     2029.02     2161.42         65.70
 940425  17   134    82        122.27     2110.95     2228.53         76.42
 940425  18   129    89        165.55     2082.85     2248.40         78.60
 940425  19   151    97        126.83     2577.60     2704.43         90.70
 940425  20   112    99        103.75     1464.47     1568.22         93.57
 940425  21   130   103        115.90     1589.98     1697.00         95.60
 940425  22   135   105        125.28     1940.53     2065.82        101.20
 940425  23   137   106        133.95     2063.02     2194.17        101.20
 940425  24   139   102        151.20     2405.27     2543.47         93.58
1
 
                   MAX
            TOTAL  SIM                MAXIMUM CPS                   CONNECT
 DATE  HOUR USERS USERS            IN         OUT       TOTAL         HOURS
 
 
 940426   1    90    79        110.13     1325.67     1433.98         56.93
 940426   2    35    31         81.98     1122.53     1204.52         19.48
 940426   3    14    12         19.70      262.77      275.60          3.03
 940426   4     1     1          3.52      116.73      120.25          0.07
 940426   5     3     3         27.25      203.87      231.12          1.78
 940426   6     7     4         34.17      292.93      324.47          2.33
 940426   7     5     5         37.38      315.93      353.32          2.08
 940426   8    10     6          8.47      225.47      233.93          1.97
 940426   9    26    14         19.27      365.07      382.70          8.83
 940426  10    30    22         16.97      362.50      379.47         18.57
 940426  11    38    32         22.50      563.27      585.77         26.88
 940426  12    30    23         32.40     1020.28     1052.68         21.05
 940426  13    33    26         22.87      415.53      438.40         22.80
 940426  14    33    27         17.38      326.37      343.75         24.08
 940426  15    99    71        102.72     1561.57     1664.28         41.72
 940426  16   148   102        145.33     2402.62     2547.95         85.95
 940426  17   163   107        143.08     2230.00     2366.23        100.83
 940426  18   170   109        148.40     2259.20     2401.18        102.07
 940426  19   175    95        136.95     2284.12     2421.07         88.92
 940426  20   139    86        112.10     1815.27     1927.37         78.63
 940426  21   159    95        146.32     2130.32     2276.63         86.37
 940426  22   153    93        151.78     1982.13     2125.52         84.78
 940426  23   161    90        175.88     2002.23     2178.12         83.12
 940426  24   115    79        132.43     1932.13     2064.57         70.80
1
 
                   MAX
            TOTAL  SIM                MAXIMUM CPS                   CONNECT
 DATE  HOUR USERS USERS            IN         OUT       TOTAL         HOURS
 
 
 940427   1    86    60        107.43     1398.08     1505.52         41.97
 940427   2    47    18         78.65     1730.68     1809.33          7.38
 940427   3     6     6         41.10      517.53      558.63          0.70
 940427   4     0     0          0.00        0.00        0.00          0.00
 940427   5     4     2         15.57       70.33       85.90          0.53
 940427   6     0     0          0.00        0.00        0.00          0.00
 940427   7     8     6          9.13      164.47      173.60          0.90
 940427   8    30    18         33.67      524.37      558.03         11.77
 940427   9    32    20         26.80      467.50      494.30         13.27
 940427  10    30    16         25.47      456.87      482.33         13.67
 940427  11    26    18         21.97      483.67      505.63         14.57
 940427  12    21    17         18.87      410.42      429.28         15.68
 940427  13    29    22         14.37      265.27      279.63         17.65
 940427  14    56    32         39.80      708.90      748.70         24.70
 940427  15   102    79        112.97     1666.35     1779.32         52.53
 940427  16   143    97        154.15     2666.63     2820.78         88.57
 940427  17   152   106        173.32     2514.27     2680.70         97.08
 940427  18   120    93        159.43     2165.27     2324.70         82.95
 940427  19   125    76        134.63     1642.03     1776.67         68.18
 940427  20   132    69         99.08     1183.40     1282.48         60.35
 940427  21   133    83        113.90     2053.20     2161.58         72.72
 940427  22   139    95        140.30     2712.83     2829.00         82.38
 940427  23   118    80        138.92     2714.23     2830.45         75.40
 940427  24   124    77        178.85     1865.32     2026.80         68.62
1
 
                   MAX
            TOTAL  SIM                MAXIMUM CPS                   CONNECT
 DATE  HOUR USERS USERS            IN         OUT       TOTAL         HOURS
 
 
 940428   1    65    52        111.37     1392.30     1503.67         43.28
 940428   2    43    32         73.78      815.07      888.85         17.82
 940428   3    18    14         52.12      520.17      572.28          5.48
 940428   4     2     2          0.33       10.70       11.03          2.00
 940428   5     2     2          0.33       10.70       11.03          2.00
 940428   6     3     3          5.53       74.53       80.07          2.03
 940428   7     2     2          0.33       10.70       11.03          2.00
 940428   8    18    12         15.70      332.10      347.80          6.80
 940428   9    24    16         25.67      503.83      524.17         12.43
 940428  10    28    20         23.97      495.70      519.67         16.47
 940428  11    40    32         33.50      813.20      846.70         24.03
 940428  12    36    30         21.17      389.80      410.97         26.97
 940428  13    40    36         34.83      521.63      556.47         33.33
 940428  14    42    38         30.10      468.00      498.10         34.67
 940428  15    76    67         62.02     1053.65     1115.67         46.15
 940428  16   136    91        114.93     1827.13     1942.07         81.65
 940428  17   144    95        127.57     1814.80     1942.37         82.58
 940428  18   123    82        126.75     1906.47     2012.93         73.47
 940428  19   129    87        136.60     1734.70     1869.12         80.23
 940428  20    96    79        118.03     1477.05     1595.08         74.25
 940428  21   119    97        133.57     1864.95     1988.85         82.85
 940428  22   125    95        131.85     1597.70     1729.55         89.07
 940428  23   137    97        134.77     1672.02     1802.18         90.93
 940428  24   110    84        132.30     1578.83     1711.13         75.03
1
 
                   MAX
            TOTAL  SIM                MAXIMUM CPS                   CONNECT
 DATE  HOUR USERS USERS            IN         OUT       TOTAL         HOURS
 
 
 940429   1    85    64        108.00     1377.25     1483.87         43.68
 940429   2    36    32         43.52      416.43      459.95         13.78
 940429   3    10     9         10.28      117.92      128.20          6.92
 940429   4    13     9          3.60       36.38       39.98          5.03
 940429   5     2     2          0.10        1.37        1.47          2.00
 940429   6     2     2          0.10        1.37        1.47          2.00
 940429   7     4     4          1.00       17.43       18.43          2.13
 940429   8    14     6          4.90      196.00      200.90          3.43
 940429   9    20    18         25.77      433.77      459.53         11.63
 940429  10    24    20         17.53      429.07      446.37         16.63
 940429  11    28    24         17.93      453.17      470.87         20.10
 940429  12    24    20         27.90      337.63      365.53         17.40
 940429  13    26    24         16.90      352.53      366.33         22.37
 940429  14    36    28         26.20      545.80      570.77         24.90
 940429  15    60    41         78.12     1162.35     1238.37         25.42
 940429  16    83    53        114.53     1364.25     1474.62         44.58
 940429  17    91    56        103.02     1371.05     1460.85         47.07
 940429  18    90    52        137.07     1487.78     1624.85         46.73
 940429  19    72    53         99.00     1275.57     1373.43         49.13
 940429  20    55    50         80.80      956.08     1036.88         49.23
 940429  21    79    59        100.98     1505.30     1602.57         55.30
 940429  22    80    63        106.82     1549.50     1656.32         55.93
 940429  23    89    57         98.82     1489.72     1588.53         48.92
 940429  24    61    39        130.62     1554.62     1685.23         22.57
1     MAXIMUM OF MAXIMUM SIMULTANEOUS USERS
 
 
                   MAX
            TOTAL  SIM                MAXIMUM CPS                   CONNECT
 DATE  HOUR USERS USERS            IN         OUT       TOTAL         HOURS
 
 940426  18   170   109        148.40     2259.20     2401.18        102.07
 
 
     MAXIMUM OF CONNECT HOURS
 
 
                   MAX
            TOTAL  SIM                MAXIMUM CPS                   CONNECT
 DATE  HOUR USERS USERS            IN         OUT       TOTAL         HOURS
 
 940426  18   170   109        148.40     2259.20     2401.18        102.07
1
  