1
 
                   MAX
            TOTAL  SIM                MAXIMUM CPS                   CONNECT
 DATE  HOUR USERS USERS            IN         OUT       TOTAL         HOURS
 
 
 940425   1     1     1          0.58       21.40       21.98          0.22
 940425   2     0     0          0.00        0.00        0.00          0.00
 940425   3     1     1          2.08       40.33       42.42          0.08
 940425   4     0     0          0.00        0.00        0.00          0.00
 940425   5     0     0          0.00        0.00        0.00          0.00
 940425   6     0     0          0.00        0.00        0.00          0.00
 940425   7     0     0          0.00        0.00        0.00          0.00
 940425   8     0     0          0.00        0.00        0.00          0.00
 940425   9     0     0          0.00        0.00        0.00          0.00
 940425  10     0     0          0.00        0.00        0.00          0.00
 940425  11     0     0          0.00        0.00        0.00          0.00
 940425  12     2     1          6.63      202.07      208.70          0.08
 940425  13     7     3         20.68      373.00      390.75          0.83
 940425  14    12     6         16.17      445.85      462.02          4.58
 940425  15    28    17         33.62      734.92      760.87         10.92
 940425  16    40    26         39.25      593.30      632.55         20.38
 940425  17    45    26         38.18      558.40      596.07         23.45
 940425  18    46    31         43.23      804.08      847.32         26.23
 940425  19    74    41         47.33     1020.65     1061.55         32.28
 940425  20    52    39         40.38      707.68      748.07         35.77
 940425  21    57    36         45.53      678.80      722.85         34.15
 940425  22    50    37         50.77      826.25      877.02         34.53
 940425  23    44    35         48.70      711.97      760.67         33.33
 940425  24    46    34         47.20      563.75      607.17         30.05
1
 
                   MAX
            TOTAL  SIM                MAXIMUM CPS                   CONNECT
 DATE  HOUR USERS USERS            IN         OUT       TOTAL         HOURS
 
 
 940426   1    30    22         27.88      441.25      469.13         16.43
 940426   2    12    10         33.15      764.70      796.25          7.90
 940426   3     4     4          2.93       38.40       41.33          0.83
 940426   4     1     1          3.52      116.73      120.25          0.07
 940426   5     1     1          0.88       19.43       20.32          0.02
 940426   6     1     1          3.23       58.63       61.87          0.03
 940426   7     1     1          4.55       60.57       65.12          0.25
 940426   8     0     0          0.00        0.00        0.00          0.00
 940426   9     0     0          0.00        0.00        0.00          0.00
 940426  10     0     0          0.00        0.00        0.00          0.00
 940426  11     1     1         12.17      286.23      298.40          0.03
 940426  12     4     1          6.02      165.20      171.22          0.53
 940426  13     9     4         14.93      210.13      225.07          1.30
 940426  14    15     6         19.73      353.32      373.05          3.82
 940426  15    28    18         23.90      422.78      446.68          9.22
 940426  16    55    31         68.40     1079.95     1148.35         24.77
 940426  17    64    37         73.00     1084.63     1148.85         32.13
 940426  18    70    39         68.83      940.18      981.68         35.72
 940426  19    72    43         69.65     1213.08     1282.73         36.50
 940426  20    58    34         45.52      710.90      756.42         29.88
 940426  21    75    35         61.47      917.65      979.12         32.40
 940426  22    63    35         61.93      850.27      909.27         31.07
 940426  23    61    31         51.75      786.20      834.17         28.17
 940426  24    37    27         60.62      591.15      647.97         23.33
1
 
                   MAX
            TOTAL  SIM                MAXIMUM CPS                   CONNECT
 DATE  HOUR USERS USERS            IN         OUT       TOTAL         HOURS
 
 
 940427   1    27    19         37.20      438.63      475.82         13.63
 940427   2    10     6         34.73      813.83      848.57          1.67
 940427   3     0     0          0.00        0.00        0.00          0.00
 940427   4     0     0          0.00        0.00        0.00          0.00
 940427   5     0     0          0.00        0.00        0.00          0.00
 940427   6     0     0          0.00        0.00        0.00          0.00
 940427   7     0     0          0.00        0.00        0.00          0.00
 940427   8     0     0          0.00        0.00        0.00          0.00
 940427   9     0     0          0.00        0.00        0.00          0.00
 940427  10     0     0          0.00        0.00        0.00          0.00
 940427  11     0     0          0.00        0.00        0.00          0.00
 940427  12     3     2          8.13      188.10      196.23          0.42
 940427  13    12     4         12.58      283.12      294.63          2.38
 940427  14    14     7         31.45      976.50     1007.95          4.58
 940427  15    38    19         48.28      568.10      598.90          9.98
 940427  16    46    27         45.37      886.48      920.07         22.90
 940427  17    54    34         51.65      861.73      909.53         28.32
 940427  18    50    31         61.88     1131.60     1193.30         27.80
 940427  19    64    30         51.60      673.23      724.83         26.73
 940427  20    51    31         37.50      559.97      592.53         28.18
 940427  21    64    37         42.82      791.82      830.03         32.53
 940427  22    43    35         44.98      964.00     1008.98         31.32
 940427  23    44    28         37.82      731.15      766.72         26.17
 940427  24    37    25         31.97      554.45      586.42         21.92
1
 
                   MAX
            TOTAL  SIM                MAXIMUM CPS                   CONNECT
 DATE  HOUR USERS USERS            IN         OUT       TOTAL         HOURS
 
 
 940428   1    29    18         30.70      522.02      546.87         12.35
 940428   2    13    10         11.62      214.30      225.92          5.12
 940428   3     6     4          8.32       51.48       59.80          0.55
 940428   4     0     0          0.00        0.00        0.00          0.00
 940428   5     0     0          0.00        0.00        0.00          0.00
 940428   6     1     1          5.20       63.83       69.03          0.03
 940428   7     0     0          0.00        0.00        0.00          0.00
 940428   8     0     0          0.00        0.00        0.00          0.00
 940428   9     0     0          0.00        0.00        0.00          0.00
 940428  10     0     0          0.00        0.00        0.00          0.00
 940428  11     0     0          0.00        0.00        0.00          0.00
 940428  12     2     2          1.68       26.72       28.40          0.65
 940428  13    23     9         19.37      534.72      554.08          5.25
 940428  14    18     7         23.63      593.28      616.92          5.65
 940428  15    24    15         32.95      649.38      682.33          8.68
 940428  16    43    24         40.63     1143.05     1183.68         19.52
 940428  17    42    29         46.63     1143.05     1183.68         25.20
 940428  18    45    33         44.00      629.82      670.58         29.60
 940428  19    62    36         56.80      974.98     1031.78         32.97
 940428  20    42    35         53.12      722.30      775.42         32.78
 940428  21    48    37         45.78      695.48      740.80         33.88
 940428  22    50    37         59.98      883.97      943.95         35.15
 940428  23    50    36         67.63      992.92     1060.55         33.48
 940428  24    35    31         35.50      399.25      433.30         27.48
1
 
                   MAX
            TOTAL  SIM                MAXIMUM CPS                   CONNECT
 DATE  HOUR USERS USERS            IN         OUT       TOTAL         HOURS
 
 
 940429   1    28    26         42.55      771.13      813.68         17.33
 940429   2    12    10         10.92       88.43       99.35          3.72
 940429   3     2     2          5.05       37.55       42.60          1.05
 940429   4     1     1          1.50       14.65       16.15          0.73
 940429   5     0     0          0.00        0.00        0.00          0.00
 940429   6     0     0          0.00        0.00        0.00          0.00
 940429   7     0     0          0.00        0.00        0.00          0.00
 940429   8     0     0          0.00        0.00        0.00          0.00
 940429   9     0     0          0.00        0.00        0.00          0.00
 940429  10     0     0          0.00        0.00        0.00          0.00
 940429  11     0     0          0.00        0.00        0.00          0.00
 940429  12     4     2         11.25      385.57      395.12          0.48
 940429  13    20     8         19.62      301.65      321.27          3.45
 940429  14    13     9         22.22      556.60      578.82          5.53
 940429  15    23    10         29.52      549.43      578.95          6.47
 940429  16    30    17         53.47      676.62      730.08         13.15
 940429  17    38    18         48.25      719.98      768.23         14.92
 940429  18    28    21         38.12      546.00      584.12         17.95
 940429  19    31    22         34.88      660.93      695.82         19.40
 940429  20    28    19         31.65      728.03      759.68         17.47
 940429  21    32    22         44.57     1031.95     1076.52         18.98
 940429  22    25    21         28.07      462.55      490.62         17.72
 940429  23    26    17         23.28      444.37      466.75         14.95
 940429  24    15    13         40.68      858.92      899.60          7.53
1     MAXIMUM OF MAXIMUM SIMULTANEOUS USERS
 
 
                   MAX
            TOTAL  SIM                MAXIMUM CPS                   CONNECT
 DATE  HOUR USERS USERS            IN         OUT       TOTAL         HOURS
 
 940426  19    72    43         69.65     1213.08     1282.73         36.50
 
 
     MAXIMUM OF CONNECT HOURS
 
 
                   MAX
            TOTAL  SIM                MAXIMUM CPS                   CONNECT
 DATE  HOUR USERS USERS            IN         OUT       TOTAL         HOURS
 
 940426  19    72    43         69.65     1213.08     1282.73         36.50
1
  