1
 
                   MAX
            TOTAL  SIM                MAXIMUM CPS                   CONNECT
 DATE  HOUR USERS USERS            IN         OUT       TOTAL         HOURS
 
 
 940425   1    36    10         70.55      383.47      443.18          5.82
 940425   2    12     5         59.50      153.80      213.30          2.58
 940425   3     9     4         18.55      132.07      148.15          2.17
 940425   4    14     6         29.87      199.75      229.62          1.85
 940425   5    15     4         50.80      141.85      178.82          1.95
 940425   6    17     7         48.43      246.62      294.65          3.85
 940425   7    19     6         33.47      237.37      261.68          2.93
 940425   8    15     8         41.27      193.48      231.43          3.27
 940425   9    31     7         53.88      267.42      307.52          4.93
 940425  10    12     4         33.85      194.28      224.18          2.47
 940425  11    13     5         33.53      220.43      243.98          3.05
 940425  12     9     4         47.97      145.75      159.03          1.05
 940425  13     9     3         48.73      104.45      149.12          1.23
 940425  14    14     4         48.18      151.33      199.52          2.88
 940425  15     9     4         25.53      120.98      130.22          2.07
 940425  16     7     4         51.03      167.13      218.17          1.50
 940425  17     7     3         19.20       97.25      110.83          1.42
 940425  18     5     2         11.93       68.58       80.52          0.72
 940425  19     4     1          3.45       68.27       71.07          0.37
 940425  20     2     2          3.70       75.20       78.90          0.40
 940425  21     2     1          3.45       68.07       71.52          0.23
 940425  22     8     3         10.58      104.80      112.70          0.92
 940425  23     5     3         11.82       69.03       76.65          2.10
 940425  24    30     9         38.25      384.35      416.75          4.92
1
 
                   MAX
            TOTAL  SIM                MAXIMUM CPS                   CONNECT
 DATE  HOUR USERS USERS            IN         OUT       TOTAL         HOURS
 
 
 940426   1    40    14         75.15      410.58      475.65          8.68
 940426   2    23    11         65.48      283.58      348.27          6.33
 940426   3    25     9        117.53      218.47      269.83          5.40
 940426   4    22     8         33.20      315.08      341.68          4.30
 940426   5    96    23         64.78      414.05      458.62          8.07
 940426   6    15     8         60.00      240.37      300.37          2.53
 940426   7    32    10         71.45      394.78      438.42          5.52
 940426   8    26     9         41.20      371.67      412.87          5.35
 940426   9    21     7         38.25      216.40      254.65          3.33
 940426  10    11     7         54.40      238.28      292.68          2.37
 940426  11     8     3         17.28      131.33      140.38          0.68
 940426  12     7     3         45.85      133.13      154.68          1.42
 940426  13     4     1          7.45       91.73       95.13          0.32
 940426  14    14     6         32.98      179.70      207.55          2.83
 940426  15     8     4         27.50      113.53      141.03          1.18
 940426  16     1     1          0.92        4.83        5.75          0.52
 940426  17     5     2         40.98       61.07      102.05          0.95
 940426  18     2     2         14.55       92.75      107.30          0.45
 940426  19     1     1          3.60       91.13       94.73          0.05
 940426  20     0     0          0.00        0.00        0.00          0.00
 940426  21     1     1          1.63       45.10       46.73          0.10
 940426  22     6     3          7.42      104.72      111.67          1.07
 940426  23     7     4          9.40      107.87      117.27          0.62
 940426  24    22     8         43.47      279.92      322.83          4.45
1
 
                   MAX
            TOTAL  SIM                MAXIMUM CPS                   CONNECT
 DATE  HOUR USERS USERS            IN         OUT       TOTAL         HOURS
 
 
 940427   1    30     9         41.40      286.57      327.70          5.50
 940427   2    22     8         47.00      347.87      394.87          5.07
 940427   3    17     7         38.75      229.28      268.03          4.43
 940427   4    14     4         31.17      128.47      152.62          2.28
 940427   5    29     9         54.58      283.32      331.12          4.00
 940427   6    14     5         38.70      175.83      208.93          1.98
 940427   7    35    14         44.37      230.95      263.82          5.35
 940427   8    82    17         38.88      153.88      192.77          3.53
 940427   9    21     4         33.15      115.22      148.37          1.45
 940427  10    15     6         14.30       91.97      106.27          1.93
 940427  11    10     4         57.43      107.38      131.52          1.08
 940427  12    15     3         51.58       67.20      104.20          1.45
 940427  13    12     3          9.62       97.52      107.13          1.12
 940427  14    10     4         44.90      168.77      187.47          1.53
 940427  15    11     6         72.53      170.47      243.00          2.68
 940427  16     4     3         17.43       99.80      117.23          1.33
 940427  17     5     3         29.52      132.48      142.35          1.70
 940427  18     5     3          4.47       60.62       63.13          1.47
 940427  19     3     3          3.07       50.75       53.82          1.53
 940427  20     4     2          2.60       47.75       50.35          0.87
 940427  21     5     3          4.02       46.43       50.45          1.70
 940427  22    12     4         15.27       85.75       97.22          1.77
 940427  23     7     6         19.02       98.47      117.48          2.52
 940427  24   103    35         43.92      314.67      357.92          5.73
1
 
                   MAX
            TOTAL  SIM                MAXIMUM CPS                   CONNECT
 DATE  HOUR USERS USERS            IN         OUT       TOTAL         HOURS
 
 
 940428   1   124    28         73.68      400.88      474.57          9.33
 940428   2    13     5         33.42      150.30      172.43          2.90
 940428   3    16     8         45.63      277.62      308.10          3.73
 940428   4     5     2          7.93      104.67      112.60          0.60
 940428   5    16     6         23.73      134.72      158.32          3.25
 940428   6    16     5         41.82      213.62      249.53          3.18
 940428   7    17     7         48.02      253.47      298.42          5.50
 940428   8    33     7         50.63      227.10      272.78          5.32
 940428   9    26     8         37.52      265.65      303.17          4.70
 940428  10    33     8         83.28      400.35      435.90          4.82
 940428  11     6     6         45.80      192.03      237.83          0.98
 940428  12     7     3         31.75      100.58      132.33          1.60
 940428  13     2     2          7.92       39.93       47.85          1.02
 940428  14     1     1          8.13       16.85       24.98          0.15
 940428  15     5     3          9.97       62.42       72.38          0.93
 940428  16     0     0          0.00        0.00        0.00          0.00
 940428  17     8     1         12.43       62.25       74.68          0.65
 940428  18     5     2         14.18       92.52      106.70          0.85
 940428  19     0     0          0.00        0.00        0.00          0.00
 940428  20     0     0          0.00        0.00        0.00          0.00
 940428  21     0     0          0.00        0.00        0.00          0.00
 940428  22     9     5          8.08      210.08      218.17          1.37
 940428  23    15     4         19.35      106.28      125.63          1.83
 940428  24    24    10         35.25      256.52      279.60          5.43
1
 
                   MAX
            TOTAL  SIM                MAXIMUM CPS                   CONNECT
 DATE  HOUR USERS USERS            IN         OUT       TOTAL         HOURS
 
 
 940429   1    32    10         79.60      338.33      378.85          7.42
 940429   2    26     9         36.30      252.55      288.85          5.18
 940429   3    18     4         38.83      162.90      179.23          2.45
 940429   4    12     4         44.77      185.05      216.88          2.53
 940429   5     4     2          6.03      106.93      112.97          0.58
 940429   6    12     3         22.90      106.93      120.70          1.35
 940429   7    18     4         38.87      190.33      229.20          2.68
 940429   8    17     6         28.60      206.90      234.02          2.67
 940429   9    21     8        106.90      223.75      330.65          5.22
 940429  10    26    11         86.43      264.32      350.75          5.85
 940429  11    14    10         86.17      257.33      343.50          2.83
 940429  12    10     3         29.60      127.63      157.23          1.90
 940429  13     5     3         13.50       63.37       76.87          0.78
 940429  14     4     2         14.83       49.52       64.35          0.82
 940429  15     1     1          3.98       24.40       28.38          0.38
 940429  16     3     1         27.97       91.00       94.75          0.57
 940429  17     4     2          9.40       80.95       90.35          0.67
 940429  18     1     1          4.88       12.53       17.42          0.78
 940429  19     0     0          0.00        0.00        0.00          0.00
 940429  20     1     1          2.13       54.97       57.10          0.05
 940429  21     2     1          2.53       65.07       67.60          0.13
 940429  22     3     1          3.77       70.70       74.47          0.10
 940429  23     5     4         14.47      114.70      129.17          1.83
 940429  24    16     6         68.37      213.37      234.63          1.98
1     MAXIMUM OF MAXIMUM SIMULTANEOUS USERS
 
 
                   MAX
            TOTAL  SIM                MAXIMUM CPS                   CONNECT
 DATE  HOUR USERS USERS            IN         OUT       TOTAL         HOURS
 
 940427  24   103    35         43.92      314.67      357.92          5.73
 
 
     MAXIMUM OF CONNECT HOURS
 
 
                   MAX
            TOTAL  SIM                MAXIMUM CPS                   CONNECT
 DATE  HOUR USERS USERS            IN         OUT       TOTAL         HOURS
 
 940428   1   124    28         73.68      400.88      474.57          9.33
1
  