1
 
                   MAX
            TOTAL  SIM                MAXIMUM CPS                   CONNECT
 DATE  HOUR USERS USERS            IN         OUT       TOTAL         HOURS
 
 
 940228   1    14    13          2.47       82.90       85.37         12.05
 940228   2    13    13          2.37      147.77      150.13         12.10
 940228   3    13    12          1.68      145.58      146.88         11.12
 940228   4    11    11          0.33        8.33        8.67         11.00
 940228   5    12    12          4.15      151.45      155.60         11.03
 940228   6    11    11          0.33        8.33        8.67         11.00
 940228   7    12    12          0.88       44.10       44.98         11.35
 940228   8    11    11          0.33        8.33        8.67         11.00
 940228   9    12    12         12.98       42.42       55.40         11.12
 940228  10    12    12         12.98       42.42       55.40         11.02
 940228  11    12    12          0.48       44.75       45.23         11.08
 940228  12    17    13         14.67      411.87      426.53         11.50
 940228  13    33    25         44.03     1371.73     1415.77         16.07
 940228  14    50    37         53.13     1540.95     1592.83         32.00
 940228  15    77    43         49.00     1423.57     1472.57         36.40
 940228  16    67    52         57.23     1086.93     1135.75         42.22
 940228  17    80    57         58.27     1346.90     1389.37         49.52
 940228  18    74    52         51.50     1097.05     1148.55         45.38
 940228  19    92    61        113.40     1833.27     1946.67         50.02
 940228  20    80    58         85.67     1335.43     1413.53         52.03
 940228  21    98    65         89.52     1697.40     1786.92         47.82
 940228  22    74    57        101.80     1747.60     1847.60         43.57
 940228  23    55    41         69.40     1313.40     1382.80         35.33
 940228  24    62    37        122.90     2138.65     2261.55         31.37
1
 
                   MAX
            TOTAL  SIM                MAXIMUM CPS                   CONNECT
 DATE  HOUR USERS USERS            IN         OUT       TOTAL         HOURS
 
 
 940301   1    51    37         63.83     1075.50     1135.93         29.90
 940301   2    23    17         46.10     1562.10     1608.20         12.23
 940301   3    13    13          1.48      182.38      183.87         11.22
 940301   4    11    11          0.33        8.33        8.67         11.00
 940301   5    13    12          2.05       85.18       87.23         11.65
 940301   6    12    12          1.22       36.95       38.17         11.87
 940301   7    11    11          0.33        8.33        8.67         11.00
 940301   8    11    11          0.33        8.33        8.67         11.00
 940301   9    11    11          0.33        8.33        8.67         11.00
 940301  10    11    11          0.33        8.33        8.67         11.00
 940301  11    11    11          0.33        8.33        8.67         11.00
 940301  12    15    13          2.13       55.80       57.23         11.58
 940301  13    53    35         38.33      760.87      799.20         20.57
 940301  14    65    41         60.27     1238.97     1299.23         34.97
 940301  15    55    47         50.03      998.10     1041.57         43.47
 940301  16    66    49         44.27     1227.43     1271.70         44.10
 940301  17    89    57         79.48     1685.88     1765.37         51.45
 940301  18    90    62         90.42     2310.45     2400.87         51.12
 940301  19   123    64         83.52     1989.28     2072.80         57.93
 940301  20    86    61         34.77      906.73      934.97         52.63
 940301  21    85    55         49.60     1546.42     1596.02         47.18
 940301  22    78    47         35.57      884.00      919.57         40.48
 940301  23    63    37         34.63      932.73      967.37         28.55
 940301  24    54    36         36.47     1029.57     1064.53         30.10
1
 
                   MAX
            TOTAL  SIM                MAXIMUM CPS                   CONNECT
 DATE  HOUR USERS USERS            IN         OUT       TOTAL         HOURS
 
 
 940302   1    42    34         49.77     1137.93     1187.70         30.23
 940302   2    27    22         67.53     1202.20     1269.73         18.35
 940302   3    15    15          1.48       66.43       67.92         14.45
 940302   4    15    15          1.48       66.43       67.92         15.00
 940302   5    15    15          1.48       66.43       67.92         14.07
 940302   6    14    14          0.67       15.97       16.63         14.00
 940302   7    16    15          2.85       49.50       52.35         14.15
 940302   8    17    15          3.30       50.05       53.35         14.15
 940302   9    15    15          2.13       40.72       42.85         14.07
 940302  10    14    14          0.67       15.97       16.63         14.00
 940302  11    16    16         16.03      454.00      470.03         14.07
 940302  12    24    18         16.43      811.47      827.90         15.77
 940302  13    31    23         11.27      256.80      264.52         19.43
 940302  14    52    36         22.57      570.70      593.27         27.20
 940302  15    56    38         46.00     1266.27     1312.27         33.57
 940302  16    63    44         31.03      811.58      842.62         35.08
 940302  17    85    56         68.28     1127.70     1172.43         46.08
 940302  18    81    56         60.65     2423.22     2483.87         48.03
 940302  19    96    57         50.77     2026.63     2072.30         48.30
 940302  20    99    54         50.87     2073.67     2124.53         45.22
 940302  21    60    42         35.47     1566.27     1600.47         37.03
 940302  22    56    39         41.27     1552.13     1587.60         36.22
 940302  23    46    36         38.30     1474.50     1512.80         32.15
 940302  24    40    33         35.80     1307.97     1325.77         15.52
1
 
                   MAX
            TOTAL  SIM                MAXIMUM CPS                   CONNECT
 DATE  HOUR USERS USERS            IN         OUT       TOTAL         HOURS
 
 
 940303   1    31    21         23.87     1336.10     1359.97         15.27
 940303   2    14    10          8.27      949.27      957.53          6.50
 940303   3     8     7          1.57      844.80      846.37          5.10
 940303   4     7     6          2.67      865.65      868.00          5.40
 940303   5     8     6          4.03      865.65      868.00          2.90
 940303   6     3     3          5.13      896.45      901.58          1.47
 940303   7     3     3         10.25     1034.53     1044.78          1.03
 940303   8     3     3         10.25     1034.53     1044.78          1.43
 940303   9     1     1          0.02      821.80      821.82          1.00
 940303  10     1     1          0.02      821.80      821.82          1.00
 940303  11     1     1          0.02      821.80      821.82          1.00
 940303  12     3     3          5.88     1069.83     1075.72          1.53
 940303  13    31    13         22.52     1287.87     1304.45          7.27
 940303  14    37    27         45.45     2327.93     2365.95         17.43
 940303  15    39    25         45.02     1808.37     1853.38         20.90
 940303  16    49    27         51.85     2005.37     2057.22         22.33
 940303  17    65    35         60.58     2096.87     2157.45         28.47
 940303  18    49    27         42.92     2026.53     2069.45         22.37
 940303  19    57    35         51.18     2183.83     2233.52         27.25
 940303  20    56    35         72.12     2500.80     2572.92         31.17
 940303  21    65    37         55.45     2111.73     2162.88         31.20
 940303  22    70    32         65.02     2429.90     2494.92         24.75
 940303  23    40    24         34.68     1561.77     1594.18         19.57
 940303  24    32    17         34.75     1540.80     1575.55         14.30
1
 
                   MAX
            TOTAL  SIM                MAXIMUM CPS                   CONNECT
 DATE  HOUR USERS USERS            IN         OUT       TOTAL         HOURS
 
 
 940304   1    31    19         41.95     1886.23     1928.18         12.40
 940304   2    14     7         18.55     1101.67     1113.55          3.75
 940304   3     4     3          1.10       34.83       35.93          1.80
 940304   4     2     2          0.15        8.25        8.40          2.00
 940304   5     4     4         15.35      144.58      159.93          2.07
 940304   6     4     3          8.33       74.90       83.23          1.33
 940304   7     1     1          0.00        0.03        0.03          1.00
 940304   8     1     1          0.00        0.03        0.03          1.00
 940304   9     1     1          0.00        0.03        0.03          1.00
 940304  10     1     1          0.00        0.03        0.03          1.00
 940304  11     1     1          0.00        0.03        0.03          0.22
 940304  12    10     8         13.50      261.73      275.23          2.47
 940304  13    26    18         18.77      399.80      418.57         11.60
 940304  14    38    18         34.10      891.87      925.97         14.13
 940304  15    30    22         46.27      883.77      922.33         19.23
 940304  16    34    26         45.50      872.03      902.30         17.87
 940304  17    56    28         60.00     1092.97     1152.97         21.47
 940304  18    29    27         34.77      922.95      957.72         21.20
 940304  19    54    30         44.53      709.00      737.47         25.97
 940304  20    63    36         48.17      858.83      907.00         29.82
 940304  21    63    33         49.10     1017.67     1066.77         27.08
 940304  22    25    15         32.80      624.93      657.73         11.22
 940304  23    17    11         17.47      581.28      597.25          7.32
 940304  24    10     6          4.73      188.13      192.87          3.53
1     MAXIMUM OF MAXIMUM SIMULTANEOUS USERS
 
 
                   MAX
            TOTAL  SIM                MAXIMUM CPS                   CONNECT
 DATE  HOUR USERS USERS            IN         OUT       TOTAL         HOURS
 
 940228  21    98    65         89.52     1697.40     1786.92         47.82
 
 
     MAXIMUM OF CONNECT HOURS
 
 
                   MAX
            TOTAL  SIM                MAXIMUM CPS                   CONNECT
 DATE  HOUR USERS USERS            IN         OUT       TOTAL         HOURS
 
 940301  19   123    64         83.52     1989.28     2072.80         57.93
1
  