1
 
                   MAX
            TOTAL  SIM                MAXIMUM CPS                   CONNECT
 DATE  HOUR USERS USERS            IN         OUT       TOTAL         HOURS
 
 
 940228   1     4     4          0.58        9.75       10.33          3.43
 940228   2     4     4          0.58        9.75       10.33          4.00
 940228   3     4     4          0.58        9.75       10.33          4.00
 940228   4     5     5          0.60       17.87       18.47          4.92
 940228   5     6     5          3.13       48.50       51.63          3.63
 940228   6     3     3          0.03        2.05        2.08          3.00
 940228   7     3     3          0.03        2.05        2.08          3.00
 940228   8     3     3          0.03        2.05        2.08          3.00
 940228   9    25    15         15.20      192.25      207.45          7.47
 940228  10    15    15         11.87      249.88      261.75         13.20
 940228  11    24    19         19.43      528.80      548.23         16.05
 940228  12    21    21          9.70      202.75      212.45         18.23
 940228  13    23    23         19.03      479.92      498.95         19.63
 940228  14    27    24         12.73      309.95      322.68         21.77
 940228  15    31    29         34.82      616.48      651.30         25.40
 940228  16    58    44         32.63      768.70      801.33         34.17
 940228  17    70    48         45.25      775.62      819.97         44.35
 940228  18    73    48         68.17      839.43      907.40         39.10
 940228  19    59    42         50.38      789.60      839.98         39.50
 940228  20    70    44         51.68      713.75      765.43         37.95
 940228  21    48    38         39.07      643.25      682.32         35.38
 940228  22    67    46         43.73      658.20      691.70         42.33
 940228  23    62    47         31.40      601.30      632.37         43.97
 940228  24    72    50         67.43     1167.73     1235.17         44.53
1
 
                   MAX
            TOTAL  SIM                MAXIMUM CPS                   CONNECT
 DATE  HOUR USERS USERS            IN         OUT       TOTAL         HOURS
 
 
 940301   1    60    48         54.55     1254.08     1308.63         42.38
 940301   2    40    35         26.45      642.42      665.32         25.35
 940301   3    31    22         25.78      736.97      762.75         16.08
 940301   4    14    11         12.77      139.98      152.75          6.47
 940301   5     5     5          0.05        0.48        0.53          5.00
 940301   6     5     5          0.05        0.48        0.53          5.00
 940301   7     5     5          0.05        0.48        0.53          5.00
 940301   8     5     5          0.05        0.48        0.53          5.00
 940301   9    15    11          5.58      113.18      118.77          7.40
 940301  10    15    13         26.98      548.55      575.53         10.00
 940301  11    18    15          8.68      135.82      143.18         12.23
 940301  12    19    15          7.35      128.72      136.07         14.67
 940301  13    21    15          9.75      266.78      276.53         12.03
 940301  14    27    21         19.75      618.68      638.43         16.60
 940301  15    27    24          9.42      226.43      235.85         20.03
 940301  16    33    29         25.40      584.93      610.33         22.55
 940301  17    86    50         66.30     2788.88     2844.88         40.87
 940301  18   100    58         63.48     2972.63     3029.38         47.85
 940301  19    75    48         64.53     2581.38     2639.88         45.97
 940301  20    57    49         52.82     2380.75     2433.57         45.33
 940301  21    61    49         49.00     2486.70     2534.42         46.92
 940301  22    68    52         57.87     2455.48     2507.50         49.88
 940301  23    76    54        107.68     2675.85     2737.40         51.35
 940301  24    69    54         74.33      849.87      918.18         50.27
1
 
                   MAX
            TOTAL  SIM                MAXIMUM CPS                   CONNECT
 DATE  HOUR USERS USERS            IN         OUT       TOTAL         HOURS
 
 
 940302   1    69    50         66.90      984.40     1051.30         43.10
 940302   2    60    33        108.78     2301.07     2407.47         25.12
 940302   3    12     9          9.00      201.90      210.90          1.83
 940302   4     2     1          8.72      101.05      109.77          0.07
 940302   5     0     0          0.00        0.00        0.00          0.00
 940302   6     0     0          0.00        0.00        0.00          0.00
 940302   7     0     0          0.00        0.00        0.00          0.00
 940302   8     0     0          0.00        0.00        0.00          0.00
 940302   9    14    12          9.73      517.07      526.80          5.63
 940302  10    22    14          9.43      227.77      237.20          9.40
 940302  11    23    17         13.28      185.77      199.05         14.78
 940302  12    23    20         10.97      219.17      230.13         16.27
 940302  13    22    20         10.97      219.17      230.13         18.13
 940302  14    24    22         12.83      228.83      241.67         20.37
 940302  15    35    31         21.52      490.70      512.22         25.80
 940302  16    67    40         38.27      790.07      823.80         31.53
 940302  17    75    59         68.82     1238.93     1307.75         50.57
 940302  18    98    63         78.27     2149.15     2223.45         52.63
 940302  19    82    55         62.30     1819.45     1877.42         48.58
 940302  20    70    56         68.75     1769.23     1837.98         51.57
 940302  21    54    48         45.92     1484.52     1529.30         45.95
 940302  22    72    51         68.17     1605.73     1673.90         45.33
 940302  23    54    42         41.03     1418.22     1456.20         38.87
 940302  24    69    45         51.12     1593.30     1640.23         40.55
1
 
                   MAX
            TOTAL  SIM                MAXIMUM CPS                   CONNECT
 DATE  HOUR USERS USERS            IN         OUT       TOTAL         HOURS
 
 
 940303   1    71    46         56.75     2047.95     2104.18         41.33
 940303   2    51    40         49.58     1547.37     1591.82         29.93
 940303   3    30    21         19.68     1173.27     1192.95         13.92
 940303   4    15    13         13.87     1075.52     1089.32          4.68
 940303   5     2     2          0.18      824.95      825.13          2.00
 940303   6     2     2          0.18      824.95      825.13          2.00
 940303   7     2     2          0.18      824.95      825.13          2.00
 940303   8     4     4          3.82      877.95      881.77          2.33
 940303   9     8     6         18.25     1086.62     1104.87          2.33
 940303  10    52    22         23.15     1411.65     1434.80          9.93
 940303  11    34    22         18.52     1107.62     1125.60         17.33
 940303  12    32    22         28.82     1364.18     1392.13         19.00
 940303  13    22    20         16.72     1119.72     1136.43         18.17
 940303  14    32    28         17.75     1141.45     1159.20         24.27
 940303  15    42    28         18.88     1329.08     1346.43         25.03
 940303  16    69    55         53.15     1786.55     1839.47         39.95
 940303  17    98    80         78.70     2199.97     2278.67         66.45
 940303  18   128    89        108.80     2862.68     2971.48         82.07
 940303  19   114    94        110.73     2617.68     2728.42         88.25
 940303  20   107    89         85.98     2317.48     2403.47         78.92
 940303  21    85    76         63.38     1786.38     1849.77         73.50
 940303  22   104    85        113.58     2264.45     2378.03         79.32
 940303  23   131    85        120.35     2319.48     2439.83         73.53
 940303  24   124    85        133.00     2513.35     2646.35         78.78
1
 
                   MAX
            TOTAL  SIM                MAXIMUM CPS                   CONNECT
 DATE  HOUR USERS USERS            IN         OUT       TOTAL         HOURS
 
 
 940304   1   106    78        113.30     3015.30     3128.07         70.98
 940304   2    81    69         94.37     2329.72     2424.08         43.20
 940304   3    23    23         32.63      582.42      615.05          8.32
 940304   4     4     4          0.87       36.80       37.67          1.27
 940304   5     1     1          0.00        0.03        0.03          1.00
 940304   6     3     3          0.47        5.10        5.57          1.20
 940304   7     3     3          0.47        5.10        5.57          2.20
 940304   8     5     3          6.80      392.30      399.10          1.47
 940304   9     9     7         14.17      194.53      208.70          4.93
 940304  10    25    19         31.73      609.73      641.47         11.90
 940304  11    27    17         22.30      401.67      423.97          4.08
 940304  12    14    14         39.27      807.23      846.50          6.63
 940304  13    18    14         25.50      474.63      500.13         10.57
 940304  14    26    16         37.33      877.90      915.23         13.70
 940304  15    28    18         44.03      903.87      947.90         13.93
 940304  16    37    28         48.77      880.70      929.47         20.53
 940304  17    65    35         79.23     3243.98     3323.22         27.03
 940304  18    51    38         41.52      653.40      694.92         33.75
 940304  19    70    43         58.37      949.27      996.87         34.55
 940304  20    58    39         44.28      583.05      623.95         32.32
 940304  21    34    28         35.55      570.85      606.40         25.90
 940304  22    44    31         43.27      815.48      857.48         28.42
 940304  23    56    39         75.28     1164.20     1239.48         31.90
 940304  24    41    34         46.77      867.17      913.93         17.25
1     MAXIMUM OF MAXIMUM SIMULTANEOUS USERS
 
 
                   MAX
            TOTAL  SIM                MAXIMUM CPS                   CONNECT
 DATE  HOUR USERS USERS            IN         OUT       TOTAL         HOURS
 
 940303  19   114    94        110.73     2617.68     2728.42         88.25
 
 
     MAXIMUM OF CONNECT HOURS
 
 
                   MAX
            TOTAL  SIM                MAXIMUM CPS                   CONNECT
 DATE  HOUR USERS USERS            IN         OUT       TOTAL         HOURS
 
 940303  19   114    94        110.73     2617.68     2728.42         88.25
1
  