1
 
                   MAX
            TOTAL  SIM                MAXIMUM CPS                   CONNECT
 DATE  HOUR USERS USERS            IN         OUT       TOTAL         HOURS
 
 
 940228   1     2     2          0.58        9.72       10.30          1.43
 940228   2     2     2          0.58        9.72       10.30          2.00
 940228   3     2     2          0.58        9.72       10.30          2.00
 940228   4     2     2          0.58        9.72       10.30          2.00
 940228   5     2     2          0.58        9.72       10.30          1.02
 940228   6     1     1          0.03        2.02        2.05          1.00
 940228   7     1     1          0.03        2.02        2.05          1.00
 940228   8     1     1          0.03        2.02        2.05          1.00
 940228   9     1     1          0.03        2.02        2.05          1.00
 940228  10     1     1          0.03        2.02        2.05          1.00
 940228  11     1     1          0.03        2.02        2.05          1.00
 940228  12     1     1          0.03        2.02        2.05          1.00
 940228  13     4     3          5.08       84.90       89.98          1.27
 940228  14    15     6         11.50      344.82      356.32          4.23
 940228  15    13     8          6.67      149.38      156.05          6.83
 940228  16    37    29         31.92      782.53      814.45         13.47
 940228  17    56    34         37.80      828.02      865.82         30.85
 940228  18    58    40         46.33      836.53      882.87         35.02
 940228  19    72    48         55.80     1033.02     1083.55         43.70
 940228  20    80    50         52.93      924.07      977.00         41.73
 940228  21    54    40         48.80      869.47      918.27         37.22
 940228  22    72    48         48.40      838.75      886.63         43.02
 940228  23    67    47         39.80      817.75      857.55         41.42
 940228  24    69    45         67.32     1187.23     1254.55         38.65
1
 
                   MAX
            TOTAL  SIM                MAXIMUM CPS                   CONNECT
 DATE  HOUR USERS USERS            IN         OUT       TOTAL         HOURS
 
 
 940301   1    56    43         55.48     1260.40     1315.88         37.47
 940301   2    35    30         26.40      641.93      664.78         20.35
 940301   3    25    17         25.73      736.48      762.22         11.07
 940301   4     9     6         12.72      139.50      152.22          1.47
 940301   5     0     0          0.00        0.00        0.00          0.00
 940301   6     0     0          0.00        0.00        0.00          0.00
 940301   7     0     0          0.00        0.00        0.00          0.00
 940301   8     0     0          0.00        0.00        0.00          0.00
 940301   9     0     0          0.00        0.00        0.00          0.00
 940301  10     0     0          0.00        0.00        0.00          0.00
 940301  11     0     0          0.00        0.00        0.00          0.00
 940301  12     0     0          0.00        0.00        0.00          0.00
 940301  13     3     2          7.58      277.35      284.93          0.28
 940301  14     6     3          6.90      264.12      271.02          0.58
 940301  15    11     5         13.07      332.48      345.55          3.52
 940301  16    19    14         29.25      686.82      716.07          7.92
 940301  17    71    37         58.53     2015.50     2074.03         26.48
 940301  18    87    52         70.18     2224.30     2284.58         42.75
 940301  19    80    51         72.27     2213.88     2286.15         45.95
 940301  20    65    51         64.65     1749.47     1814.12         47.35
 940301  21    67    51         63.87     1934.67     1998.53         48.00
 940301  22    80    55         70.03     1936.30     2004.33         51.82
 940301  23    76    54         76.08     2113.77     2189.85         50.47
 940301  24    68    51         74.28      888.15      952.52         47.63
1
 
                   MAX
            TOTAL  SIM                MAXIMUM CPS                   CONNECT
 DATE  HOUR USERS USERS            IN         OUT       TOTAL         HOURS
 
 
 940302   1    69    47         66.85      983.95     1050.80         40.17
 940302   2    38    29         72.32     1057.48     1129.80         21.68
 940302   3    11     8          8.98      201.77      210.75          1.82
 940302   4     2     1          8.72      101.05      109.77          0.07
 940302   5     0     0          0.00        0.00        0.00          0.00
 940302   6     0     0          0.00        0.00        0.00          0.00
 940302   7     0     0          0.00        0.00        0.00          0.00
 940302   8     0     0          0.00        0.00        0.00          0.00
 940302   9     0     0          0.00        0.00        0.00          0.00
 940302  10     0     0          0.00        0.00        0.00          0.00
 940302  11     1     1          4.78       74.27       79.05          0.85
 940302  12     1     1          4.78       74.27       79.05          0.10
 940302  13     4     2          7.87      207.27      215.13          0.37
 940302  14    18     8         26.72      443.90      463.07          4.53
 940302  15    15     9         26.65      743.43      770.08          8.37
 940302  16    39    21         32.38      694.17      726.55         11.05
 940302  17    66    36         65.75     1278.83     1344.58         30.35
 940302  18    75    45         69.80     2055.97     2123.27         41.03
 940302  19    87    55         73.05     2088.98     2162.03         46.72
 940302  20    82    55         71.02     2019.37     2090.03         51.40
 940302  21    68    51         50.55     1691.63     1741.95         50.03
 940302  22    78    53         71.60     1678.23     1749.83         46.10
 940302  23    68    48         66.98     2189.60     2256.58         43.98
 940302  24    74    48         56.57     1872.28     1927.63         43.07
1
 
                   MAX
            TOTAL  SIM                MAXIMUM CPS                   CONNECT
 DATE  HOUR USERS USERS            IN         OUT       TOTAL         HOURS
 
 
 940303   1    73    48         61.68     2316.30     2377.98         42.03
 940303   2    55    40         49.58     1547.37     1591.82         30.12
 940303   3    17    17         19.68     1173.27     1192.95         11.52
 940303   4     4     4          2.75       49.05       51.80          1.95
 940303   5     1     1          0.17        3.15        3.32          1.00
 940303   6     1     1          0.17        3.15        3.32          1.00
 940303   7     1     1          0.17        3.15        3.32          1.00
 940303   8     1     1          0.17        3.15        3.32          1.00
 940303   9     1     1          0.17        3.15        3.32          1.00
 940303  10     1     1          0.17        3.15        3.32          1.00
 940303  11     1     1          0.17        3.15        3.32          1.00
 940303  12     1     1          0.17        3.15        3.32          1.00
 940303  13     7     5          4.87      158.02      161.78          2.07
 940303  14    11     7         15.28      360.68      375.38          5.05
 940303  15    10     6         15.93      370.00      385.93          5.08
 940303  16    21    14         27.32      645.03      672.35          8.77
 940303  17    32    23         21.65      516.10      537.75         17.37
 940303  18    42    28         30.08      747.43      777.52         25.30
 940303  19    51    32         34.45      863.77      898.22         28.77
 940303  20    49    31         36.47      880.00      916.47         25.75
 940303  21    42    25         30.93      616.62      647.55         22.42
 940303  22    45    27         33.13      839.87      872.95         23.38
 940303  23    38    25         42.77      632.10      664.28         21.67
 940303  24    33    25         43.33      550.57      593.90         21.48
1
 
                   MAX
            TOTAL  SIM                MAXIMUM CPS                   CONNECT
 DATE  HOUR USERS USERS            IN         OUT       TOTAL         HOURS
 
 
 940304   1    29    21         35.53      520.93      556.47         16.95
 940304   2    19    17         17.58      303.58      321.17          9.90
 940304   3     4     4          3.07       61.05       64.12          1.85
 940304   4     1     1          0.83       35.93       36.77          0.03
 940304   5     0     0          0.00        0.00        0.00          0.00
 940304   6     0     0          0.00        0.00        0.00          0.00
 940304   7     0     0          0.00        0.00        0.00          0.00
 940304   8     0     0          0.00        0.00        0.00          0.00
 940304   9     0     0          0.00        0.00        0.00          0.00
 940304  10     0     0          0.00        0.00        0.00          0.00
 940304  11     0     0          0.00        0.00        0.00          0.00
 940304  12     1     1          6.63      204.10      210.73          0.03
 940304  13     2     2          3.90       84.82       88.72          0.10
 940304  14    14     7          8.27      197.48      205.00          3.53
 940304  15    12     7         18.12      436.08      454.20          3.73
 940304  16    17     8         17.83      413.08      430.92          5.33
 940304  17    21    10         17.40      322.02      339.42          7.03
 940304  18    21    10         27.58      279.33      304.25          6.22
 940304  19    24    11         21.82      453.48      475.30          7.52
 940304  20    28    12         20.82      414.03      430.65         10.02
 940304  21    21    12         17.77      452.28      468.97          7.40
 940304  22    29    13         27.85      573.58      601.43          9.33
 940304  23    16    13         34.68      391.67      426.35          9.57
 940304  24    11     8         27.08      273.03      299.33          4.22
1     MAXIMUM OF MAXIMUM SIMULTANEOUS USERS
 
 
                   MAX
            TOTAL  SIM                MAXIMUM CPS                   CONNECT
 DATE  HOUR USERS USERS            IN         OUT       TOTAL         HOURS
 
 940301  22    80    55         70.03     1936.30     2004.33         51.82
 
 
     MAXIMUM OF CONNECT HOURS
 
 
                   MAX
            TOTAL  SIM                MAXIMUM CPS                   CONNECT
 DATE  HOUR USERS USERS            IN         OUT       TOTAL         HOURS
 
 940301  22    80    55         70.03     1936.30     2004.33         51.82
1
  