1
 
                   MAX
            TOTAL  SIM                MAXIMUM CPS                   CONNECT
 DATE  HOUR USERS USERS            IN         OUT       TOTAL         HOURS
 
 
 940425   1     1     1          0.40       20.32       20.72          0.52
 940425   2     0     0          0.00        0.00        0.00          0.00
 940425   3     1     1          0.60       43.70       44.30          0.12
 940425   4     1     1          0.32       35.13       35.45          0.25
 940425   5     0     0          0.00        0.00        0.00          0.00
 940425   6     2     1          2.00       44.07       44.32          0.43
 940425   7     0     0          0.00        0.00        0.00          0.00
 940425   8     0     0          0.00        0.00        0.00          0.00
 940425   9     0     0          0.00        0.00        0.00          0.00
 940425  10     0     0          0.00        0.00        0.00          0.00
 940425  11     6     6         11.37      225.77      237.13          1.67
 940425  12    20    14         73.50      888.03      961.53          9.20
 940425  13    54    28         39.47      682.47      721.93         18.20
 940425  14    42    30         33.73      729.00      762.73         25.57
 940425  15    49    32         39.60     1138.70     1178.30         22.80
 940425  16    46    28         35.03     1023.57     1058.60         21.50
 940425  17    39    29         25.78      560.43      586.22         25.78
 940425  18    52    36         54.77      946.23     1001.00         29.95
 940425  19    58    30         54.77     1052.17     1101.50         26.03
 940425  20    56    31         46.73     1053.92     1096.35         19.62
 940425  21    41    25         51.80      884.63      936.43         21.22
 940425  22    26    17         24.03      614.47      638.50          9.18
 940425  23    27    16         27.17      432.27      452.73         11.52
 940425  24    15    11         27.87      489.20      507.50          4.85
1
 
                   MAX
            TOTAL  SIM                MAXIMUM CPS                   CONNECT
 DATE  HOUR USERS USERS            IN         OUT       TOTAL         HOURS
 
 
 940426   1     2     2          1.73       45.43       47.17          0.53
 940426   2     3     1         30.62      670.80      701.42          0.07
 940426   3     0     0          0.00        0.00        0.00          0.00
 940426   4     0     0          0.00        0.00        0.00          0.00
 940426   5     0     0          0.00        0.00        0.00          0.00
 940426   6     0     0          0.00        0.00        0.00          0.00
 940426   7     0     0          0.00        0.00        0.00          0.00
 940426   8     0     0          0.00        0.00        0.00          0.00
 940426   9     0     0          0.00        0.00        0.00          0.00
 940426  10     0     0          0.00        0.00        0.00          0.00
 940426  11     4     4          0.67       17.73       18.40          1.03
 940426  12    26    12         24.80      647.13      671.93          7.13
 940426  13    43    19         34.83      741.35      776.18         13.32
 940426  14    32    24         23.07      534.50      557.57         20.63
 940426  15    27    20         45.00     1005.07     1050.07         15.22
 940426  16    38    26         34.63      822.87      857.50         21.10
 940426  17    31    24         19.67      593.00      612.67         20.57
 940426  18    54    34         38.33      861.57      893.47         25.80
 940426  19    39    30         39.03     1100.47     1139.50         23.15
 940426  20    32    18         25.83      569.57      595.40         13.33
 940426  21    32    14         38.87      746.47      785.33         10.30
 940426  22    21    11         14.70      444.50      459.20          8.27
 940426  23    21    15         14.77      313.18      327.95          9.43
 940426  24    12     8         14.70      420.53      435.23          6.47
1
 
                   MAX
            TOTAL  SIM                MAXIMUM CPS                   CONNECT
 DATE  HOUR USERS USERS            IN         OUT       TOTAL         HOURS
 
 
 940427   1     2     2          0.30        6.00        6.30          0.73
 940427   2     5     3         61.45      942.45     1003.90          0.80
 940427   3     1     1          1.57       32.65       34.22          0.73
 940427   4     2     2          2.58       93.67       96.25          1.02
 940427   5     1     1          1.02       61.02       62.03          0.22
 940427   6     0     0          0.00        0.00        0.00          0.00
 940427   7     0     0          0.00        0.00        0.00          0.00
 940427   8     0     0          0.00        0.00        0.00          0.00
 940427   9     0     0          0.00        0.00        0.00          0.00
 940427  10     1     1          0.87       37.12       37.98          0.10
 940427  11     9     4          8.63      140.57      149.20          1.00
 940427  12    28    18         45.83     1046.93     1092.77         11.80
 940427  13    42    24         50.20     1213.80     1264.00         18.93
 940427  14    42    26         49.30     1109.43     1158.73         19.80
 940427  15    53    34         40.58      728.53      761.60         27.87
 940427  16    58    32         35.80      640.07      668.13         27.17
 940427  17    43    30         33.70      575.97      609.67         24.27
 940427  18    64    36         49.30     1095.07     1144.37         27.73
 940427  19    62    40         34.23      821.87      855.03         34.10
 940427  20    79    36         44.10      895.70      931.83         26.80
 940427  21    33    22         19.67      545.20      559.50         12.32
 940427  22    40    14         43.53      735.33      775.93         10.80
 940427  23    34    18         29.67      772.47      802.13         12.67
 940427  24    26    18         37.80      885.73      923.53          9.43
1
 
                   MAX
            TOTAL  SIM                MAXIMUM CPS                   CONNECT
 DATE  HOUR USERS USERS            IN         OUT       TOTAL         HOURS
 
 
 940428   1     8     6          4.97      110.33      115.30          0.17
 940428   2     0     0          0.00        0.00        0.00          0.00
 940428   3     0     0          0.00        0.00        0.00          0.00
 940428   4     1     1          0.10       22.53       22.63          0.03
 940428   5     3     2          1.93       32.35       34.28          0.20
 940428   6     2     1          0.43       21.15       21.38          0.13
 940428   7     0     0          0.00        0.00        0.00          0.00
 940428   8     0     0          0.00        0.00        0.00          0.00
 940428   9     0     0          0.00        0.00        0.00          0.00
 940428  10     0     0          0.00        0.00        0.00          0.00
 940428  11    10    10         10.63      313.73      324.37          2.60
 940428  12    26    16         12.30      434.60      446.90          9.93
 940428  13    24    16         16.93      450.03      466.97         12.77
 940428  14    42    24         38.13      901.20      939.33         15.07
 940428  15    38    20         28.77      750.30      779.07         15.43
 940428  16    48    30         33.47     1044.17     1077.63         23.17
 940428  17    45    30         30.30     1283.43     1313.73         23.75
 940428  18    58    40         47.13      990.57     1020.53         31.23
 940428  19    61    34         54.80     1027.30     1082.10         28.93
 940428  20    32    22         35.87      638.13      674.00         15.60
 940428  21    29    14         47.07     1042.83     1089.90          9.60
 940428  22    26    10         30.53      509.03      530.33          7.12
 940428  23    16     8         21.30      509.03      530.33          6.60
 940428  24    18    10         18.03      422.63      440.67          5.60
1
 
                   MAX
            TOTAL  SIM                MAXIMUM CPS                   CONNECT
 DATE  HOUR USERS USERS            IN         OUT       TOTAL         HOURS
 
 
 940429   1     5     2         60.83      922.23      983.07          0.25
 940429   2     2     2          1.50       44.73       46.23          0.33
 940429   3     0     0          0.00        0.00        0.00          0.00
 940429   4     0     0          0.00        0.00        0.00          0.00
 940429   5     0     0          0.00        0.00        0.00          0.00
 940429   6     0     0          0.00        0.00        0.00          0.00
 940429   7     0     0          0.00        0.00        0.00          0.00
 940429   8     0     0          0.00        0.00        0.00          0.00
 940429   9     0     0          0.00        0.00        0.00          0.00
 940429  10     0     0          0.00        0.00        0.00          0.00
 940429  11     6     6          9.17      351.20      360.37          0.90
 940429  12    22    10         19.20      290.93      308.33          6.63
 940429  13    28    14         31.83      717.87      749.70         11.03
 940429  14    22    14         32.70      739.33      772.03         13.47
 940429  15    34    18         32.70      739.33      772.03         15.60
 940429  16    50    24         53.50      704.77      758.27         16.37
 940429  17    32    28         41.10      740.50      781.60         19.20
 940429  18    54    30         44.70      806.00      849.03         26.00
 940429  19    36    26         47.10      506.23      544.90         23.20
 940429  20    28    24         34.53      524.87      559.40         22.43
 940429  21    22    18         30.60      418.73      449.33         10.97
 940429  22    10     8         12.03      146.73      158.77          3.43
 940429  23     6     4         12.37      267.80      280.17          2.23
 940429  24     5     2         30.62      667.73      698.35          0.23
1     MAXIMUM OF MAXIMUM SIMULTANEOUS USERS
 
 
                   MAX
            TOTAL  SIM                MAXIMUM CPS                   CONNECT
 DATE  HOUR USERS USERS            IN         OUT       TOTAL         HOURS
 
 940427  19    62    40         34.23      821.87      855.03         34.10
 
 
     MAXIMUM OF CONNECT HOURS
 
 
                   MAX
            TOTAL  SIM                MAXIMUM CPS                   CONNECT
 DATE  HOUR USERS USERS            IN         OUT       TOTAL         HOURS
 
 940427  19    62    40         34.23      821.87      855.03         34.10
1
  