1
 
                   MAX
            TOTAL  SIM                MAXIMUM CPS                   CONNECT
 DATE  HOUR USERS USERS            IN         OUT       TOTAL         HOURS
 
 
 940328   1     0     0          0.00        0.00        0.00          0.00
 940328   2     0     0          0.00        0.00        0.00          0.00
 940328   3     0     0          0.00        0.00        0.00          0.00
 940328   4     0     0          0.00        0.00        0.00          0.00
 940328   5     0     0          0.00        0.00        0.00          0.00
 940328   6     0     0          0.00        0.00        0.00          0.00
 940328   7     0     0          0.00        0.00        0.00          0.00
 940328   8     0     0          0.00        0.00        0.00          0.00
 940328   9     0     0          0.00        0.00        0.00          0.00
 940328  10     2     1          0.37        9.03        9.35          0.23
 940328  11     0     0          0.00        0.00        0.00          0.00
 940328  12     0     0          0.00        0.00        0.00          0.00
 940328  13     0     0          0.00        0.00        0.00          0.00
 940328  14     4     2         17.50      108.32      125.82          0.78
 940328  15     2     2          8.02      342.93      350.95          0.70
 940328  16     4     2          9.25       54.92       64.17          0.72
 940328  17     4     4         23.18      134.60      157.78          2.78
 940328  18     3     2          6.95       51.17       58.12          0.92
 940328  19     0     0          0.00        0.00        0.00          0.00
 940328  20     1     1          9.20       53.60       62.80          0.35
 940328  21     3     2         13.53      272.77      286.30          1.08
 940328  22     1     1          4.25       24.68       28.93          1.00
 940328  23     3     3         11.55       81.73       93.28          1.02
 940328  24     0     0          0.00        0.00        0.00          0.00
1
 
                   MAX
            TOTAL  SIM                MAXIMUM CPS                   CONNECT
 DATE  HOUR USERS USERS            IN         OUT       TOTAL         HOURS
 
 
 940329   1     0     0          0.00        0.00        0.00          0.00
 940329   2     1     1          6.68       39.30       45.98          0.45
 940329   3     1     1          6.68       39.30       45.98          0.48
 940329   4     1     1          6.60       77.23       83.83          0.07
 940329   5     0     0          0.00        0.00        0.00          0.00
 940329   6     0     0          0.00        0.00        0.00          0.00
 940329   7     0     0          0.00        0.00        0.00          0.00
 940329   8     0     0          0.00        0.00        0.00          0.00
 940329   9     0     0          0.00        0.00        0.00          0.00
 940329  10     0     0          0.00        0.00        0.00          0.00
 940329  11     0     0          0.00        0.00        0.00          0.00
 940329  12     0     0          0.00        0.00        0.00          0.00
 940329  13     1     1          2.70       14.67       17.37          0.13
 940329  14     3     3         10.72      153.52      164.23          1.50
 940329  15    12     4         12.98      217.92      229.88          1.83
 940329  16     3     2          7.83      149.73      151.33          0.70
 940329  17     2     1          3.98       29.05       33.03          0.68
 940329  18     2     2          4.07       36.60       40.67          1.12
 940329  19     5     3         15.62      363.92      379.45          1.78
 940329  20     5     4         25.23      161.38      183.65          3.22
 940329  21     6     3         18.17      119.72      137.88          2.15
 940329  22     7     4         15.25       70.12       85.37          1.63
 940329  23     2     1          0.73       21.75       22.48          0.03
 940329  24     1     1          7.72       66.18       73.90          0.13
1
 
                   MAX
            TOTAL  SIM                MAXIMUM CPS                   CONNECT
 DATE  HOUR USERS USERS            IN         OUT       TOTAL         HOURS
 
 
 940330   1     1     1          1.05       18.92       19.97          0.13
 940330   2     0     0          0.00        0.00        0.00          0.00
 940330   3     0     0          0.00        0.00        0.00          0.00
 940330   4     0     0          0.00        0.00        0.00          0.00
 940330   5     0     0          0.00        0.00        0.00          0.00
 940330   6     0     0          0.00        0.00        0.00          0.00
 940330   7     0     0          0.00        0.00        0.00          0.00
 940330   8     0     0          0.00        0.00        0.00          0.00
 940330   9     0     0          0.00        0.00        0.00          0.00
 940330  10     0     0          0.00        0.00        0.00          0.00
 940330  11     0     0          0.00        0.00        0.00          0.00
 940330  12     0     0          0.00        0.00        0.00          0.00
 940330  13     0     0          0.00        0.00        0.00          0.00
 940330  14     0     0          0.00        0.00        0.00          0.00
 940330  15     3     2          1.07        9.90       10.95          1.07
 940330  16     3     3          2.83       26.43       29.27          1.70
 940330  17     1     1          0.87        6.18        7.05          0.33
 940330  18     2     2         14.17      138.15      152.32          0.45
 940330  19     3     3         15.87      153.37      169.23          2.22
 940330  20     3     3         15.87      153.37      169.23          1.72
 940330  21     4     3          9.08       64.92       74.00          1.67
 940330  22     7     5         19.18      169.40      188.58          2.40
 940330  23     4     2          9.68      102.47      112.15          0.55
 940330  24     2     2          8.33       69.25       77.58          0.90
1
 
                   MAX
            TOTAL  SIM                MAXIMUM CPS                   CONNECT
 DATE  HOUR USERS USERS            IN         OUT       TOTAL         HOURS
 
 
 940331   1     1     1          4.02       35.05       39.07          0.08
 940331   2     0     0          0.00        0.00        0.00          0.00
 940331   3     0     0          0.00        0.00        0.00          0.00
 940331   4     0     0          0.00        0.00        0.00          0.00
 940331   5     0     0          0.00        0.00        0.00          0.00
 940331   6     0     0          0.00        0.00        0.00          0.00
 940331   7     0     0          0.00        0.00        0.00          0.00
 940331   8     0     0          0.00        0.00        0.00          0.00
 940331   9     0     0          0.00        0.00        0.00          0.00
 940331  10     0     0          0.00        0.00        0.00          0.00
 940331  11     0     0          0.00        0.00        0.00          0.00
 940331  12     0     0          0.00        0.00        0.00          0.00
 940331  13     0     0          0.00        0.00        0.00          0.00
 940331  14     0     0          0.00        0.00        0.00          0.00
 940331  15     6     4         11.60      101.82      113.42          2.85
 940331  16     7     4          9.23       80.07       89.30          2.98
 940331  17     5     4         14.37      106.17      120.53          2.72
 940331  18     3     2          7.70       63.12       70.40          1.27
 940331  19     4     3         11.50      102.35      113.85          2.20
 940331  20     8     6         16.20      215.35      231.55          4.20
 940331  21    10     5          9.00      196.70      204.20          3.60
 940331  22    10     5          7.75      119.90      127.65          3.25
 940331  23     2     2          3.68       97.20      100.88          0.87
 940331  24     2     1          9.33       69.12       74.10          0.15
1
 
                   MAX
            TOTAL  SIM                MAXIMUM CPS                   CONNECT
 DATE  HOUR USERS USERS            IN         OUT       TOTAL         HOURS
 
 
 940401   1     0     0          0.00        0.00        0.00          0.00
 940401   2     0     0          0.00        0.00        0.00          0.00
 940401   3     0     0          0.00        0.00        0.00          0.00
 940401   4     0     0          0.00        0.00        0.00          0.00
 940401   5     0     0          0.00        0.00        0.00          0.00
 940401   6     0     0          0.00        0.00        0.00          0.00
 940401   7     0     0          0.00        0.00        0.00          0.00
 940401   8     0     0          0.00        0.00        0.00          0.00
 940401   9     0     0          0.00        0.00        0.00          0.00
 940401  10     0     0          0.00        0.00        0.00          0.00
 940401  11     0     0          0.00        0.00        0.00          0.00
 940401  12     0     0          0.00        0.00        0.00          0.00
 940401  13     0     0          0.00        0.00        0.00          0.00
 940401  14     1     1          4.58       35.53       40.12          0.02
 940401  15     7     3         13.70      510.40      524.10          1.60
 940401  16     6     4         11.82      321.45      333.27          3.07
 940401  17    10     6         44.97      527.18      572.15          3.58
 940401  18     3     3          5.88       45.22       51.10          2.12
 940401  19     4     2          2.85       20.55       23.40          0.30
 940401  20     7     4         16.93      116.20      133.13          1.55
 940401  21     3     2          7.98       50.03       58.02          0.72
 940401  22     2     2          5.35       39.95       45.30          0.77
 940401  23     3     2          5.35       39.95       45.30          1.15
 940401  24     0     0          0.00        0.00        0.00          0.00
1     MAXIMUM OF MAXIMUM SIMULTANEOUS USERS
 
 
                   MAX
            TOTAL  SIM                MAXIMUM CPS                   CONNECT
 DATE  HOUR USERS USERS            IN         OUT       TOTAL         HOURS
 
 940331  20     8     6         16.20      215.35      231.55          4.20
 
 
     MAXIMUM OF CONNECT HOURS
 
 
                   MAX
            TOTAL  SIM                MAXIMUM CPS                   CONNECT
 DATE  HOUR USERS USERS            IN         OUT       TOTAL         HOURS
 
 940331  20     8     6         16.20      215.35      231.55          4.20
1
  