1
 
                   MAX
            TOTAL  SIM                MAXIMUM CPS                   CONNECT
 DATE  HOUR USERS USERS            IN         OUT       TOTAL         HOURS
 
 
 940613   1     1     1          0.00        0.00        0.00          1.00
 940613   2     1     1          0.00        0.00        0.00          1.00
 940613   3     1     1          0.00        0.00        0.00          1.00
 940613   4     1     1          0.00        0.00        0.00          1.00
 940613   5     1     1          0.00        0.00        0.00          1.00
 940613   6     1     1          0.00        0.00        0.00          1.00
 940613   7     1     1          0.00        0.00        0.00          1.00
 940613   8     1     1          0.00        0.00        0.00          1.00
 940613   9     1     1          0.00        0.00        0.00          1.00
 940613  10     1     1          0.00        0.00        0.00          1.00
 940613  11     2     2          0.00        0.00        0.00          1.02
 940613  12     1     1          0.00        0.00        0.00          1.00
 940613  13     1     1          0.00        0.00        0.00          1.00
 940613  14     1     1          0.00        0.00        0.00          1.00
 940613  15     1     1          0.00        0.00        0.00          1.00
 940613  16     1     1          0.00        0.00        0.00          1.00
 940613  17     1     1          0.00        0.00        0.00          1.00
 940613  18     1     1          0.00        0.00        0.00          1.00
 940613  19     1     1          0.00        0.00        0.00          1.00
 940613  20     1     1          0.00        0.00        0.00          1.00
 940613  21     1     1          0.00        0.00        0.00          1.00
 940613  22     1     1          0.00        0.00        0.00          1.00
 940613  23     1     1          0.00        0.00        0.00          1.00
 940613  24     1     1          0.00        0.00        0.00          0.98
1
 
                   MAX
            TOTAL  SIM                MAXIMUM CPS                   CONNECT
 DATE  HOUR USERS USERS            IN         OUT       TOTAL         HOURS
 
 
 940614   1     1     1          0.00        0.00        0.00          1.00
 940614   2     1     1          0.00        0.00        0.00          1.00
 940614   3     1     1          0.00        0.00        0.00          1.00
 940614   4     1     1          0.00        0.00        0.00          1.00
 940614   5     1     1          0.00        0.00        0.00          1.00
 940614   6     1     1          0.00        0.00        0.00          1.00
 940614   7     1     1          0.00        0.00        0.00          1.00
 940614   8     1     1          0.00        0.00        0.00          1.00
 940614   9     1     1          0.00        0.00        0.00          1.00
 940614  10     1     1          0.00        0.00        0.00          1.00
 940614  11     1     1          0.00        0.00        0.00          1.00
 940614  12     1     1          0.00        0.00        0.00          1.00
 940614  13     1     1          0.00        0.00        0.00          1.00
 940614  14     1     1          0.00        0.00        0.00          1.00
 940614  15     1     1          0.00        0.00        0.00          1.00
 940614  16     1     1          0.00        0.00        0.00          1.00
 940614  17     1     1          0.00        0.00        0.00          1.00
 940614  18     1     1          0.00        0.00        0.00          1.00
 940614  19     1     1          0.00        0.00        0.00          1.00
 940614  20     1     1          0.00        0.00        0.00          1.00
 940614  21     1     1          0.00        0.00        0.00          1.00
 940614  22     1     1          0.00        0.00        0.00          1.00
 940614  23     1     1          0.00        0.00        0.00          1.00
 940614  24     1     1          0.00        0.00        0.00          0.98
1
 
                   MAX
            TOTAL  SIM                MAXIMUM CPS                   CONNECT
 DATE  HOUR USERS USERS            IN         OUT       TOTAL         HOURS
 
 
 940615   1     1     1          0.00        0.00        0.00          1.00
 940615   2     1     1          0.00        0.00        0.00          1.00
 940615   3     1     1          0.00        0.00        0.00          1.00
 940615   4     1     1          0.00        0.00        0.00          1.00
 940615   5     1     1          0.00        0.00        0.00          1.00
 940615   6     1     1          0.00        0.00        0.00          1.00
 940615   7     1     1          0.00        0.00        0.00          1.00
 940615   8     1     1          0.00        0.00        0.00          1.00
 940615   9     1     1          0.00        0.00        0.00          1.00
 940615  10     1     1          0.00        0.00        0.00          1.00
 940615  11     1     1          0.00        0.00        0.00          1.00
 940615  12     1     1          0.00        0.00        0.00          1.00
 940615  13     1     1          0.00        0.00        0.00          1.00
 940615  14     1     1          0.00        0.00        0.00          1.00
 940615  15     1     1          0.00        0.00        0.00          1.00
 940615  16     1     1          0.00        0.00        0.00          1.00
 940615  17     1     1          0.00        0.00        0.00          1.00
 940615  18     1     1          0.00        0.00        0.00          1.00
 940615  19     1     1          0.00        0.00        0.00          1.00
 940615  20     1     1          0.00        0.00        0.00          1.00
 940615  21     1     1          0.00        0.00        0.00          1.00
 940615  22     2     1          0.00        0.00        0.00          0.75
 940615  23     1     1          0.00        0.00        0.00          1.00
 940615  24     1     1          0.00        0.00        0.00          0.98
1
 
                   MAX
            TOTAL  SIM                MAXIMUM CPS                   CONNECT
 DATE  HOUR USERS USERS            IN         OUT       TOTAL         HOURS
 
 
 940616   1     1     1          0.00        0.00        0.00          0.27
 940616   2     0     0          0.00        0.00        0.00          0.00
 940616   3     0     0          0.00        0.00        0.00          0.00
 940616   4     0     0          0.00        0.00        0.00          0.00
 940616   5     0     0          0.00        0.00        0.00          0.00
 940616   6     0     0          0.00        0.00        0.00          0.00
 940616   7     0     0          0.00        0.00        0.00          0.00
 940616   8     0     0          0.00        0.00        0.00          0.00
 940616   9     0     0          0.00        0.00        0.00          0.00
 940616  10     0     0          0.00        0.00        0.00          0.00
 940616  11     0     0          0.00        0.00        0.00          0.00
 940616  12     0     0          0.00        0.00        0.00          0.00
 940616  13     0     0          0.00        0.00        0.00          0.00
 940616  14     0     0          0.00        0.00        0.00          0.00
 940616  15     0     0          0.00        0.00        0.00          0.00
 940616  16     0     0          0.00        0.00        0.00          0.00
 940616  17     0     0          0.00        0.00        0.00          0.00
 940616  18     0     0          0.00        0.00        0.00          0.00
 940616  19     0     0          0.00        0.00        0.00          0.00
 940616  20     0     0          0.00        0.00        0.00          0.00
 940616  21     0     0          0.00        0.00        0.00          0.00
 940616  22     0     0          0.00        0.00        0.00          0.00
 940616  23     0     0          0.00        0.00        0.00          0.00
 940616  24     0     0          0.00        0.00        0.00          0.00
1
 
                   MAX
            TOTAL  SIM                MAXIMUM CPS                   CONNECT
 DATE  HOUR USERS USERS            IN         OUT       TOTAL         HOURS
 
 
 940617   1     0     0          0.00        0.00        0.00          0.00
 940617   2     0     0          0.00        0.00        0.00          0.00
 940617   3     0     0          0.00        0.00        0.00          0.00
 940617   4     0     0          0.00        0.00        0.00          0.00
 940617   5     0     0          0.00        0.00        0.00          0.00
 940617   6     0     0          0.00        0.00        0.00          0.00
 940617   7     0     0          0.00        0.00        0.00          0.00
 940617   8     0     0          0.00        0.00        0.00          0.00
 940617   9     0     0          0.00        0.00        0.00          0.00
 940617  10     0     0          0.00        0.00        0.00          0.00
 940617  11     0     0          0.00        0.00        0.00          0.00
 940617  12     0     0          0.00        0.00        0.00          0.00
 940617  13     0     0          0.00        0.00        0.00          0.00
 940617  14     0     0          0.00        0.00        0.00          0.00
 940617  15     0     0          0.00        0.00        0.00          0.00
 940617  16     0     0          0.00        0.00        0.00          0.00
 940617  17     0     0          0.00        0.00        0.00          0.00
 940617  18     0     0          0.00        0.00        0.00          0.00
 940617  19     0     0          0.00        0.00        0.00          0.00
 940617  20     0     0          0.00        0.00        0.00          0.00
 940617  21     0     0          0.00        0.00        0.00          0.00
 940617  22     0     0          0.00        0.00        0.00          0.00
 940617  23     0     0          0.00        0.00        0.00          0.00
 940617  24     0     0          0.00        0.00        0.00          0.00
1     MAXIMUM OF MAXIMUM SIMULTANEOUS USERS
 
 
                   MAX
            TOTAL  SIM                MAXIMUM CPS                   CONNECT
 DATE  HOUR USERS USERS            IN         OUT       TOTAL         HOURS
 
 940613  11     2     2          0.00        0.00        0.00          1.02
 
 
     MAXIMUM OF CONNECT HOURS
 
 
                   MAX
            TOTAL  SIM                MAXIMUM CPS                   CONNECT
 DATE  HOUR USERS USERS            IN         OUT       TOTAL         HOURS
 
 940613  11     2     2          0.00        0.00        0.00          1.02
1
  