1
 
                   MAX
            TOTAL  SIM                MAXIMUM CPS                   CONNECT
 DATE  HOUR USERS USERS            IN         OUT       TOTAL         HOURS
 
 
 940613   1     3     3          0.00        0.00        0.00          3.00
 940613   2     3     3          0.00        0.00        0.00          3.00
 940613   3     3     3          0.00        0.00        0.00          3.00
 940613   4     3     3          0.00        0.00        0.00          3.00
 940613   5     3     3          0.00        0.00        0.00          3.00
 940613   6     3     3          0.00        0.00        0.00          3.00
 940613   7     5     4          0.23        0.23        0.47          3.40
 940613   8    16     8          2.63        1.40        4.03          4.20
 940613   9     4     4          0.17        0.00        0.17          4.00
 940613  10     4     4          0.17        0.00        0.17          4.00
 940613  11     5     5         38.42        3.03       41.45          4.02
 940613  12     5     5          0.85       20.37       21.22          4.67
 940613  13    27    20        181.55       92.30      266.55          7.27
 940613  14    27    13        428.30      143.60      524.28         11.15
 940613  15    32    13        592.82      143.80      735.90         11.90
 940613  16    42    13        476.52      167.58      620.72         11.42
 940613  17    44    12        312.05      152.50      464.55         11.03
 940613  18    27    12        401.27      152.90      554.17         10.82
 940613  19    21    12        240.65      152.10      390.33         10.80
 940613  20    43    13        422.40      155.73      578.13         11.22
 940613  21    42    12        302.95      152.50      455.45         10.90
 940613  22    47    13        364.80      144.10      505.05         11.02
 940613  23    41    12        308.72      141.47      450.18         10.83
 940613  24    13    11          3.43      135.03      138.47          9.22
1
 
                   MAX
            TOTAL  SIM                MAXIMUM CPS                   CONNECT
 DATE  HOUR USERS USERS            IN         OUT       TOTAL         HOURS
 
 
 940614   1     7     7          1.68       52.78       54.47          4.65
 940614   2     4     4          0.08        0.00        0.08          4.00
 940614   3     4     4          0.08        0.00        0.08          4.00
 940614   4     4     4          0.08        0.00        0.08          3.18
 940614   5     3     3          0.08        0.00        0.08          2.98
 940614   6     2     2          0.08        0.00        0.08          2.00
 940614   7     2     2          0.08        0.00        0.08          2.00
 940614   8     2     2          0.08        0.00        0.08          2.00
 940614   9     2     2          0.08        0.00        0.08          2.00
 940614  10    14     5          1.93        1.05        2.98          2.22
 940614  11     3     3        193.87        0.07      193.93          2.17
 940614  12     4     4        194.67       33.25      227.92          3.15
 940614  13    11     9        385.75      140.15      525.32          7.93
 940614  14    32    11        410.30      162.43      564.60          9.18
 940614  15    38    11        300.03      152.30      448.28          8.75
 940614  16    48    10        301.03      200.63      490.23          9.07
 940614  17    42    10        426.47      189.20      614.55          9.28
 940614  18    51    11        401.73      191.83      591.33          9.23
 940614  19    46    11        322.95      193.57      510.73          9.07
 940614  20    48    10        345.43      171.58      498.15          8.27
 940614  21    40     9        264.38      162.80      427.18          7.82
 940614  22    42    10        401.45      207.82      605.93          9.08
 940614  23    39    10        359.52      208.02      567.53          8.70
 940614  24    26     8        173.97      181.18      352.32          5.43
1
 
                   MAX
            TOTAL  SIM                MAXIMUM CPS                   CONNECT
 DATE  HOUR USERS USERS            IN         OUT       TOTAL         HOURS
 
 
 940615   1     3     3          0.83       29.42       30.25          2.07
 940615   2     1     1          0.00        0.00        0.00          1.00
 940615   3     1     1          0.00        0.00        0.00          1.00
 940615   4     1     1          0.00        0.00        0.00          1.00
 940615   5     1     1          0.00        0.00        0.00          1.00
 940615   6     1     1          0.00        0.00        0.00          1.00
 940615   7     1     1          0.00        0.00        0.00          1.00
 940615   8    18     6          2.70        1.40        4.10          1.87
 940615   9     6     5          2.08        1.05        3.13          2.07
 940615  10     2     2          0.23        0.00        0.23          2.00
 940615  11     2     2          0.23        0.00        0.23          2.00
 940615  12     2     2          0.23        0.00        0.23          2.00
 940615  13    11     9        415.53      115.03      529.43          6.83
 940615  14    33    10        508.97      197.82      625.82          8.68
 940615  15    37    11        450.67      148.78      594.92          9.15
 940615  16    41    11        246.23      154.15      400.38          8.87
 940615  17    44    11        369.20      169.45      520.92          9.02
 940615  18    40    11        377.00      143.53      520.53          9.87
 940615  19    38    11        339.33      143.33      482.67         10.00
 940615  20    44    12        286.50      145.97      429.83          9.90
 940615  21    38    11        441.25      142.93      582.45          8.93
 940615  22    45    10        231.95      353.90      533.73          8.37
 940615  23    11     9        145.33      194.20      339.53          8.15
 940615  24    10     8         36.42      203.80      226.53          6.47
1
 
                   MAX
            TOTAL  SIM                MAXIMUM CPS                   CONNECT
 DATE  HOUR USERS USERS            IN         OUT       TOTAL         HOURS
 
 
 940616   1     5     4          0.75       34.33       35.08          3.83
 940616   2     4     4          0.75       34.33       35.08          3.17
 940616   3     3     3          0.65       30.02       30.67          1.30
 940616   4     1     1          0.00        0.00        0.00          1.00
 940616   5     1     1          0.00        0.00        0.00          1.00
 940616   6     1     1          0.00        0.00        0.00          1.00
 940616   7     1     1          0.00        0.00        0.00          1.00
 940616   8    14     5          2.02        1.05        3.07          2.02
 940616   9     2     2          0.17        0.00        0.17          2.00
 940616  10     2     2          0.17        0.00        0.17          2.00
 940616  11     2     2          0.17        0.00        0.17          2.00
 940616  12     6     5          2.18       71.10       73.28          2.35
 940616  13    18     8        213.83      120.88      334.72          6.92
 940616  14    14    10        436.45      126.42      557.78          8.28
 940616  15    35    11        347.12      152.47      499.58          8.48
 940616  16    33    10        348.33      153.72      500.30          8.30
 940616  17    31    11        279.78      277.20      438.88          8.47
 940616  18    39    12        603.38      113.88      712.52          9.80
 940616  19    41    11        348.87      112.85      461.72          8.85
 940616  20    35    11        355.60      114.88      468.25          9.38
 940616  21    41    10        211.38      112.05      322.12          8.23
 940616  22    41    14        267.37      440.87      643.45          7.78
 940616  23    34     9        380.82      477.95      796.75          6.60
 940616  24    13     8        305.27      369.07      674.33          4.32
1
 
                   MAX
            TOTAL  SIM                MAXIMUM CPS                   CONNECT
 DATE  HOUR USERS USERS            IN         OUT       TOTAL         HOURS
 
 
 940617   1     2     2          0.35        8.83        9.18          2.00
 940617   2     2     2          0.35        8.83        9.18          2.00
 940617   3     2     2          0.35        8.83        9.18          1.03
 940617   4     1     1          0.00        0.02        0.02          0.35
 940617   5     0     0          0.00        0.00        0.00          0.00
 940617   6     0     0          0.00        0.00        0.00          0.00
 940617   7     0     0          0.00        0.00        0.00          0.00
 940617   8     5     3          1.45        0.70        2.15          0.57
 940617   9     1     1          0.22        0.00        0.22          1.00
 940617  10     5     4          2.07        1.05        3.12          1.07
 940617  11     1     1          0.22        0.00        0.22          1.00
 940617  12     2     2        203.48        0.12      203.60          1.08
 940617  13    12     8        577.53      103.23      680.63          6.27
 940617  14    42    10        549.72      129.78      657.43          7.30
 940617  15    38    10        566.23      135.60      694.88          8.18
 940617  16    36     9        432.88      132.97      565.85          7.92
 940617  17    43    10        291.28      135.20      423.85          8.03
 940617  18    40     9        328.38      132.37      460.42          7.35
 940617  19    37     8        270.35      131.83      400.87          6.87
 940617  20    39     9        256.70      195.73      393.72          6.85
 940617  21    32     8        268.43      153.08      402.97          6.82
 940617  22    29     8        303.95      153.68      457.63          6.63
 940617  23    34     9        291.65      153.68      445.33          6.50
 940617  24    13     6         64.42      185.87      246.55          3.58
1     MAXIMUM OF MAXIMUM SIMULTANEOUS USERS
 
 
                   MAX
            TOTAL  SIM                MAXIMUM CPS                   CONNECT
 DATE  HOUR USERS USERS            IN         OUT       TOTAL         HOURS
 
 940613  13    27    20        181.55       92.30      266.55          7.27
 
 
     MAXIMUM OF CONNECT HOURS
 
 
                   MAX
            TOTAL  SIM                MAXIMUM CPS                   CONNECT
 DATE  HOUR USERS USERS            IN         OUT       TOTAL         HOURS
 
 940613  15    32    13        592.82      143.80      735.90         11.90
1
  