1
 
                   MAX
            TOTAL  SIM                MAXIMUM CPS                   CONNECT
 DATE  HOUR USERS USERS            IN         OUT       TOTAL         HOURS
 
 
 940613   1     0     0          0.00        0.00        0.00          0.00
 940613   2     0     0          0.00        0.00        0.00          0.00
 940613   3     0     0          0.00        0.00        0.00          0.00
 940613   4     0     0          0.00        0.00        0.00          0.00
 940613   5     0     0          0.00        0.00        0.00          0.00
 940613   6     0     0          0.00        0.00        0.00          0.00
 940613   7    58    44         20.98      658.12      679.10         17.32
 940613   8   179    77         42.23     1122.62     1160.55         63.62
 940613   9   322    86         54.37     1283.87     1330.62         67.63
 940613  10   161    76         46.88     1080.18     1122.50         65.72
 940613  11   137    74         47.62     1227.00     1274.62         65.18
 940613  12    67    63         36.02      952.45      988.47         47.47
 940613  13    46    43         21.42      645.93      667.35         41.12
 940613  14    54    45         28.67      721.52      750.18         43.47
 940613  15    58    47         35.45     1150.55     1183.33         45.10
 940613  16    71    46         24.73      705.17      729.90         35.43
 940613  17    15    11          5.88       47.40       53.28          2.75
 940613  18     5     3          1.32       12.50       13.82          2.22
 940613  19     2     2          0.18       10.87       11.05          1.63
 940613  20     1     1          0.03        1.08        1.12          0.08
 940613  21     0     0          0.00        0.00        0.00          0.00
 940613  22     0     0          0.00        0.00        0.00          0.00
 940613  23     0     0          0.00        0.00        0.00          0.00
 940613  24     1     1          0.27       67.95       68.22          0.13
1
 
                   MAX
            TOTAL  SIM                MAXIMUM CPS                   CONNECT
 DATE  HOUR USERS USERS            IN         OUT       TOTAL         HOURS
 
 
 940614   1     0     0          0.00        0.00        0.00          0.00
 940614   2     0     0          0.00        0.00        0.00          0.00
 940614   3     0     0          0.00        0.00        0.00          0.00
 940614   4     1     1          1.00        1.25        2.25          0.07
 940614   5     0     0          0.00        0.00        0.00          0.00
 940614   6     2     2          0.20       13.08       13.28          0.20
 940614   7    61    48         29.10      717.02      746.12         20.45
 940614   8    76    66         39.35      885.17      920.38         61.28
 940614   9    77    68         35.37      834.50      869.87         64.22
 940614  10    82    70         36.32      851.05      884.30         64.33
 940614  11    95    71         36.88      826.37      858.15         64.00
 940614  12    72    64         34.40      881.62      916.02         61.57
 940614  13    99    76         43.55      918.63      954.32         64.07
 940614  14    74    64         36.05     1002.48     1038.53         61.02
 940614  15    65    59         35.40      921.05      956.45         57.85
 940614  16    84    60         28.07      806.03      833.05         48.10
 940614  17    39    29         13.73      288.38      302.12         11.75
 940614  18    10     8          2.62       62.32       64.93          5.32
 940614  19    12     5         37.25       87.88      125.13          3.75
 940614  20     4     4         20.72       18.60       39.32          3.18
 940614  21     3     3         20.48        7.93       28.42          3.00
 940614  22     3     3         20.48        7.93       28.42          1.58
 940614  23     2     1         20.42        5.03       22.70          0.47
 940614  24     1     1          0.05        5.03        5.08          0.25
1
 
                   MAX
            TOTAL  SIM                MAXIMUM CPS                   CONNECT
 DATE  HOUR USERS USERS            IN         OUT       TOTAL         HOURS
 
 
 940615   1     4     3          2.37       29.45       31.82          1.17
 940615   2     1     1          0.12       26.27       26.38          0.12
 940615   3     0     0          0.00        0.00        0.00          0.00
 940615   4     1     1          1.00        1.25        2.25          0.07
 940615   5     0     0          0.00        0.00        0.00          0.00
 940615   6     0     0          0.00        0.00        0.00          0.00
 940615   7    68    41         37.97      513.45      547.90         14.65
 940615   8    76    62         36.13      890.05      922.25         55.97
 940615   9   113    74         38.70      851.65      890.35         64.20
 940615  10   175    74         39.33      851.18      888.52         65.73
 940615  11    76    68         35.12      781.22      814.38         63.68
 940615  12    70    63         32.32      700.83      732.77         61.42
 940615  13    79    67         39.57      937.30      972.47         62.97
 940615  14    72    65        274.48      728.97     1003.45         63.32
 940615  15    72    65         32.62      776.95      809.23         61.97
 940615  16    75    58         26.48      606.03      632.52         46.85
 940615  17    40    25         10.75      168.07      178.82          9.75
 940615  18    12     9         62.90       49.13      112.03          6.18
 940615  19     6     5         63.58       49.13      112.03          2.73
 940615  20     1     1         62.57       32.05       94.62          1.00
 940615  21     1     1         62.57       32.05       94.62          1.00
 940615  22     1     1         62.57       32.05       94.62          1.00
 940615  23     1     1         62.57       32.05       94.62          1.00
 940615  24     4     2         64.98      156.98      221.25          1.37
1
 
                   MAX
            TOTAL  SIM                MAXIMUM CPS                   CONNECT
 DATE  HOUR USERS USERS            IN         OUT       TOTAL         HOURS
 
 
 940616   1     1     1         62.57       32.05       94.62          1.00
 940616   2     1     1         62.57       32.05       94.62          1.00
 940616   3     1     1         62.57       32.05       94.62          1.00
 940616   4     1     1         62.57       32.05       94.62          1.00
 940616   5     2     2         63.32       32.98       96.30          1.03
 940616   6     2     2         63.32       32.98       96.30          1.05
 940616   7    55    39         27.85      624.40      648.05         13.97
 940616   8   107    73         42.48      978.85     1021.33         57.18
 940616   9    96    70         33.12      879.82      911.23         64.55
 940616  10    86    67         31.42      917.52      948.30         63.62
 940616  11    69    65         35.87      860.88      895.62         63.57
 940616  12    67    62         32.32      819.80      852.12         60.13
 940616  13    69    65         30.33      710.88      740.18         63.33
 940616  14   116    71         36.65      839.20      871.70         61.33
 940616  15    92    60         42.13      862.45      904.58         56.88
 940616  16    84    59         29.32      665.90      694.15         48.02
 940616  17    39    26         55.97      197.32      208.12         11.83
 940616  18    16    11        265.62      187.33      433.08          6.62
 940616  19     7     7        286.50      105.58      392.08          2.82
 940616  20     1     1         49.73       26.55       76.28          1.00
 940616  21     1     1         49.73       26.55       76.28          1.00
 940616  22     2     2         49.80       28.60       78.40          1.03
 940616  23     1     1         49.73       26.55       76.28          1.00
 940616  24     3     2         49.87       59.78      109.65          1.73
1
 
                   MAX
            TOTAL  SIM                MAXIMUM CPS                   CONNECT
 DATE  HOUR USERS USERS            IN         OUT       TOTAL         HOURS
 
 
 940617   1     2     2         49.73       29.65       79.38          1.08
 940617   2     2     1          0.08       43.48       43.57          0.98
 940617   3     1     1          0.08       43.48       43.57          0.03
 940617   4     0     0          0.00        0.00        0.00          0.00
 940617   5     0     0          0.00        0.00        0.00          0.00
 940617   6     2     1          4.40       29.75       30.48          0.17
 940617   7    52    40         29.13      546.75      575.88         13.82
 940617   8    69    62         43.38      894.47      930.07         57.23
 940617   9   128    78         48.32     1221.60     1266.17         60.23
 940617  10    86    71         35.73      956.33      988.35         63.62
 940617  11   148    78         38.55      816.88      855.43         64.92
 940617  12    67    62         30.58      841.45      872.03         59.47
 940617  13    74    66         34.90      932.17      964.12         63.12
 940617  14    75    63         88.98      832.90      885.73         60.67
 940617  15    71    57         87.50      769.08      856.58         51.05
 940617  16    58    46         30.82      512.07      542.73         41.47
 940617  17    38    31         30.60      373.10      397.25         14.65
 940617  18    14    11         16.25       96.27      112.52          7.67
 940617  19     4     4         11.50       18.12       29.62          2.73
 940617  20     2     2         11.40       10.40       21.80          2.00
 940617  21     2     2         11.40       10.40       21.80          1.10
 940617  22     1     1         11.32        5.65       16.97          1.00
 940617  23     1     1         11.32        5.65       16.97          0.07
 940617  24     0     0          0.00        0.00        0.00          0.00
1     MAXIMUM OF MAXIMUM SIMULTANEOUS USERS
 
 
                   MAX
            TOTAL  SIM                MAXIMUM CPS                   CONNECT
 DATE  HOUR USERS USERS            IN         OUT       TOTAL         HOURS
 
 940613   9   322    86         54.37     1283.87     1330.62         67.63
 
 
     MAXIMUM OF CONNECT HOURS
 
 
                   MAX
            TOTAL  SIM                MAXIMUM CPS                   CONNECT
 DATE  HOUR USERS USERS            IN         OUT       TOTAL         HOURS
 
 940613   9   322    86         54.37     1283.87     1330.62         67.63
1
  