1
 
                   MAX
            TOTAL  SIM                MAXIMUM CPS                   CONNECT
 DATE  HOUR USERS USERS            IN         OUT       TOTAL         HOURS
 
 
 940613   1     0     0          0.00        0.00        0.00          0.00
 940613   2     0     0          0.00        0.00        0.00          0.00
 940613   3     0     0          0.00        0.00        0.00          0.00
 940613   4     0     0          0.00        0.00        0.00          0.00
 940613   5     0     0          0.00        0.00        0.00          0.00
 940613   6     0     0          0.00        0.00        0.00          0.00
 940613   7    13     3        168.77        6.30      172.43          0.67
 940613   8   110     8        510.98       18.80      529.67          3.77
 940613   9   128     9        675.10       21.32      692.87          4.57
 940613  10   111    13       1011.78       27.97     1039.75          5.98
 940613  11   134    14       1510.70       23.45     1533.22          9.27
 940613  12   130    13       1214.68       22.38     1236.57          8.05
 940613  13   108     7        766.48       17.15      779.82          4.05
 940613  14   114    15       1558.43       18.43     1576.37          8.02
 940613  15   141    14       1490.32       19.42     1506.68          7.32
 940613  16   127    11       1257.43       22.58     1280.02          6.18
 940613  17   107     7        921.10       16.07      937.17          4.05
 940613  18    90     6        820.17       12.72      827.93          3.68
 940613  19    80     7        846.07       18.07      854.60          3.60
 940613  20    96     8        807.95       21.72      829.67          3.62
 940613  21    63     5        389.60       15.03      399.28          2.03
 940613  22    77     5        466.78       12.57      478.33          2.28
 940613  23    73     5        328.20       14.85      337.80          1.83
 940613  24    27     4        207.17        9.23      216.17          2.02
1
 
                   MAX
            TOTAL  SIM                MAXIMUM CPS                   CONNECT
 DATE  HOUR USERS USERS            IN         OUT       TOTAL         HOURS
 
 
 940614   1    17     4        290.35        5.90      294.40          2.27
 940614   2     5     3         86.58        5.87       92.45          1.08
 940614   3     1     1          0.08        0.00        0.08          1.00
 940614   4     1     1          0.08        0.00        0.08          1.00
 940614   5     1     1          0.08        0.00        0.08          1.00
 940614   6     1     1          0.08        0.00        0.08          1.00
 940614   7    11     4        143.67        9.10      152.77          1.22
 940614   8   108     9        642.57       25.07      667.63          3.93
 940614   9   124    10       1169.42       20.83     1181.90          5.02
 940614  10   153    17       1437.33       25.98     1453.88          9.42
 940614  11   109    12       1561.27       19.53     1580.80          8.68
 940614  12    84    12       1483.07       17.37     1493.00          9.40
 940614  13   102    12       1529.38       21.57     1543.23          8.25
 940614  14   116    11       1221.63       25.28     1246.92          6.43
 940614  15   115     8        871.10       18.42      883.75          4.25
 940614  16   108     7        768.98       18.93      782.70          4.10
 940614  17    92     7       1030.55       15.30     1045.85          4.12
 940614  18    88     6        760.15       15.48      770.58          3.52
 940614  19    88     6        581.30       18.58      594.50          2.55
 940614  20    90    11       1277.60       31.32     1308.92          2.50
 940614  21    89     5        456.85       15.55      472.40          2.33
 940614  22    85     5        475.62       15.15      486.97          2.42
 940614  23    76     5        468.80       15.57      481.72          2.10
 940614  24    63     4        261.80       11.93      271.23          1.80
1
 
                   MAX
            TOTAL  SIM                MAXIMUM CPS                   CONNECT
 DATE  HOUR USERS USERS            IN         OUT       TOTAL         HOURS
 
 
 940615   1    21     3        179.78        9.00      188.78          0.48
 940615   2     3     1         76.08        3.03       79.02          0.08
 940615   3     1     1          0.25        0.25        0.50          0.20
 940615   4     0     0          0.00        0.00        0.00          0.00
 940615   5     0     0          0.00        0.00        0.00          0.00
 940615   6     0     0          0.00        0.00        0.00          0.00
 940615   7     9     3        233.35        7.72      241.07          0.30
 940615   8   108    14       1449.83       21.45     1467.42          6.52
 940615   9   120    12       1205.17       19.23     1220.95          7.58
 940615  10   120    12       1262.20       24.27     1281.03          7.82
 940615  11   110    11        933.48       21.35      954.83          5.25
 940615  12    67     5        252.18       12.20      264.08          2.62
 940615  13    92    13       1336.03       20.70     1350.27          5.82
 940615  14   120    14        964.32       23.43      986.98          6.20
 940615  15   100    11       1270.88       15.22     1285.85          5.53
 940615  16   100     7        906.72       18.45      918.10          4.07
 940615  17   102     6        597.95       15.25      611.63          3.25
 940615  18    88     7        580.97       18.23      588.65          2.82
 940615  19    81     7        447.12       15.05      457.02          3.45
 940615  20    84     9        934.23       21.85      956.08          3.12
 940615  21    64     6        554.52       14.77      566.82          2.55
 940615  22    73     5        319.72       12.33      332.05          2.83
 940615  23    30     5        224.45       11.70      233.53          1.90
 940615  24    29     4        247.75        9.00      256.75          1.68
1
 
                   MAX
            TOTAL  SIM                MAXIMUM CPS                   CONNECT
 DATE  HOUR USERS USERS            IN         OUT       TOTAL         HOURS
 
 
 940616   1    24     4        288.07        9.20      297.27          1.62
 940616   2     9     3        291.95        6.67      298.62          1.20
 940616   3     2     2        180.58        1.97      182.55          1.02
 940616   4     1     1          0.07        0.00        0.07          1.00
 940616   5     1     1          0.07        0.00        0.07          1.00
 940616   6     1     1          0.07        0.00        0.07          1.00
 940616   7    13     3        120.57        6.07      125.75          1.27
 940616   8   109    13       1471.13       20.73     1478.50          7.58
 940616   9   120    12       1237.15       20.15     1257.30          8.05
 940616  10   140    12       1273.10       25.20     1289.72          7.12
 940616  11    81     7        451.77       18.08      461.87          3.02
 940616  12    61     6        277.65       14.82      292.47          2.83
 940616  13    97    10        684.85       27.88      712.73          3.42
 940616  14    78     8        747.42       16.78      761.37          3.58
 940616  15    79     7        763.63       15.53      773.78          2.57
 940616  16    72    10        988.90       19.65     1008.55          3.25
 940616  17    75    10       1475.93       15.88     1491.82          3.45
 940616  18    98     8        799.15       20.22      811.63          3.55
 940616  19    82     9       1409.13       20.00     1424.88          2.53
 940616  20    84     8        839.65       21.75      861.40          3.33
 940616  21    71     4        601.17       11.83      611.37          1.97
 940616  22    61     4        283.40       12.13      295.53          1.63
 940616  23    68     4        569.53       12.32      579.98          1.98
 940616  24    40     4        416.67       12.53      429.20          1.23
1
 
                   MAX
            TOTAL  SIM                MAXIMUM CPS                   CONNECT
 DATE  HOUR USERS USERS            IN         OUT       TOTAL         HOURS
 
 
 940617   1    32     3        164.92        8.80      173.72          0.78
 940617   2     2     1         55.73        2.93       58.67          0.03
 940617   3     0     0          0.00        0.00        0.00          0.00
 940617   4     1     1        212.43        0.40      212.83          0.15
 940617   5     0     0          0.00        0.00        0.00          0.00
 940617   6     4     4        741.62        0.57      742.18          0.98
 940617   7    19     6        804.20        6.97      807.80          4.03
 940617   8    94    12       1126.35       22.15     1148.50          6.37
 940617   9   106    10        958.03       18.62      976.65          6.87
 940617  10   136    13       1060.83       21.47     1074.03          8.95
 940617  11    88    13        967.35       41.52      997.85          8.98
 940617  12    70    10       1292.42       35.45     1299.22          7.83
 940617  13    98    12       1597.22       19.38     1603.32          8.67
 940617  14   112    11       1305.12       22.23     1327.35          7.17
 940617  15   115    10        925.48       16.85      938.65          6.15
 940617  16    92     9        922.37       19.55      941.92          4.58
 940617  17    82     7        615.17       15.18      630.32          3.63
 940617  18    79     9       1032.60       17.40     1050.00          3.33
 940617  19    71     4        430.45       11.93      440.00          2.25
 940617  20    72     7        966.08       19.20      985.28          2.00
 940617  21    64     4        399.35       12.22      409.27          1.72
 940617  22    57     5        424.38       14.85      434.92          1.55
 940617  23    69     5        543.12       12.03      551.02          2.42
 940617  24    34     4        366.93        9.65      376.58          1.15
1     MAXIMUM OF MAXIMUM SIMULTANEOUS USERS
 
 
                   MAX
            TOTAL  SIM                MAXIMUM CPS                   CONNECT
 DATE  HOUR USERS USERS            IN         OUT       TOTAL         HOURS
 
 940614  10   153    17       1437.33       25.98     1453.88          9.42
 
 
     MAXIMUM OF CONNECT HOURS
 
 
                   MAX
            TOTAL  SIM                MAXIMUM CPS                   CONNECT
 DATE  HOUR USERS USERS            IN         OUT       TOTAL         HOURS
 
 940614  10   153    17       1437.33       25.98     1453.88          9.42
1
  