1
 
                   MAX
            TOTAL  SIM                MAXIMUM CPS                   CONNECT
 DATE  HOUR USERS USERS            IN         OUT       TOTAL         HOURS
 
 
 950123   1     3     3          2.73      126.42      129.15          0.77
 950123   2     6     3          3.38      138.57      141.95          2.00
 950123   3     1     1          1.35       58.85       60.20          0.05
 950123   4     1     1          3.05       44.87       47.92          0.08
 950123   5     3     1          6.30       88.53       94.83          0.10
 950123   6     3     2          3.70       76.40       80.10          0.87
 950123   7     3     1          3.32      137.58      138.18          0.32
 950123   8     1     1          3.88       70.40       74.28          0.03
 950123   9     1     1          0.88      117.43      118.32          0.38
 950123  10     0     0          0.00        0.00        0.00          0.00
 950123  11     0     0          0.00        0.00        0.00          0.00
 950123  12     0     0          0.00        0.00        0.00          0.00
 950123  13     0     0          0.00        0.00        0.00          0.00
 950123  14     3     2          3.55       50.27       53.82          0.48
 950123  15    14     5         19.57      282.13      290.90          2.82
 950123  16    38    13         14.87      525.23      538.57          8.72
 950123  17    66    18         55.97      776.40      803.45         14.57
 950123  18    41    18         18.30      374.50      385.97         15.27
 950123  19    28    14         12.50      709.03      721.53          9.73
 950123  20    29    13         10.08      578.67      588.75          9.13
 950123  21    32     9         42.33      268.67      311.00          7.58
 950123  22    37    13        153.65      489.52      643.17          8.77
 950123  23    42    15        149.70      653.33      798.87         11.32
 950123  24    31    16        146.77      696.30      843.07         10.43
1
 
                   MAX
            TOTAL  SIM                MAXIMUM CPS                   CONNECT
 DATE  HOUR USERS USERS            IN         OUT       TOTAL         HOURS
 
 
 950124   1    35     9        579.13      402.17      939.78          7.00
 950124   2     8     5          7.13      190.32      197.45          0.52
 950124   3     2     1          6.68       68.60       75.28          0.30
 950124   4     0     0          0.00        0.00        0.00          0.00
 950124   5     0     0          0.00        0.00        0.00          0.00
 950124   6     0     0          0.00        0.00        0.00          0.00
 950124   7     0     0          0.00        0.00        0.00          0.00
 950124   8     0     0          0.00        0.00        0.00          0.00
 950124   9     0     0          0.00        0.00        0.00          0.00
 950124  10     0     0          0.00        0.00        0.00          0.00
 950124  11     0     0          0.00        0.00        0.00          0.00
 950124  12     0     0          0.00        0.00        0.00          0.00
 950124  13     0     0          0.00        0.00        0.00          0.00
 950124  14     0     0          0.00        0.00        0.00          0.00
 950124  15     1     1          1.52       58.07       59.58          0.05
 950124  16    30     9         17.83      301.07      318.90          3.90
 950124  17    35    13         10.68      295.05      304.07         10.22
 950124  18    48    14         15.63      557.15      572.78         10.47
 950124  19    24     9         10.70      252.40      260.08          8.03
 950124  20    27    12         11.60      293.92      305.52          8.43
 950124  21    25    12        149.07      333.35      345.27          8.18
 950124  22    33    13         15.27      375.27      383.70          9.47
 950124  23    47    13         21.20      474.17      495.37         10.90
 950124  24    37    13         62.32      375.52      396.30          8.03
1
 
                   MAX
            TOTAL  SIM                MAXIMUM CPS                   CONNECT
 DATE  HOUR USERS USERS            IN         OUT       TOTAL         HOURS
 
 
 950125   1    23     9          5.48      316.87      322.35          7.00
 950125   2     7     5          6.22      187.53      193.75          2.58
 950125   3     0     0          0.00        0.00        0.00          0.00
 950125   4     0     0          0.00        0.00        0.00          0.00
 950125   5     0     0          0.00        0.00        0.00          0.00
 950125   6     0     0          0.00        0.00        0.00          0.00
 950125   7     0     0          0.00        0.00        0.00          0.00
 950125   8     0     0          0.00        0.00        0.00          0.00
 950125   9     0     0          0.00        0.00        0.00          0.00
 950125  10     0     0          0.00        0.00        0.00          0.00
 950125  11     0     0          0.00        0.00        0.00          0.00
 950125  12     0     0          0.00        0.00        0.00          0.00
 950125  13     0     0          0.00        0.00        0.00          0.00
 950125  14     0     0          0.00        0.00        0.00          0.00
 950125  15     4     3          6.52      157.00      163.35          0.58
 950125  16    14     9          8.27      267.25      275.52          4.75
 950125  17    34    13         14.70      380.00      392.23          9.20
 950125  18    32    13          9.25      364.47      373.28         10.70
 950125  19    25    12         65.33      351.90      417.23          9.53
 950125  20    35    14          9.13      357.25      364.60          9.45
 950125  21    27     9         21.95      271.48      275.83          7.60
 950125  22    29    12         33.75      490.62      497.87          9.12
 950125  23    35    13         24.93      538.03      546.90         11.17
 950125  24    28    12         11.63      673.95      683.43          8.58
1
 
                   MAX
            TOTAL  SIM                MAXIMUM CPS                   CONNECT
 DATE  HOUR USERS USERS            IN         OUT       TOTAL         HOURS
 
 
 950126   1    17    10          9.53      590.65      599.62          6.85
 950126   2     8     4          4.62       92.03       96.65          1.67
 950126   3     0     0          0.00        0.00        0.00          0.00
 950126   4     0     0          0.00        0.00        0.00          0.00
 950126   5     0     0          0.00        0.00        0.00          0.00
 950126   6     0     0          0.00        0.00        0.00          0.00
 950126   7     0     0          0.00        0.00        0.00          0.00
 950126   8     0     0          0.00        0.00        0.00          0.00
 950126   9     0     0          0.00        0.00        0.00          0.00
 950126  10     0     0          0.00        0.00        0.00          0.00
 950126  11     0     0          0.00        0.00        0.00          0.00
 950126  12     0     0          0.00        0.00        0.00          0.00
 950126  13     0     0          0.00        0.00        0.00          0.00
 950126  14     0     0          0.00        0.00        0.00          0.00
 950126  15     8     5         19.40      197.85      217.25          1.83
 950126  16    31    10         26.72      347.50      374.22          7.12
 950126  17    52    18         14.30      484.55      496.95         11.72
 950126  18    50    19        113.78      813.10      834.60         15.55
 950126  19    53    20        113.88      663.53      741.25         14.50
 950126  20     8     8         62.43      170.20      232.63          5.35
 950126  21    23    14         15.22      459.20      474.42          6.00
 950126  22    51    15         17.42      498.55      509.08         11.98
 950126  23    71    20         32.10      590.67      607.23         15.37
 950126  24    41    15         28.93     1054.50     1081.62         11.82
1
 
                   MAX
            TOTAL  SIM                MAXIMUM CPS                   CONNECT
 DATE  HOUR USERS USERS            IN         OUT       TOTAL         HOURS
 
 
 950127   1    34    13         26.10      842.60      860.93          7.68
 950127   2    29     7        412.50      679.00      690.02          4.00
 950127   3    16     4         12.65      213.73      220.85          2.23
 950127   4     7     4          8.25      220.10      228.35          2.07
 950127   5     5     4          2.68      198.00      200.68          1.67
 950127   6     4     3         22.35      324.12      346.47          1.67
 950127   7     3     2          4.98      139.00      143.98          1.28
 950127   8     3     2          5.82      164.33      170.15          0.23
 950127   9     1     1          1.63       51.48       53.12          0.02
 950127  10     0     0          0.00        0.00        0.00          0.00
 950127  11     0     0          0.00        0.00        0.00          0.00
 950127  12     0     0          0.00        0.00        0.00          0.00
 950127  13     1     1          7.97      118.98      126.95          0.03
 950127  14     2     1          1.78       58.75       60.53          0.22
 950127  15    22     9          9.03      238.90      247.93          2.62
 950127  16    39    17         59.35      524.42      579.27         10.10
 950127  17    62    29         18.87      716.70      734.73         22.80
 950127  18    78    26         77.60      943.03      970.73         22.07
 950127  19    82    27         33.58      740.28      759.27         23.58
 950127  20    68    25         28.63      796.97      822.70         20.32
 950127  21    49    17         24.18      717.00      737.20         13.67
 950127  22     5     5          1.62       71.55       73.17          2.83
 950127  23     2     2          0.12       16.93       17.05          0.68
 950127  24     0     0          0.00        0.00        0.00          0.00
1     MAXIMUM OF MAXIMUM SIMULTANEOUS USERS
 
 
                   MAX
            TOTAL  SIM                MAXIMUM CPS                   CONNECT
 DATE  HOUR USERS USERS            IN         OUT       TOTAL         HOURS
 
 950127  17    62    29         18.87      716.70      734.73         22.80
 
 
     MAXIMUM OF CONNECT HOURS
 
 
                   MAX
            TOTAL  SIM                MAXIMUM CPS                   CONNECT
 DATE  HOUR USERS USERS            IN         OUT       TOTAL         HOURS
 
 950127  19    82    27         33.58      740.28      759.27         23.58
1
  