1
 
                   MAX
            TOTAL  SIM                MAXIMUM CPS                   CONNECT
 DATE  HOUR USERS USERS            IN         OUT       TOTAL         HOURS
 
 
 950123   1     0     0          0.00        0.00        0.00          0.00
 950123   2     0     0          0.00        0.00        0.00          0.00
 950123   3     0     0          0.00        0.00        0.00          0.00
 950123   4     0     0          0.00        0.00        0.00          0.00
 950123   5     0     0          0.00        0.00        0.00          0.00
 950123   6     0     0          0.00        0.00        0.00          0.00
 950123   7     0     0          0.00        0.00        0.00          0.00
 950123   8     0     0          0.00        0.00        0.00          0.00
 950123   9     0     0          0.00        0.00        0.00          0.00
 950123  10     0     0          0.00        0.00        0.00          0.00
 950123  11     0     0          0.00        0.00        0.00          0.00
 950123  12     0     0          0.00        0.00        0.00          0.00
 950123  13     0     0          0.00        0.00        0.00          0.00
 950123  14     0     0          0.00        0.00        0.00          0.00
 950123  15     0     0          0.00        0.00        0.00          0.00
 950123  16     0     0          0.00        0.00        0.00          0.00
 950123  17     0     0          0.00        0.00        0.00          0.00
 950123  18     0     0          0.00        0.00        0.00          0.00
 950123  19    34    12         15.60      403.22      416.80          5.45
 950123  20    39    13         13.07      323.90      336.97          9.45
 950123  21    38    10         42.40      416.62      459.02          7.88
 950123  22    38    14         39.55      304.63      320.42          8.87
 950123  23    40    14         29.07      350.30      359.82         10.22
 950123  24    34    14         13.57      353.57      367.13          9.15
1
 
                   MAX
            TOTAL  SIM                MAXIMUM CPS                   CONNECT
 DATE  HOUR USERS USERS            IN         OUT       TOTAL         HOURS
 
 
 950124   1    31     9         10.98      376.15      386.52          7.62
 950124   2    11     7         11.78       84.83       94.67          3.22
 950124   3     6     3          4.33       71.77       76.10          1.38
 950124   4     1     1          0.63       31.80       32.43          0.93
 950124   5     4     3          6.87      118.87      125.73          1.10
 950124   6     7     3          4.65      245.35      248.63          1.38
 950124   7     3     2          4.18      139.30      143.48          0.63
 950124   8     3     2          3.53      104.97      106.87          0.68
 950124   9     0     0          0.00        0.00        0.00          0.00
 950124  10     1     1          4.25      126.77      131.02          0.03
 950124  11     0     0          0.00        0.00        0.00          0.00
 950124  12     0     0          0.00        0.00        0.00          0.00
 950124  13     0     0          0.00        0.00        0.00          0.00
 950124  14     0     0          0.00        0.00        0.00          0.00
 950124  15    10     4         10.67      252.57      263.23          1.12
 950124  16    24     9         17.67      481.05      498.72          4.52
 950124  17    38    14         12.52      506.15      517.80         10.13
 950124  18    37    13         25.18      413.93      424.55         11.62
 950124  19    27    11          8.15      264.77      272.92          8.32
 950124  20    28    12         10.18      230.70      240.48          8.42
 950124  21    30    12         13.33      276.20      288.27          8.68
 950124  22    37    13         34.52      344.42      378.93          9.67
 950124  23    36    13         36.57      320.50      340.10         10.68
 950124  24    33    12         13.83      414.42      427.80          8.52
1
 
                   MAX
            TOTAL  SIM                MAXIMUM CPS                   CONNECT
 DATE  HOUR USERS USERS            IN         OUT       TOTAL         HOURS
 
 
 950125   1    27     9         25.08      240.95      247.53          7.40
 950125   2    10     4          8.48      185.87      191.42          2.08
 950125   3     7     4          6.87      213.22      220.08          1.03
 950125   4     4     2          2.85      119.60      122.45          0.43
 950125   5     0     0          0.00        0.00        0.00          0.00
 950125   6     0     0          0.00        0.00        0.00          0.00
 950125   7     5     3          5.72      106.32      112.03          0.77
 950125   8     8     3         11.27      162.47      173.73          1.55
 950125   9     1     1          0.70       48.33       49.03          0.03
 950125  10     0     0          0.00        0.00        0.00          0.00
 950125  11     0     0          0.00        0.00        0.00          0.00
 950125  12     0     0          0.00        0.00        0.00          0.00
 950125  13     1     1          1.95       31.87       33.82          0.33
 950125  14     2     1          4.70      103.20      107.90          0.37
 950125  15    12     4         29.80      273.53      280.90          1.62
 950125  16    22     8          7.75      261.12      265.67          4.60
 950125  17    31    13         11.97      306.12      318.08          9.63
 950125  18    27    13         11.93      367.58      379.40         10.48
 950125  19    21    12          7.80      387.80      393.72          9.23
 950125  20    21    12         14.68      243.05      252.00          9.73
 950125  21    23    10          9.20      268.78      277.98          7.52
 950125  22    27    13         34.25      331.77      345.63         10.82
 950125  23    36    14         29.37      422.88      438.93         10.68
 950125  24    30    12        133.85      235.90      340.88          8.22
1
 
                   MAX
            TOTAL  SIM                MAXIMUM CPS                   CONNECT
 DATE  HOUR USERS USERS            IN         OUT       TOTAL         HOURS
 
 
 950126   1    30     9         39.12      294.95      301.88          6.40
 950126   2    13     4          6.50      164.87      169.00          3.32
 950126   3     3     2          3.37       22.08       25.45          1.03
 950126   4     6     4          8.07      215.67      223.73          0.82
 950126   5     8     4          5.75      198.63      202.83          3.45
 950126   6     4     3          6.08      121.33      124.63          1.10
 950126   7     6     4          5.92      132.95      138.87          2.47
 950126   8     1     1          1.97       30.42       32.38          0.73
 950126   9     2     2          3.23      102.72      105.95          0.93
 950126  10     1     1          2.12       67.73       69.85          0.05
 950126  11     0     0          0.00        0.00        0.00          0.00
 950126  12     1     1          2.42       25.05       27.47          0.08
 950126  13     0     0          0.00        0.00        0.00          0.00
 950126  14     3     3          5.82      141.05      146.87          1.23
 950126  15    12     4         11.27      220.88      232.15          3.03
 950126  16    22     9         39.68      266.50      275.62          7.20
 950126  17    17    10          7.22      226.48      233.70          3.38
 950126  18     0     0          0.00        0.00        0.00          0.00
 950126  19     0     0          0.00        0.00        0.00          0.00
 950126  20     0     0          0.00        0.00        0.00          0.00
 950126  21     0     0          0.00        0.00        0.00          0.00
 950126  22     0     0          0.00        0.00        0.00          0.00
 950126  23     0     0          0.00        0.00        0.00          0.00
 950126  24     0     0          0.00        0.00        0.00          0.00
1
 
                   MAX
            TOTAL  SIM                MAXIMUM CPS                   CONNECT
 DATE  HOUR USERS USERS            IN         OUT       TOTAL         HOURS
 
 
 950127   1     0     0          0.00        0.00        0.00          0.00
 950127   2     0     0          0.00        0.00        0.00          0.00
 950127   3     0     0          0.00        0.00        0.00          0.00
 950127   4     0     0          0.00        0.00        0.00          0.00
 950127   5     0     0          0.00        0.00        0.00          0.00
 950127   6     0     0          0.00        0.00        0.00          0.00
 950127   7     0     0          0.00        0.00        0.00          0.00
 950127   8     0     0          0.00        0.00        0.00          0.00
 950127   9     0     0          0.00        0.00        0.00          0.00
 950127  10     0     0          0.00        0.00        0.00          0.00
 950127  11     0     0          0.00        0.00        0.00          0.00
 950127  12     0     0          0.00        0.00        0.00          0.00
 950127  13     0     0          0.00        0.00        0.00          0.00
 950127  14     0     0          0.00        0.00        0.00          0.00
 950127  15     0     0          0.00        0.00        0.00          0.00
 950127  16     0     0          0.00        0.00        0.00          0.00
 950127  17     0     0          0.00        0.00        0.00          0.00
 950127  18     0     0          0.00        0.00        0.00          0.00
 950127  19     0     0          0.00        0.00        0.00          0.00
 950127  20     0     0          0.00        0.00        0.00          0.00
 950127  21     0     0          0.00        0.00        0.00          0.00
 950127  22     0     0          0.00        0.00        0.00          0.00
 950127  23     0     0          0.00        0.00        0.00          0.00
 950127  24     0     0          0.00        0.00        0.00          0.00
1     MAXIMUM OF MAXIMUM SIMULTANEOUS USERS
 
 
                   MAX
            TOTAL  SIM                MAXIMUM CPS                   CONNECT
 DATE  HOUR USERS USERS            IN         OUT       TOTAL         HOURS
 
 950123  22    38    14         39.55      304.63      320.42          8.87
 
 
     MAXIMUM OF CONNECT HOURS
 
 
                   MAX
            TOTAL  SIM                MAXIMUM CPS                   CONNECT
 DATE  HOUR USERS USERS            IN         OUT       TOTAL         HOURS
 
 950124  18    37    13         25.18      413.93      424.55         11.62
1
  