1
 
                   MAX
            TOTAL  SIM                MAXIMUM CPS                   CONNECT
 DATE  HOUR USERS USERS            IN         OUT       TOTAL         HOURS
 
 
 941212   1    11     5          3.22      221.83      224.50          2.98
 941212   2     7     3         38.75       99.25      116.33          1.88
 941212   3     4     2         17.25       89.17      106.42          1.10
 941212   4     7     3          4.48      154.17      158.65          1.02
 941212   5     7     4          5.57      219.10      224.67          2.18
 941212   6    12     5          9.52      199.98      207.75          2.47
 941212   7     4     2          2.53       90.50       92.53          0.60
 941212   8     5     3          4.95      182.55      187.50          1.50
 941212   9     4     2          2.77      118.70      121.47          0.37
 941212  10     1     1          1.10       31.88       32.98          0.05
 941212  11     0     0          0.00        0.00        0.00          0.00
 941212  12     0     0          0.00        0.00        0.00          0.00
 941212  13     1     1          3.33       41.10       44.43          0.03
 941212  14     6     2         21.48      116.02      119.48          0.78
 941212  15    24    15         16.25      377.70      393.95          5.22
 941212  16   113    39        132.33     1085.08     1122.63         30.32
 941212  17   156    50         99.57     1273.70     1327.48         43.02
 941212  18   164    57         58.82     1374.82     1423.35         51.73
 941212  19   107    41         37.93     1003.45     1034.45         34.35
 941212  20    66    35         48.50     1126.67     1175.17         25.72
 941212  21    53    23         18.88      747.73      763.95         20.57
 941212  22    74    23         39.78      786.92      813.77         20.28
 941212  23    85    26         21.18      625.27      643.33         22.33
 941212  24    81    28         30.63      727.07      749.15         20.25
1
 
                   MAX
            TOTAL  SIM                MAXIMUM CPS                   CONNECT
 DATE  HOUR USERS USERS            IN         OUT       TOTAL         HOURS
 
 
 941213   1    49    21         55.12      518.33      573.45         13.42
 941213   2    16     9         14.00      283.27      297.27          5.62
 941213   3     9     5          6.22      181.50      186.17          2.38
 941213   4     6     3          2.87      147.95      150.45          2.37
 941213   5     8     4         12.67      189.57      202.23          2.80
 941213   6     7     5         10.88      169.68      180.57          2.82
 941213   7     3     3          2.90      136.52      139.42          1.55
 941213   8     1     1          1.10       49.95       51.05          0.35
 941213   9     2     2          1.03       42.03       43.07          0.52
 941213  10     2     2          1.03       42.03       43.07          1.88
 941213  11     1     1          0.57       26.75       27.32          0.35
 941213  12     0     0          0.00        0.00        0.00          0.00
 941213  13     0     0          0.00        0.00        0.00          0.00
 941213  14     4     3          4.60      221.12      225.72          0.55
 941213  15     6     4         29.25      272.07      301.32          0.60
 941213  16    43    17         29.25      501.92      515.35         10.97
 941213  17    72    29         28.95      650.93      667.02         23.00
 941213  18    62    29         34.42      935.15      967.78         24.83
 941213  19    81    29         18.73      855.25      871.12         24.57
 941213  20    77    29        143.80      938.43      958.82         22.15
 941213  21    61    21         44.38      702.75      734.27         16.12
 941213  22    78    21         96.00      576.17      661.88         18.00
 941213  23    57    23         28.37      565.63      594.00         18.70
 941213  24    60    22         22.82      569.88      587.83         16.90
1
 
                   MAX
            TOTAL  SIM                MAXIMUM CPS                   CONNECT
 DATE  HOUR USERS USERS            IN         OUT       TOTAL         HOURS
 
 
 941214   1    52    20         28.60      445.02      451.58         12.77
 941214   2    17     7          6.02      261.95      266.85          3.68
 941214   3     6     4          4.40      203.65      208.05          2.32
 941214   4    10     4         15.20      222.50      237.70          2.38
 941214   5     4     4          4.15      171.70      175.85          3.13
 941214   6     5     3          1.28      111.97      113.03          1.33
 941214   7     6     4          6.22      149.85      153.50          2.68
 941214   8     7     3          2.63      103.45      106.08          1.58
 941214   9     3     2         47.45      138.88      186.33          0.78
 941214  10     0     0          0.00        0.00        0.00          0.00
 941214  11     2     1          1.45       37.82       39.27          0.38
 941214  12     0     0          0.00        0.00        0.00          0.00
 941214  13     1     1          0.00        1.10        1.10          0.03
 941214  14     2     1          0.62       97.92       98.53          0.38
 941214  15    16     4         39.65      165.67      194.95          1.82
 941214  16    30    18         21.45      323.35      344.03         11.03
 941214  17    74    21         18.65      498.67      517.32         18.08
 941214  18    72    24         55.53      461.90      499.33         21.18
 941214  19    85    30        200.63      479.48      668.15         21.65
 941214  20    79    31        200.58      754.33      813.08         26.03
 941214  21    44    21         33.30      579.17      604.87         18.55
 941214  22    75    29         74.90      670.08      744.98         23.70
 941214  23    73    29         30.17      642.25      670.03         24.92
 941214  24    70    25         20.12      535.25      551.32         19.30
1
 
                   MAX
            TOTAL  SIM                MAXIMUM CPS                   CONNECT
 DATE  HOUR USERS USERS            IN         OUT       TOTAL         HOURS
 
 
 941215   1    50    21         22.65      526.72      542.35         15.45
 941215   2    25    11         22.70      481.08      499.68          6.10
 941215   3    10     5          3.70      175.62      179.32          2.70
 941215   4     7     5          6.48      206.57      210.85          3.47
 941215   5     6     4          3.20      160.38      162.62          2.82
 941215   6     9     4          3.13      160.38      162.48          2.40
 941215   7     6     5          6.47      233.07      239.53          2.53
 941215   8     2     2          1.98       45.62       47.60          0.63
 941215   9     1     1          1.08       20.65       21.73          0.45
 941215  10     2     1          2.20       85.52       86.15          0.12
 941215  11     1     1          1.83       52.72       54.55          0.43
 941215  12     1     1          0.28       76.02       76.30          0.07
 941215  13     0     0          0.00        0.00        0.00          0.00
 941215  14     4     2          2.97      167.78      170.75          0.62
 941215  15    15     4         10.05      282.78      292.83          1.80
 941215  16    39    17         83.30      460.87      481.40          8.45
 941215  17    75    26         37.35      716.58      749.72         20.75
 941215  18    74    26         42.10      643.52      672.17         23.22
 941215  19    82    29        233.23      750.20      781.50         22.32
 941215  20   108    28         23.17      630.22      652.87         20.45
 941215  21    66    22         40.58      533.62      554.52         19.37
 941215  22    73    26         68.30      645.58      678.62         22.68
 941215  23    80    29        134.95      921.32      951.87         20.50
 941215  24    80    23         35.63      748.60      783.18         16.67
1
 
                   MAX
            TOTAL  SIM                MAXIMUM CPS                   CONNECT
 DATE  HOUR USERS USERS            IN         OUT       TOTAL         HOURS
 
 
 941216   1    43    14         33.32      394.60      427.92          9.85
 941216   2    18     9         11.35      309.73      321.08          5.43
 941216   3     9     5          2.87      121.45      123.52          2.27
 941216   4     8     2          4.48       71.05       75.53          0.98
 941216   5     1     1          1.43       21.10       22.53          0.10
 941216   6     3     3          8.03      126.22      134.25          0.48
 941216   7     2     1          1.38       93.80       94.18          0.52
 941216   8     4     2          1.38       71.72       72.27          0.93
 941216   9     7     4          5.35      150.87      154.15          2.60
 941216  10     2     2          2.88       53.03       55.92          0.28
 941216  11     1     1          1.58       41.35       42.93          0.13
 941216  12     1     1          2.12       36.32       38.43          0.05
 941216  13     1     1          0.92       50.33       51.25          0.60
 941216  14     6     3        106.20      272.25      278.47          1.12
 941216  15    18     8          8.85      283.80      290.58          2.90
 941216  16    70    30         34.52      724.05      757.30         17.87
 941216  17    98    31         34.67      909.28      942.88         27.60
 941216  18    87    33         37.97      898.98      936.95         29.77
 941216  19    97    37         30.03      792.97      814.85         33.43
 941216  20    78    34         71.53      670.03      694.08         27.88
 941216  21    56    25         39.88      682.52      708.65         19.18
 941216  22    84    31         27.82      758.60      786.42         24.83
 941216  23    86    32         32.25      646.52      675.08         24.97
 941216  24    64    24         31.52      671.12      695.25         13.80
1     MAXIMUM OF MAXIMUM SIMULTANEOUS USERS
 
 
                   MAX
            TOTAL  SIM                MAXIMUM CPS                   CONNECT
 DATE  HOUR USERS USERS            IN         OUT       TOTAL         HOURS
 
 941212  18   164    57         58.82     1374.82     1423.35         51.73
 
 
     MAXIMUM OF CONNECT HOURS
 
 
                   MAX
            TOTAL  SIM                MAXIMUM CPS                   CONNECT
 DATE  HOUR USERS USERS            IN         OUT       TOTAL         HOURS
 
 941212  18   164    57         58.82     1374.82     1423.35         51.73
1
  