1
 
                   MAX
            TOTAL  SIM                MAXIMUM CPS                   CONNECT
 DATE  HOUR USERS USERS            IN         OUT       TOTAL         HOURS
 
 
 950123   1     3     2          2.45      129.93      132.38          0.43
 950123   2     3     1          1.97       58.53       58.73          0.43
 950123   3     5     3          2.85      116.77      118.20          1.05
 950123   4     6     2          4.82       94.00       96.02          0.60
 950123   5     4     4          8.52      144.07      152.58          1.72
 950123   6     6     2          7.23      104.12      111.00          1.30
 950123   7     5     3          6.02      117.22      122.85          1.05
 950123   8     3     2          4.08       91.08       92.93          1.07
 950123   9     0     0          0.00        0.00        0.00          0.00
 950123  10     0     0          0.00        0.00        0.00          0.00
 950123  11     0     0          0.00        0.00        0.00          0.00
 950123  12     1     1          0.00        0.52        0.52          0.07
 950123  13     1     1          0.00        0.52        0.52          1.00
 950123  14     3     2          5.10      140.18      141.50          1.40
 950123  15    16     8          8.28      257.60      265.88          2.92
 950123  16    54    20         28.82      665.77      689.72         13.50
 950123  17    61    24         39.27      547.52      567.05         20.75
 950123  18    71    31         23.48      809.12      832.35         23.22
 950123  19    43    20         16.18      421.30      433.15         16.68
 950123  20    46    20         10.48      428.12      438.60         16.05
 950123  21    40    17         16.25      469.03      480.35         11.28
 950123  22    43    20         18.87      549.97      568.83         11.63
 950123  23    54    21         21.23      434.90      456.13         16.72
 950123  24    38    21         19.17      377.30      393.78         14.95
1
 
                   MAX
            TOTAL  SIM                MAXIMUM CPS                   CONNECT
 DATE  HOUR USERS USERS            IN         OUT       TOTAL         HOURS
 
 
 950124   1    31    16         59.12      331.02      350.53          9.93
 950124   2    19     8         78.63      288.50      353.20          3.43
 950124   3     9     5          5.65      227.68      230.03          2.00
 950124   4     3     1          5.03       72.37       77.40          0.18
 950124   5     7     3          7.30      114.93      121.92          1.90
 950124   6     8     3         14.18      182.13      196.32          1.20
 950124   7     2     2          5.70       55.45       61.15          0.15
 950124   8     3     2          6.65       41.48       44.23          0.52
 950124   9     5     3         59.43      115.93      175.37          0.52
 950124  10     7     3         21.08      118.02      134.05          1.93
 950124  11     2     1          0.45       96.15       96.50          0.53
 950124  12     0     0          0.00        0.00        0.00          0.00
 950124  13     0     0          0.00        0.00        0.00          0.00
 950124  14     0     0          0.00        0.00        0.00          0.00
 950124  15    13     4         20.58      264.88      271.12          1.37
 950124  16    43    11         15.35      315.97      327.18          5.47
 950124  17    64    22         48.63      719.33      731.83         15.65
 950124  18    56    20         13.30      481.13      493.45         16.70
 950124  19    50    18        233.52      847.20     1080.72         13.82
 950124  20    48    18        264.68      866.13     1100.97         14.48
 950124  21    51    17        213.03      874.05     1084.17         14.15
 950124  22    51    18        212.57      580.27      792.83         16.03
 950124  23    49    20         76.40      478.42      554.35         16.38
 950124  24    43    17         12.00      442.85      453.37         13.68
1
 
                   MAX
            TOTAL  SIM                MAXIMUM CPS                   CONNECT
 DATE  HOUR USERS USERS            IN         OUT       TOTAL         HOURS
 
 
 950125   1    35    14         17.63      346.97      356.17          9.72
 950125   2     9     5          7.50      148.87      152.97          2.67
 950125   3     5     3          7.80      136.68      140.12          1.30
 950125   4     4     3          3.28      115.07      117.67          1.62
 950125   5     1     1          1.45       66.50       67.95          0.50
 950125   6     0     0          0.00        0.00        0.00          0.00
 950125   7     3     3          3.95      157.37      161.32          1.08
 950125   8     7     3         15.22      136.70      144.28          1.30
 950125   9     1     1          0.78       45.98       46.77          0.68
 950125  10     1     1          5.30      153.17      158.47          0.03
 950125  11     0     0          0.00        0.00        0.00          0.00
 950125  12     0     0          0.00        0.00        0.00          0.00
 950125  13     0     0          0.00        0.00        0.00          0.00
 950125  14     1     1          0.42       54.92       55.33          0.25
 950125  15     9     4         12.62      106.13      118.75          1.33
 950125  16    33    15         53.37      428.38      481.75          6.37
 950125  17    46    20         54.50      470.15      524.65         13.98
 950125  18    62    21         23.60      573.15      596.75         16.53
 950125  19    55    17         20.23      489.42      498.05         15.63
 950125  20    44    18         16.72      424.08      438.97         15.50
 950125  21    35    16         13.92      399.53      413.45          9.87
 950125  22    62    18         36.22      559.18      595.40         15.77
 950125  23    46    18         46.52      514.02      534.02         16.47
 950125  24    42    18        279.67      540.62      698.30         14.62
1
 
                   MAX
            TOTAL  SIM                MAXIMUM CPS                   CONNECT
 DATE  HOUR USERS USERS            IN         OUT       TOTAL         HOURS
 
 
 950126   1    36    12         31.70      408.02      418.87          8.37
 950126   2    13     7          7.43      297.15      304.58          3.00
 950126   3     8     4          4.40      151.32      155.72          1.82
 950126   4     6     3          5.27      156.50      159.35          0.88
 950126   5     4     2          5.92      159.98      162.73          0.40
 950126   6     5     2         12.33      107.23      119.57          1.10
 950126   7     3     2          3.90      110.20      114.10          0.88
 950126   8     1     1          2.68       47.23       49.92          0.08
 950126   9     0     0          0.00        0.00        0.00          0.00
 950126  10     0     0          0.00        0.00        0.00          0.00
 950126  11     0     0          0.00        0.00        0.00          0.00
 950126  12     2     1          2.43       25.88       27.78          0.20
 950126  13     0     0          0.00        0.00        0.00          0.00
 950126  14     4     2          4.45       87.45       91.90          0.48
 950126  15    15     9         12.40      322.05      331.55          2.98
 950126  16    41    15         12.40      361.45      371.62          9.48
 950126  17    63    28         32.52      689.35      711.42         20.32
 950126  18    82    30         43.48      566.65      587.12         26.18
 950126  19    54    28         31.72      656.58      679.43         22.70
 950126  20    14    14          8.15      331.27      339.42          7.65
 950126  21    34    20         13.80      403.30      417.10          9.73
 950126  22    66    26         86.87      566.05      652.92         19.22
 950126  23    77    30         54.32      773.32      827.63         25.70
 950126  24    67    27         23.20      571.92      594.97         19.00
1
 
                   MAX
            TOTAL  SIM                MAXIMUM CPS                   CONNECT
 DATE  HOUR USERS USERS            IN         OUT       TOTAL         HOURS
 
 
 950127   1    48    19        350.17      595.95      697.65         14.68
 950127   2    17    10        340.73      179.30      519.18          6.45
 950127   3    13     5          6.95      117.05      118.70          3.08
 950127   4     9     4          8.77      261.77      263.80          2.47
 950127   5     3     2          3.45      159.87      163.32          0.58
 950127   6     8     4         14.90      163.22      178.12          2.03
 950127   7     5     4          7.57      114.75      121.78          2.93
 950127   8     3     2          5.07       70.98       76.02          1.08
 950127   9     0     0          0.00        0.00        0.00          0.00
 950127  10     0     0          0.00        0.00        0.00          0.00
 950127  11     0     0          0.00        0.00        0.00          0.00
 950127  12     0     0          0.00        0.00        0.00          0.00
 950127  13     0     0          0.00        0.00        0.00          0.00
 950127  14     2     2          6.63       49.27       55.90          0.55
 950127  15    17     9         31.42      363.63      393.45          3.10
 950127  16    77    22        100.63      854.47      904.17         14.97
 950127  17   116    44         57.52     1221.93     1276.47         34.00
 950127  18   109    39         89.95      987.68     1025.65         34.55
 950127  19   103    41         63.80      878.08      919.98         36.25
 950127  20   101    39         37.15      803.95      827.98         31.92
 950127  21    54    29         32.80      849.43      882.23         19.72
 950127  22     6     6          0.68       93.82       94.50          3.42
 950127  23     2     2          0.18       13.37       13.55          2.00
 950127  24     2     2          0.18       13.37       13.55          0.45
1     MAXIMUM OF MAXIMUM SIMULTANEOUS USERS
 
 
                   MAX
            TOTAL  SIM                MAXIMUM CPS                   CONNECT
 DATE  HOUR USERS USERS            IN         OUT       TOTAL         HOURS
 
 950127  17   116    44         57.52     1221.93     1276.47         34.00
 
 
     MAXIMUM OF CONNECT HOURS
 
 
                   MAX
            TOTAL  SIM                MAXIMUM CPS                   CONNECT
 DATE  HOUR USERS USERS            IN         OUT       TOTAL         HOURS
 
 950127  19   103    41         63.80      878.08      919.98         36.25
1
  