1
 
                   MAX
            TOTAL  SIM                MAXIMUM CPS                   CONNECT
 DATE  HOUR USERS USERS            IN         OUT       TOTAL         HOURS
 
 
 941212   1     0     0          0.00        0.00        0.00          0.00
 941212   2     0     0          0.00        0.00        0.00          0.00
 941212   3     0     0          0.00        0.00        0.00          0.00
 941212   4     0     0          0.00        0.00        0.00          0.00
 941212   5     0     0          0.00        0.00        0.00          0.00
 941212   6     0     0          0.00        0.00        0.00          0.00
 941212   7     0     0          0.00        0.00        0.00          0.00
 941212   8     0     0          0.00        0.00        0.00          0.00
 941212   9     0     0          0.00        0.00        0.00          0.00
 941212  10     0     0          0.00        0.00        0.00          0.00
 941212  11     0     0          0.00        0.00        0.00          0.00
 941212  12     0     0          0.00        0.00        0.00          0.00
 941212  13     0     0          0.00        0.00        0.00          0.00
 941212  14     0     0          0.00        0.00        0.00          0.00
 941212  15     0     0          0.00        0.00        0.00          0.00
 941212  16     0     0          0.00        0.00        0.00          0.00
 941212  17     0     0          0.00        0.00        0.00          0.00
 941212  18    13    11         14.12      358.88      373.00          0.90
 941212  19    73    25         81.33      608.00      626.20         20.97
 941212  20    68    22         73.10      557.87      612.13         16.33
 941212  21    53    17         15.17      371.22      385.85         13.10
 941212  22    46    18         12.40      453.87      466.27         14.13
 941212  23    50    17         15.88      475.62      491.50         15.62
 941212  24    41    17         16.32      367.57      376.70         13.08
1
 
                   MAX
            TOTAL  SIM                MAXIMUM CPS                   CONNECT
 DATE  HOUR USERS USERS            IN         OUT       TOTAL         HOURS
 
 
 941213   1    33    12         17.60      416.25      428.47          8.57
 941213   2    20     7          9.52      372.68      381.85          3.55
 941213   3     6     3          8.28      287.80      291.12          1.88
 941213   4     4     4          5.55      405.13      410.68          0.93
 941213   5     2     2          1.17       98.35       99.52          0.23
 941213   6     2     1          3.00       62.63       65.63          0.17
 941213   7     0     0          0.00        0.00        0.00          0.00
 941213   8     1     1          2.33       53.40       55.73          0.10
 941213   9     1     1          3.72        2.55        6.27          0.03
 941213  10     0     0          0.00        0.00        0.00          0.00
 941213  11     1     1          0.70       20.87       21.57          0.55
 941213  12     0     0          0.00        0.00        0.00          0.00
 941213  13     0     0          0.00        0.00        0.00          0.00
 941213  14     1     1          1.98       45.72       47.70          0.03
 941213  15    11     4         10.20      181.45      190.93          2.25
 941213  16    33    12         13.72      277.32      288.47          6.95
 941213  17    49    18         22.87      355.80      374.52         15.43
 941213  18    42    17         15.25      703.12      718.37         15.43
 941213  19    52    18         19.47      568.98      588.45         16.15
 941213  20    40    18        164.30      321.65      408.07         14.75
 941213  21    18    13        163.97      338.33      408.65         11.03
 941213  22    38    16         43.47      514.82      554.72         11.78
 941213  23    40    16         73.68      410.42      484.10         13.25
 941213  24    40    18         58.05      469.15      483.87         11.43
1
 
                   MAX
            TOTAL  SIM                MAXIMUM CPS                   CONNECT
 DATE  HOUR USERS USERS            IN         OUT       TOTAL         HOURS
 
 
 941214   1    28     9         14.18      309.37      323.30          6.25
 941214   2     9     4          3.38       90.98       92.10          2.93
 941214   3     7     5          4.82      243.22      248.03          2.35
 941214   4     7     4          3.53      171.08      174.62          2.27
 941214   5     3     3          7.85      234.47      242.32          0.80
 941214   6     2     1          2.30       60.17       62.47          0.20
 941214   7     4     2          3.10       60.38       63.48          1.28
 941214   8     4     3          4.42      116.68      121.10          0.93
 941214   9     0     0          0.00        0.00        0.00          0.00
 941214  10     1     1          0.92       33.73       34.65          0.32
 941214  11     2     1          1.42       43.03       44.45          0.17
 941214  12     1     1          2.02       40.48       42.50          0.23
 941214  13     1     1          2.02       40.48       42.50          0.35
 941214  14     1     1          3.65      129.47      133.12          0.05
 941214  15     9     3         21.65      181.75      199.23          1.33
 941214  16    32    13         18.68      343.97      359.10          7.80
 941214  17    30    17         19.97      429.58      446.47         11.87
 941214  18    38    18         45.48      422.12      467.60         15.17
 941214  19    31    17         16.57      398.80      415.37         15.10
 941214  20    52    21         21.02      604.65      624.22         17.05
 941214  21    45    13         14.47      401.48      413.20         11.62
 941214  22    52    20         18.32      494.65      512.97         15.85
 941214  23    59    18         93.93      594.55      616.60         15.98
 941214  24    40    17         29.67      666.67      689.05         13.02
1
 
                   MAX
            TOTAL  SIM                MAXIMUM CPS                   CONNECT
 DATE  HOUR USERS USERS            IN         OUT       TOTAL         HOURS
 
 
 941215   1    28    16         16.12      551.52      567.58          9.83
 941215   2    15     8         16.25      274.17      290.42          4.83
 941215   3     8     3          4.68      159.93      164.62          1.72
 941215   4     3     2          3.32       85.28       88.60          1.30
 941215   5     4     3          2.23      156.05      158.28          1.45
 941215   6     7     4          5.33      186.62      190.15          1.88
 941215   7     3     2          3.90       87.60       91.50          0.78
 941215   8     2     2          2.30       47.02       49.32          1.07
 941215   9     1     1          1.77       45.22       46.98          0.83
 941215  10     1     1          1.77       45.22       46.98          1.00
 941215  11     1     1          1.77       45.22       46.98          0.17
 941215  12     0     0          0.00        0.00        0.00          0.00
 941215  13     0     0          0.00        0.00        0.00          0.00
 941215  14     1     1          2.68       96.75       99.43          0.07
 941215  15    15     5         10.00      148.10      156.80          2.52
 941215  16    26    12         13.22      333.97      347.18          5.98
 941215  17    45    18         69.65      463.15      481.77         14.53
 941215  18    54    19         25.77      357.82      366.83         15.75
 941215  19    45    17         14.98      328.95      338.22         14.70
 941215  20    32    18         12.38      354.50      364.95         13.82
 941215  21    46    17         23.82      667.08      688.75         13.62
 941215  22    34    17         64.82      633.05      682.40         16.00
 941215  23    43    18         23.07      595.27      612.62         13.42
 941215  24    36    17         16.75      409.33      424.73         10.78
1
 
                   MAX
            TOTAL  SIM                MAXIMUM CPS                   CONNECT
 DATE  HOUR USERS USERS            IN         OUT       TOTAL         HOURS
 
 
 941216   1    27     9         59.23      200.03      236.93          6.92
 941216   2    13     7          4.55      131.83      135.78          3.62
 941216   3     6     4         10.03       79.50       81.88          2.78
 941216   4     6     4          2.72       66.78       69.50          2.65
 941216   5     6     4          2.17       94.57       96.73          2.75
 941216   6     7     3          4.43       76.90       81.23          2.80
 941216   7     6     4          4.83      107.75      112.58          2.83
 941216   8     4     3          2.05       98.37      100.42          2.03
 941216   9     5     3          2.10       68.95       71.05          1.65
 941216  10     1     1          0.00        0.68        0.68          1.00
 941216  11     1     1          0.00        0.68        0.68          1.00
 941216  12     3     3          2.65       75.13       77.78          2.33
 941216  13     2     2          1.83       55.83       57.67          1.70
 941216  14     3     2          2.33       60.47       62.80          1.15
 941216  15     9     6          5.27      125.95      131.22          2.57
 941216  16    47    19         31.23      479.33      498.87         11.80
 941216  17    62    21         60.02      552.40      576.85         17.33
 941216  18    49    22         16.17      373.18      386.50         18.27
 941216  19    72    25         32.05     1022.30     1054.35         21.40
 941216  20    55    22         61.12      882.65      943.77         18.30
 941216  21    47    16         20.08      690.78      706.18         14.72
 941216  22    64    23         58.02      808.82      833.18         17.35
 941216  23    84    24         33.12      652.62      685.73         16.65
 941216  24    57    16         37.37      465.70      488.42         10.22
1     MAXIMUM OF MAXIMUM SIMULTANEOUS USERS
 
 
                   MAX
            TOTAL  SIM                MAXIMUM CPS                   CONNECT
 DATE  HOUR USERS USERS            IN         OUT       TOTAL         HOURS
 
 941212  19    73    25         81.33      608.00      626.20         20.97
 
 
     MAXIMUM OF CONNECT HOURS
 
 
                   MAX
            TOTAL  SIM                MAXIMUM CPS                   CONNECT
 DATE  HOUR USERS USERS            IN         OUT       TOTAL         HOURS
 
 941216  19    72    25         32.05     1022.30     1054.35         21.40
1
  