1
 
                   MAX
            TOTAL  SIM                MAXIMUM CPS                   CONNECT
 DATE  HOUR USERS USERS            IN         OUT       TOTAL         HOURS
 
 
 941205   1     3     1          2.20       51.98       54.18          0.37
 941205   2     5     3          6.53      197.20      203.73          0.57
 941205   3     1     1          0.00        0.82        0.82          0.02
 941205   4     0     0          0.00        0.00        0.00          0.00
 941205   5     7     3          2.05       27.45       29.50          0.98
 941205   6     4     2         21.83       71.82       73.62          0.70
 941205   7     3     2          5.62      154.47      160.08          0.42
 941205   8     0     0          0.00        0.00        0.00          0.00
 941205   9     0     0          0.00        0.00        0.00          0.00
 941205  10     0     0          0.00        0.00        0.00          0.00
 941205  11     0     0          0.00        0.00        0.00          0.00
 941205  12     0     0          0.00        0.00        0.00          0.00
 941205  13     2     1          0.00        1.35        1.35          0.03
 941205  14     1     1          1.85       43.40       45.25          0.13
 941205  15    10     5         57.32      214.17      271.48          2.07
 941205  16    47    18         18.58      510.80      527.55         13.17
 941205  17    88    25         54.55      614.47      665.63         20.25
 941205  18    64    26         48.48      531.05      577.00         21.90
 941205  19    60    23         42.57      690.27      704.27         19.87
 941205  20    56    21        147.83      706.97      818.57         16.63
 941205  21    34    16         22.93      554.73      568.38         12.87
 941205  22    46    25         77.42      739.20      756.48         17.57
 941205  23    55    24         36.70      504.50      523.07         20.48
 941205  24    50    19         17.93      396.45      409.15         15.15
1
 
                   MAX
            TOTAL  SIM                MAXIMUM CPS                   CONNECT
 DATE  HOUR USERS USERS            IN         OUT       TOTAL         HOURS
 
 
 941206   1    34    13         19.95      279.97      291.13          9.80
 941206   2    16     6          7.52      155.53      159.47          2.32
 941206   3     9     4          5.78       98.58      104.37          2.22
 941206   4     5     4          3.15      164.12      167.27          3.00
 941206   5     6     4          4.82      121.87      125.80          1.97
 941206   6     5     2          4.42      106.85      111.27          1.25
 941206   7     2     1          1.45       52.87       53.30          0.47
 941206   8     2     1          0.43       55.08       55.35          0.72
 941206   9     0     0          0.00        0.00        0.00          0.00
 941206  10     0     0          0.00        0.00        0.00          0.00
 941206  11     0     0          0.00        0.00        0.00          0.00
 941206  12     0     0          0.00        0.00        0.00          0.00
 941206  13     0     0          0.00        0.00        0.00          0.00
 941206  14     2     2          1.97       53.60       55.57          0.20
 941206  15    16     5          8.38      252.62      261.00          2.20
 941206  16    27    10         17.58      388.48      403.53          6.62
 941206  17    42    13         77.05      395.50      423.22         10.82
 941206  18    35    15         18.45      355.40      370.52         12.10
 941206  19    32    13         28.72      293.98      311.23          9.85
 941206  20    44    15         26.38      343.68      368.75         12.85
 941206  21    26    15         10.18      273.25      283.43          8.57
 941206  22    37    15         20.57      318.93      332.67         12.92
 941206  23    36    15        201.43      309.88      469.17         12.27
 941206  24    25    12         53.40      336.28      389.68          7.93
1
 
                   MAX
            TOTAL  SIM                MAXIMUM CPS                   CONNECT
 DATE  HOUR USERS USERS            IN         OUT       TOTAL         HOURS
 
 
 941207   1    25    10         11.83      296.20      308.03          6.70
 941207   2    20     7          5.48      120.18      125.67          1.82
 941207   3     5     2          5.90      126.05      128.32          0.58
 941207   4     7     3          7.40      128.57      132.37          0.90
 941207   5     7     4         57.62      178.10      199.72          2.48
 941207   6     5     3          4.68      180.07      184.75          2.15
 941207   7     6     3          3.95      166.72      170.67          1.77
 941207   8     1     1          3.10       78.95       82.05          0.05
 941207   9     2     1         61.70       56.87      118.57          0.05
 941207  10     0     0          0.00        0.00        0.00          0.00
 941207  11     0     0          0.00        0.00        0.00          0.00
 941207  12     0     0          0.00        0.00        0.00          0.00
 941207  13     1     1          4.13       60.82       64.95          0.10
 941207  14     3     2          2.40       97.45       99.85          0.67
 941207  15     6     3          6.97      143.95      148.23          1.62
 941207  16    32    13         17.48      315.60      333.08          6.78
 941207  17    41    17         14.27      380.02      392.75         11.98
 941207  18    32    15         13.05      282.82      295.87         11.20
 941207  19    40    16         15.05      377.52      388.60         13.00
 941207  20    31    16         14.23      296.37      310.60         13.17
 941207  21    28    12         11.62      400.10      411.47          9.22
 941207  22    35    16        111.08      309.93      331.58          7.67
 941207  23     0     0          0.00        0.00        0.00          0.00
 941207  24     0     0          0.00        0.00        0.00          0.00
1
 
                   MAX
            TOTAL  SIM                MAXIMUM CPS                   CONNECT
 DATE  HOUR USERS USERS            IN         OUT       TOTAL         HOURS
 
 
 941208   1     0     0          0.00        0.00        0.00          0.00
 941208   2     0     0          0.00        0.00        0.00          0.00
 941208   3     0     0          0.00        0.00        0.00          0.00
 941208   4     0     0          0.00        0.00        0.00          0.00
 941208   5     0     0          0.00        0.00        0.00          0.00
 941208   6     0     0          0.00        0.00        0.00          0.00
 941208   7     0     0          0.00        0.00        0.00          0.00
 941208   8     0     0          0.00        0.00        0.00          0.00
 941208   9     0     0          0.00        0.00        0.00          0.00
 941208  10     0     0          0.00        0.00        0.00          0.00
 941208  11     0     0          0.00        0.00        0.00          0.00
 941208  12     0     0          0.00        0.00        0.00          0.00
 941208  13     0     0          0.00        0.00        0.00          0.00
 941208  14     0     0          0.00        0.00        0.00          0.00
 941208  15     0     0          0.00        0.00        0.00          0.00
 941208  16     0     0          0.00        0.00        0.00          0.00
 941208  17     0     0          0.00        0.00        0.00          0.00
 941208  18     0     0          0.00        0.00        0.00          0.00
 941208  19     0     0          0.00        0.00        0.00          0.00
 941208  20     0     0          0.00        0.00        0.00          0.00
 941208  21     0     0          0.00        0.00        0.00          0.00
 941208  22     0     0          0.00        0.00        0.00          0.00
 941208  23     0     0          0.00        0.00        0.00          0.00
 941208  24     0     0          0.00        0.00        0.00          0.00
1
 
                   MAX
            TOTAL  SIM                MAXIMUM CPS                   CONNECT
 DATE  HOUR USERS USERS            IN         OUT       TOTAL         HOURS
 
 
 941209   1     0     0          0.00        0.00        0.00          0.00
 941209   2     0     0          0.00        0.00        0.00          0.00
 941209   3     0     0          0.00        0.00        0.00          0.00
 941209   4     0     0          0.00        0.00        0.00          0.00
 941209   5     0     0          0.00        0.00        0.00          0.00
 941209   6     0     0          0.00        0.00        0.00          0.00
 941209   7     0     0          0.00        0.00        0.00          0.00
 941209   8     0     0          0.00        0.00        0.00          0.00
 941209   9     0     0          0.00        0.00        0.00          0.00
 941209  10     0     0          0.00        0.00        0.00          0.00
 941209  11     0     0          0.00        0.00        0.00          0.00
 941209  12     0     0          0.00        0.00        0.00          0.00
 941209  13     0     0          0.00        0.00        0.00          0.00
 941209  14     0     0          0.00        0.00        0.00          0.00
 941209  15     0     0          0.00        0.00        0.00          0.00
 941209  16     0     0          0.00        0.00        0.00          0.00
 941209  17     0     0          0.00        0.00        0.00          0.00
 941209  18     0     0          0.00        0.00        0.00          0.00
 941209  19     0     0          0.00        0.00        0.00          0.00
 941209  20     0     0          0.00        0.00        0.00          0.00
 941209  21     0     0          0.00        0.00        0.00          0.00
 941209  22     0     0          0.00        0.00        0.00          0.00
 941209  23     0     0          0.00        0.00        0.00          0.00
 941209  24     0     0          0.00        0.00        0.00          0.00
1     MAXIMUM OF MAXIMUM SIMULTANEOUS USERS
 
 
                   MAX
            TOTAL  SIM                MAXIMUM CPS                   CONNECT
 DATE  HOUR USERS USERS            IN         OUT       TOTAL         HOURS
 
 941205  18    64    26         48.48      531.05      577.00         21.90
 
 
     MAXIMUM OF CONNECT HOURS
 
 
                   MAX
            TOTAL  SIM                MAXIMUM CPS                   CONNECT
 DATE  HOUR USERS USERS            IN         OUT       TOTAL         HOURS
 
 941205  18    64    26         48.48      531.05      577.00         21.90
1
  