1
 
                   MAX
            TOTAL  SIM                MAXIMUM CPS                   CONNECT
 DATE  HOUR USERS USERS            IN         OUT       TOTAL         HOURS
 
 
 950123   1     0     0          0.00        0.00        0.00          0.00
 950123   2     1     1          2.28       28.80       31.08          0.18
 950123   3     0     0          0.00        0.00        0.00          0.00
 950123   4     0     0          0.00        0.00        0.00          0.00
 950123   5     0     0          0.00        0.00        0.00          0.00
 950123   6     0     0          0.00        0.00        0.00          0.00
 950123   7     0     0          0.00        0.00        0.00          0.00
 950123   8     0     0          0.00        0.00        0.00          0.00
 950123   9     0     0          0.00        0.00        0.00          0.00
 950123  10     0     0          0.00        0.00        0.00          0.00
 950123  11     0     0          0.00        0.00        0.00          0.00
 950123  12     0     0          0.00        0.00        0.00          0.00
 950123  13     0     0          0.00        0.00        0.00          0.00
 950123  14     0     0          0.00        0.00        0.00          0.00
 950123  15     5     5          9.28      199.07      208.35          0.80
 950123  16    33    14         17.57      430.48      448.05          9.72
 950123  17    47    18         31.95      484.93      516.88         15.48
 950123  18    53    19         17.65      410.35      420.07         15.23
 950123  19    36    14         10.68      414.12      424.10         10.10
 950123  20    36    13         39.37      371.90      409.77         10.00
 950123  21    20     9        142.70      328.07      466.15          7.87
 950123  22    17     9        140.88      339.00      477.15          6.30
 950123  23     0     0          0.00        0.00        0.00          0.00
 950123  24     0     0          0.00        0.00        0.00          0.00
1
 
                   MAX
            TOTAL  SIM                MAXIMUM CPS                   CONNECT
 DATE  HOUR USERS USERS            IN         OUT       TOTAL         HOURS
 
 
 950124   1     0     0          0.00        0.00        0.00          0.00
 950124   2     0     0          0.00        0.00        0.00          0.00
 950124   3     0     0          0.00        0.00        0.00          0.00
 950124   4     0     0          0.00        0.00        0.00          0.00
 950124   5     0     0          0.00        0.00        0.00          0.00
 950124   6     0     0          0.00        0.00        0.00          0.00
 950124   7     0     0          0.00        0.00        0.00          0.00
 950124   8     0     0          0.00        0.00        0.00          0.00
 950124   9     0     0          0.00        0.00        0.00          0.00
 950124  10     0     0          0.00        0.00        0.00          0.00
 950124  11     0     0          0.00        0.00        0.00          0.00
 950124  12     0     0          0.00        0.00        0.00          0.00
 950124  13     0     0          0.00        0.00        0.00          0.00
 950124  14     0     0          0.00        0.00        0.00          0.00
 950124  15     0     0          0.00        0.00        0.00          0.00
 950124  16     0     0          0.00        0.00        0.00          0.00
 950124  17     0     0          0.00        0.00        0.00          0.00
 950124  18     0     0          0.00        0.00        0.00          0.00
 950124  19     0     0          0.00        0.00        0.00          0.00
 950124  20     0     0          0.00        0.00        0.00          0.00
 950124  21     0     0          0.00        0.00        0.00          0.00
 950124  22     0     0          0.00        0.00        0.00          0.00
 950124  23     0     0          0.00        0.00        0.00          0.00
 950124  24     0     0          0.00        0.00        0.00          0.00
1
 
                   MAX
            TOTAL  SIM                MAXIMUM CPS                   CONNECT
 DATE  HOUR USERS USERS            IN         OUT       TOTAL         HOURS
 
 
 950125   1     0     0          0.00        0.00        0.00          0.00
 950125   2     0     0          0.00        0.00        0.00          0.00
 950125   3     0     0          0.00        0.00        0.00          0.00
 950125   4     0     0          0.00        0.00        0.00          0.00
 950125   5     0     0          0.00        0.00        0.00          0.00
 950125   6     0     0          0.00        0.00        0.00          0.00
 950125   7     0     0          0.00        0.00        0.00          0.00
 950125   8     0     0          0.00        0.00        0.00          0.00
 950125   9     0     0          0.00        0.00        0.00          0.00
 950125  10     0     0          0.00        0.00        0.00          0.00
 950125  11     0     0          0.00        0.00        0.00          0.00
 950125  12     0     0          0.00        0.00        0.00          0.00
 950125  13     0     0          0.00        0.00        0.00          0.00
 950125  14     0     0          0.00        0.00        0.00          0.00
 950125  15     0     0          0.00        0.00        0.00          0.00
 950125  16     0     0          0.00        0.00        0.00          0.00
 950125  17     0     0          0.00        0.00        0.00          0.00
 950125  18     0     0          0.00        0.00        0.00          0.00
 950125  19     0     0          0.00        0.00        0.00          0.00
 950125  20     0     0          0.00        0.00        0.00          0.00
 950125  21     0     0          0.00        0.00        0.00          0.00
 950125  22     0     0          0.00        0.00        0.00          0.00
 950125  23     0     0          0.00        0.00        0.00          0.00
 950125  24     0     0          0.00        0.00        0.00          0.00
1
 
                   MAX
            TOTAL  SIM                MAXIMUM CPS                   CONNECT
 DATE  HOUR USERS USERS            IN         OUT       TOTAL         HOURS
 
 
 950126   1     0     0          0.00        0.00        0.00          0.00
 950126   2     0     0          0.00        0.00        0.00          0.00
 950126   3     0     0          0.00        0.00        0.00          0.00
 950126   4     0     0          0.00        0.00        0.00          0.00
 950126   5     0     0          0.00        0.00        0.00          0.00
 950126   6     0     0          0.00        0.00        0.00          0.00
 950126   7     0     0          0.00        0.00        0.00          0.00
 950126   8     0     0          0.00        0.00        0.00          0.00
 950126   9     0     0          0.00        0.00        0.00          0.00
 950126  10     0     0          0.00        0.00        0.00          0.00
 950126  11     0     0          0.00        0.00        0.00          0.00
 950126  12     0     0          0.00        0.00        0.00          0.00
 950126  13     0     0          0.00        0.00        0.00          0.00
 950126  14     0     0          0.00        0.00        0.00          0.00
 950126  15     0     0          0.00        0.00        0.00          0.00
 950126  16     0     0          0.00        0.00        0.00          0.00
 950126  17     0     0          0.00        0.00        0.00          0.00
 950126  18     0     0          0.00        0.00        0.00          0.00
 950126  19     0     0          0.00        0.00        0.00          0.00
 950126  20     0     0          0.00        0.00        0.00          0.00
 950126  21     0     0          0.00        0.00        0.00          0.00
 950126  22     0     0          0.00        0.00        0.00          0.00
 950126  23     0     0          0.00        0.00        0.00          0.00
 950126  24     0     0          0.00        0.00        0.00          0.00
1
 
                   MAX
            TOTAL  SIM                MAXIMUM CPS                   CONNECT
 DATE  HOUR USERS USERS            IN         OUT       TOTAL         HOURS
 
 
 950127   1     0     0          0.00        0.00        0.00          0.00
 950127   2     0     0          0.00        0.00        0.00          0.00
 950127   3     0     0          0.00        0.00        0.00          0.00
 950127   4     0     0          0.00        0.00        0.00          0.00
 950127   5     0     0          0.00        0.00        0.00          0.00
 950127   6     0     0          0.00        0.00        0.00          0.00
 950127   7     0     0          0.00        0.00        0.00          0.00
 950127   8     0     0          0.00        0.00        0.00          0.00
 950127   9     0     0          0.00        0.00        0.00          0.00
 950127  10     0     0          0.00        0.00        0.00          0.00
 950127  11     0     0          0.00        0.00        0.00          0.00
 950127  12     0     0          0.00        0.00        0.00          0.00
 950127  13     0     0          0.00        0.00        0.00          0.00
 950127  14     0     0          0.00        0.00        0.00          0.00
 950127  15     0     0          0.00        0.00        0.00          0.00
 950127  16     0     0          0.00        0.00        0.00          0.00
 950127  17     0     0          0.00        0.00        0.00          0.00
 950127  18     0     0          0.00        0.00        0.00          0.00
 950127  19     0     0          0.00        0.00        0.00          0.00
 950127  20     0     0          0.00        0.00        0.00          0.00
 950127  21     0     0          0.00        0.00        0.00          0.00
 950127  22     0     0          0.00        0.00        0.00          0.00
 950127  23     0     0          0.00        0.00        0.00          0.00
 950127  24     0     0          0.00        0.00        0.00          0.00
1     MAXIMUM OF MAXIMUM SIMULTANEOUS USERS
 
 
                   MAX
            TOTAL  SIM                MAXIMUM CPS                   CONNECT
 DATE  HOUR USERS USERS            IN         OUT       TOTAL         HOURS
 
 950123  18    53    19         17.65      410.35      420.07         15.23
 
 
     MAXIMUM OF CONNECT HOURS
 
 
                   MAX
            TOTAL  SIM                MAXIMUM CPS                   CONNECT
 DATE  HOUR USERS USERS            IN         OUT       TOTAL         HOURS
 
 950123  17    47    18         31.95      484.93      516.88         15.48
1
  