1
 
                   MAX
            TOTAL  SIM                MAXIMUM CPS                   CONNECT
 DATE  HOUR USERS USERS            IN         OUT       TOTAL         HOURS
 
 
 940117   1     0     0          0.00        0.00        0.00          0.00
 940117   2     0     0          0.00        0.00        0.00          0.00
 940117   3     0     0          0.00        0.00        0.00          0.00
 940117   4     0     0          0.00        0.00        0.00          0.00
 940117   5     0     0          0.00        0.00        0.00          0.00
 940117   6     0     0          0.00        0.00        0.00          0.00
 940117   7     0     0          0.00        0.00        0.00          0.00
 940117   8     0     0          0.00        0.00        0.00          0.00
 940117   9     0     0          0.00        0.00        0.00          0.00
 940117  10     0     0          0.00        0.00        0.00          0.00
 940117  11     0     0          0.00        0.00        0.00          0.00
 940117  12     0     0          0.00        0.00        0.00          0.00
 940117  13     0     0          0.00        0.00        0.00          0.00
 940117  14     0     0          0.00        0.00        0.00          0.00
 940117  15     0     0          0.00        0.00        0.00          0.00
 940117  16     0     0          0.00        0.00        0.00          0.00
 940117  17     0     0          0.00        0.00        0.00          0.00
 940117  18     0     0          0.00        0.00        0.00          0.00
 940117  19     0     0          0.00        0.00        0.00          0.00
 940117  20     0     0          0.00        0.00        0.00          0.00
 940117  21     0     0          0.00        0.00        0.00          0.00
 940117  22     0     0          0.00        0.00        0.00          0.00
 940117  23     0     0          0.00        0.00        0.00          0.00
 940117  24     0     0          0.00        0.00        0.00          0.00
1
 
                   MAX
            TOTAL  SIM                MAXIMUM CPS                   CONNECT
 DATE  HOUR USERS USERS            IN         OUT       TOTAL         HOURS
 
 
 940118   1     0     0          0.00        0.00        0.00          0.00
 940118   2     0     0          0.00        0.00        0.00          0.00
 940118   3     0     0          0.00        0.00        0.00          0.00
 940118   4     0     0          0.00        0.00        0.00          0.00
 940118   5     0     0          0.00        0.00        0.00          0.00
 940118   6     0     0          0.00        0.00        0.00          0.00
 940118   7     0     0          0.00        0.00        0.00          0.00
 940118   8     0     0          0.00        0.00        0.00          0.00
 940118   9     0     0          0.00        0.00        0.00          0.00
 940118  10     0     0          0.00        0.00        0.00          0.00
 940118  11     0     0          0.00        0.00        0.00          0.00
 940118  12     0     0          0.00        0.00        0.00          0.00
 940118  13     0     0          0.00        0.00        0.00          0.00
 940118  14     0     0          0.00        0.00        0.00          0.00
 940118  15     0     0          0.00        0.00        0.00          0.00
 940118  16     0     0          0.00        0.00        0.00          0.00
 940118  17     0     0          0.00        0.00        0.00          0.00
 940118  18     0     0          0.00        0.00        0.00          0.00
 940118  19     0     0          0.00        0.00        0.00          0.00
 940118  20     1     1          1.33       16.27       17.60          0.05
 940118  21     0     0          0.00        0.00        0.00          0.00
 940118  22     3     1          1.22       44.93       46.15          0.83
 940118  23     1     1          1.22       44.93       46.15          0.07
 940118  24     0     0          0.00        0.00        0.00          0.00
1
 
                   MAX
            TOTAL  SIM                MAXIMUM CPS                   CONNECT
 DATE  HOUR USERS USERS            IN         OUT       TOTAL         HOURS
 
 
 940119   1     1     1          1.02       44.07       45.08          0.40
 940119   2     0     0          0.00        0.00        0.00          0.00
 940119   3     0     0          0.00        0.00        0.00          0.00
 940119   4     0     0          0.00        0.00        0.00          0.00
 940119   5     0     0          0.00        0.00        0.00          0.00
 940119   6     0     0          0.00        0.00        0.00          0.00
 940119   7     0     0          0.00        0.00        0.00          0.00
 940119   8     0     0          0.00        0.00        0.00          0.00
 940119   9     0     0          0.00        0.00        0.00          0.00
 940119  10     0     0          0.00        0.00        0.00          0.00
 940119  11     0     0          0.00        0.00        0.00          0.00
 940119  12     0     0          0.00        0.00        0.00          0.00
 940119  13     0     0          0.00        0.00        0.00          0.00
 940119  14     0     0          0.00        0.00        0.00          0.00
 940119  15     0     0          0.00        0.00        0.00          0.00
 940119  16     0     0          0.00        0.00        0.00          0.00
 940119  17     0     0          0.00        0.00        0.00          0.00
 940119  18     0     0          0.00        0.00        0.00          0.00
 940119  19     0     0          0.00        0.00        0.00          0.00
 940119  20     0     0          0.00        0.00        0.00          0.00
 940119  21     1     1          0.93       76.12       77.05          0.13
 940119  22     1     1          0.93       76.12       77.05          0.18
 940119  23     0     0          0.00        0.00        0.00          0.00
 940119  24     0     0          0.00        0.00        0.00          0.00
1
 
                   MAX
            TOTAL  SIM                MAXIMUM CPS                   CONNECT
 DATE  HOUR USERS USERS            IN         OUT       TOTAL         HOURS
 
 
 940120   1     0     0          0.00        0.00        0.00          0.00
 940120   2     0     0          0.00        0.00        0.00          0.00
 940120   3     0     0          0.00        0.00        0.00          0.00
 940120   4     0     0          0.00        0.00        0.00          0.00
 940120   5     0     0          0.00        0.00        0.00          0.00
 940120   6     0     0          0.00        0.00        0.00          0.00
 940120   7     0     0          0.00        0.00        0.00          0.00
 940120   8     0     0          0.00        0.00        0.00          0.00
 940120   9     0     0          0.00        0.00        0.00          0.00
 940120  10     0     0          0.00        0.00        0.00          0.00
 940120  11     0     0          0.00        0.00        0.00          0.00
 940120  12     0     0          0.00        0.00        0.00          0.00
 940120  13     0     0          0.00        0.00        0.00          0.00
 940120  14     0     0          0.00        0.00        0.00          0.00
 940120  15     0     0          0.00        0.00        0.00          0.00
 940120  16     0     0          0.00        0.00        0.00          0.00
 940120  17     1     1          1.32       49.70       51.02          0.35
 940120  18     0     0          0.00        0.00        0.00          0.00
 940120  19     3     2          3.37       42.93       46.30          1.00
 940120  20     1     1          0.53       32.98       33.52          0.43
 940120  21     0     0          0.00        0.00        0.00          0.00
 940120  22     4     2          3.25      132.98      136.23          0.30
 940120  23     0     0          0.00        0.00        0.00          0.00
 940120  24     2     1          2.05       67.52       69.57          0.33
1
 
                   MAX
            TOTAL  SIM                MAXIMUM CPS                   CONNECT
 DATE  HOUR USERS USERS            IN         OUT       TOTAL         HOURS
 
 
 940121   1     0     0          0.00        0.00        0.00          0.00
 940121   2     0     0          0.00        0.00        0.00          0.00
 940121   3     0     0          0.00        0.00        0.00          0.00
 940121   4     0     0          0.00        0.00        0.00          0.00
 940121   5     0     0          0.00        0.00        0.00          0.00
 940121   6     0     0          0.00        0.00        0.00          0.00
 940121   7     0     0          0.00        0.00        0.00          0.00
 940121   8     0     0          0.00        0.00        0.00          0.00
 940121   9     0     0          0.00        0.00        0.00          0.00
 940121  10     0     0          0.00        0.00        0.00          0.00
 940121  11     0     0          0.00        0.00        0.00          0.00
 940121  12     0     0          0.00        0.00        0.00          0.00
 940121  13     0     0          0.00        0.00        0.00          0.00
 940121  14     0     0          0.00        0.00        0.00          0.00
 940121  15     0     0          0.00        0.00        0.00          0.00
 940121  16     0     0          0.00        0.00        0.00          0.00
 940121  17     0     0          0.00        0.00        0.00          0.00
 940121  18     0     0          0.00        0.00        0.00          0.00
 940121  19     0     0          0.00        0.00        0.00          0.00
 940121  20     0     0          0.00        0.00        0.00          0.00
 940121  21     0     0          0.00        0.00        0.00          0.00
 940121  22     0     0          0.00        0.00        0.00          0.00
 940121  23     0     0          0.00        0.00        0.00          0.00
 940121  24     0     0          0.00        0.00        0.00          0.00
1     MAXIMUM OF MAXIMUM SIMULTANEOUS USERS
 
 
                   MAX
            TOTAL  SIM                MAXIMUM CPS                   CONNECT
 DATE  HOUR USERS USERS            IN         OUT       TOTAL         HOURS
 
 940120  19     3     2          3.37       42.93       46.30          1.00
 
 
     MAXIMUM OF CONNECT HOURS
 
 
                   MAX
            TOTAL  SIM                MAXIMUM CPS                   CONNECT
 DATE  HOUR USERS USERS            IN         OUT       TOTAL         HOURS
 
 940120  19     3     2          3.37       42.93       46.30          1.00
1
  