1
 
                   MAX
            TOTAL  SIM                MAXIMUM CPS                   CONNECT
 DATE  HOUR USERS USERS            IN         OUT       TOTAL         HOURS
 
 
 941123   1    23    11         18.10     1009.93     1027.05          8.05
 941123   2    30    12         42.50      913.72      932.38          9.57
 941123   3    48    13         39.45     1012.65     1039.98          8.32
 941123   4    53    14         37.93     1109.78     1131.10         12.02
 941123   5    39    13         49.15     1147.25     1170.83         10.10
 941123   6    40    10        110.98      759.62      779.23          6.92
 941123   7    19    10         18.18      762.98      776.98          6.33
 941123   8     8     5         10.48      314.80      320.18          3.05
 941123   9     8     4          9.83      314.80      320.18          2.62
 941123  10     6     3          4.97      185.05      190.02          1.88
 941123  11     7     3         10.27       84.72       94.98          1.45
 941123  12     5     3          4.92      199.77      204.68          1.37
 941123  13     3     2          2.93      198.60      201.53          1.15
 941123  14     9     2         95.58      152.00      162.08          0.87
 941123  15    14     5         70.02      265.17      272.03          2.73
 941123  16    11     4         47.98      358.33      367.12          1.85
 941123  17    13     3         21.15      150.87      171.48          1.73
 941123  18    16     5         31.80      466.17      478.30          2.55
 941123  19    20     6         32.40      709.47      718.07          2.15
 941123  20    15     6         10.30      890.25      900.55          3.35
 941123  21    24     7         16.18      882.80      898.98          4.45
 941123  22    33    10         22.57     1016.95     1039.52          6.42
 941123  23    15     6         12.45      471.47      483.92          4.68
 941123  24    19     5         10.62      341.57      349.83          3.23
1
 
                   MAX
            TOTAL  SIM                MAXIMUM CPS                   CONNECT
 DATE  HOUR USERS USERS            IN         OUT       TOTAL         HOURS
 
 
 941124   1    33     9        105.90      881.52      893.77          6.33
 941124   2    32     9         21.85      638.52      652.80          7.67
 941124   3    35    16         40.35      974.37     1014.72         11.68
 941124   4    30    13         59.32      831.80      856.52         10.23
 941124   5    33    10         30.27      901.85      915.67          7.78
 941124   6    27    10         50.95      985.13      995.25          7.07
 941124   7    18     8         36.82      621.80      635.05          4.88
 941124   8    14     7         37.90      523.52      549.35          5.00
 941124   9    16     5         24.18      357.12      368.67          2.90
 941124  10     7     3          5.52      340.82      346.33          1.90
 941124  11     8     4          6.78      419.83      422.80          2.77
 941124  12     7     4          6.15      568.52      574.67          2.62
 941124  13     6     3          7.07      340.95      348.02          2.18
 941124  14     6     3          5.08      520.47      525.55          1.90
 941124  15    11     6         12.32      774.75      787.07          3.70
 941124  16    15     6         11.45      546.15      555.25          3.55
 941124  17    23     6         18.75      483.92      493.78          3.30
 941124  18    20     8         15.15      631.97      647.12          4.73
 941124  19    28     7         18.03      623.48      636.55          5.53
 941124  20    20     7         16.68      541.22      553.95          4.32
 941124  21    21     7         16.60      541.22      553.95          4.48
 941124  22    24     8         77.72      509.95      572.90          5.82
 941124  23    23     7         12.07      507.77      519.18          4.90
 941124  24    19     8         14.00      728.30      741.82          5.65
1
 
                   MAX
            TOTAL  SIM                MAXIMUM CPS                   CONNECT
 DATE  HOUR USERS USERS            IN         OUT       TOTAL         HOURS
 
 
 941125   1    27     8         42.68      701.42      744.10          5.83
 941125   2    30    11         38.18     1003.30     1029.45          8.02
 941125   3    25    10         59.50      956.15      970.20          5.98
 941125   4    26    10         32.37      954.47      983.93          8.23
 941125   5    25     8         17.37      908.25      925.62          6.55
 941125   6    19     9         16.47      894.67      910.50          7.22
 941125   7    16     9         15.95      774.60      790.55          4.73
 941125   8    13     4         25.67      493.67      519.33          2.42
 941125   9    16     5        156.08      514.92      527.87          2.93
 941125  10     9     3          7.03      512.50      518.30          1.53
 941125  11     6     2          7.30      113.58      117.18          0.60
 941125  12     6     2          4.52      204.93      209.45          1.08
 941125  13     4     2         10.52      246.00      256.52          0.95
 941125  14    13     4         19.38      589.47      600.33          1.52
 941125  15    17     6         13.35      799.20      806.97          3.58
 941125  16    18     7         13.97      759.30      772.37          4.43
 941125  17    17     5         23.93      469.85      476.92          3.38
 941125  18    15     8         13.43      964.43      977.87          6.53
 941125  19    24     7         16.55      861.57      872.97          5.20
 941125  20    24     8         35.03      873.53      888.33          5.27
 941125  21    26     9         23.33      874.78      887.73          6.30
 941125  22    22     9         18.55      807.08      820.72          7.20
 941125  23    28    11         19.90      751.33      769.40          7.80
 941125  24    29    10         17.63      788.15      800.83          7.43
1
 
                   MAX
            TOTAL  SIM                MAXIMUM CPS                   CONNECT
 DATE  HOUR USERS USERS            IN         OUT       TOTAL         HOURS
 
 
 941126   1    30    11         19.67     1119.18     1137.50          8.27
 941126   2    28     8         19.72      880.97      893.03          6.33
 941126   3    39    13         49.58      972.35     1009.92          9.28
 941126   4    41    15         26.17     1208.73     1234.32         11.93
 941126   5    33    13         24.12     1012.42     1029.22          9.78
 941126   6    34    11         89.87      746.83      816.50          7.28
 941126   7    22    11         21.75      731.52      745.90          8.63
 941126   8    15     8         48.32      873.43      888.20          5.42
 941126   9    14     5         15.02      323.15      338.17          2.02
 941126  10     5     5         11.98      346.88      358.87          3.37
 941126  11     7     4         10.30      227.92      232.52          1.53
 941126  12     3     2          3.70       96.77      100.47          1.37
 941126  13     4     2          4.13       73.00       75.97          1.23
 941126  14     5     3          6.02      405.58      411.60          0.98
 941126  15    11     4         47.22      695.63      703.85          2.52
 941126  16    18     6         12.23      590.43      599.08          2.77
 941126  17    24     7        167.10      834.32      845.32          5.78
 941126  18    23     9         22.40     1139.87     1155.78          7.22
 941126  19    24     8         22.23      762.02      783.37          4.38
 941126  20    21     7         19.78      566.48      578.40          4.57
 941126  21    32    10         67.48      980.25      998.58          6.60
 941126  22    25    10         16.55      934.22      950.68          7.55
 941126  23    39    13         27.40      920.28      937.27          8.05
 941126  24    25     9         22.63      616.35      632.08          5.22
1     MAXIMUM OF MAXIMUM SIMULTANEOUS USERS
 
 
                   MAX
            TOTAL  SIM                MAXIMUM CPS                   CONNECT
 DATE  HOUR USERS USERS            IN         OUT       TOTAL         HOURS
 
 941124   3    35    16         40.35      974.37     1014.72         11.68
 
 
     MAXIMUM OF CONNECT HOURS
 
 
                   MAX
            TOTAL  SIM                MAXIMUM CPS                   CONNECT
 DATE  HOUR USERS USERS            IN         OUT       TOTAL         HOURS
 
 941123   4    53    14         37.93     1109.78     1131.10         12.02
1
