1
 
                   MAX
            TOTAL  SIM                MAXIMUM CPS                   CONNECT
 DATE  HOUR USERS USERS            IN         OUT       TOTAL         HOURS
 
 
 940517   1     2     2         29.67       17.75       47.42          1.05
 940517   2     1     1         13.42        8.82       22.23          1.00
 940517   3     2     2         17.73       11.53       29.27          1.32
 940517   4     1     1         13.42        8.82       22.23          1.00
 940517   5     1     1         13.42        8.82       22.23          1.00
 940517   6     1     1         13.42        8.82       22.23          1.00
 940517   7     7     1         13.42        8.82       22.23          0.20
 940517   8     1     1         18.17       25.38       43.55          0.90
 940517   9     1     1         18.17       25.38       43.55          1.00
 940517  10     1     1         18.17       25.38       43.55          1.00
 940517  11     1     1         18.17       25.38       43.55          1.00
 940517  12     1     1         18.17       25.38       43.55          1.00
 940517  13     7     3         21.45      109.07      128.85          1.85
 940517  14     6     4         19.88       84.12      103.95          2.28
 940517  15    10     5         65.92       94.30      160.22          2.92
 940517  16     6     6         22.02      144.33      166.35          4.12
 940517  17     7     5        119.37      111.63      189.67          4.18
 940517  18     6     5         20.78      110.53      131.32          4.08
 940517  19     6     5         22.02      115.03      137.05          4.17
 940517  20     5     4         22.85      110.43      133.28          3.88
 940517  21     3     3         19.53       48.23       67.77          3.00
 940517  22     8     5         22.78      120.48      142.53          2.97
 940517  23     4     3         48.52       67.97      116.48          2.35
 940517  24     2     2         46.13       12.83       58.97          1.97
1
 
                   MAX
            TOTAL  SIM                MAXIMUM CPS                   CONNECT
 DATE  HOUR USERS USERS            IN         OUT       TOTAL         HOURS
 
 
 940518   1     2     2         46.13       12.83       58.97          2.00
 940518   2     4     3         51.55       27.23       74.32          2.57
 940518   3     3     3         51.55       18.90       70.45          2.17
 940518   4     4     4        167.00       15.48      182.48          2.33
 940518   5     4     2         46.80        1.92       48.72          1.48
 940518   6     2     2         47.02        1.93       48.95          0.67
 940518   7     0     0          0.00        0.00        0.00          0.00
 940518   8     0     0          0.00        0.00        0.00          0.00
 940518   9     0     0          0.00        0.00        0.00          0.00
 940518  10     0     0          0.00        0.00        0.00          0.00
 940518  11     1     1          0.20        0.03        0.23          0.02
 940518  12     9     3         31.63       24.90       56.50          1.38
 940518  13     9     5         34.03       93.67      124.92          3.73
 940518  14     6     5         33.08      201.08      234.17          4.18
 940518  15     5     4         31.53       43.82       75.35          3.22
 940518  16     5     4         33.48       82.50      115.98          3.60
 940518  17     5     4         36.52       70.03      106.55          2.45
 940518  18     5     5         33.68       26.90       60.58          3.83
 940518  19     6     5         33.98       64.68       98.67          4.25
 940518  20     5     5         35.23       73.57      108.80          4.05
 940518  21     9     6         74.40       94.52      168.90          4.73
 940518  22     8     4         92.78       83.90      139.82          3.02
 940518  23     6     5         21.17       99.00      120.17          3.52
 940518  24     6     4         12.02       77.73       87.43          3.18
1
 
                   MAX
            TOTAL  SIM                MAXIMUM CPS                   CONNECT
 DATE  HOUR USERS USERS            IN         OUT       TOTAL         HOURS
 
 
 940519   1     6     4         16.00      137.57      153.57          3.17
 940519   2     4     4          9.35       36.00       45.35          3.05
 940519   3     3     3          9.17       34.12       43.28          2.83
 940519   4     2     2          9.15       33.58       42.73          2.00
 940519   5     2     2          9.15       33.58       42.73          2.00
 940519   6     2     2          9.15       33.58       42.73          0.73
 940519   7     2     2         35.10        0.03       35.13          0.10
 940519   8     3     3         35.25        0.15       35.40          1.35
 940519   9     2     2         41.12       22.80       63.92          1.02
 940519  10     2     2         41.12       22.80       63.92          2.00
 940519  11     2     2         41.12       22.80       63.92          2.00
 940519  12     2     2         41.12       22.80       63.92          2.00
 940519  13     4     3         41.72       69.90      111.62          2.33
 940519  14     7     4         43.75      118.35      162.10          2.43
 940519  15     3     3         41.25       31.22       72.47          2.40
 940519  16     5     3         37.43       73.75      111.18          1.88
 940519  17     2     2         35.22       35.38       70.60          1.15
 940519  18     3     2         46.60       33.20       79.80          1.23
 940519  19     3     3         36.25       25.45       61.70          2.18
 940519  20     4     4        183.98        8.13      192.12          2.67
 940519  21     8     5        183.98       71.02      192.12          3.13
 940519  22     5     3         36.08       71.02      107.10          1.87
 940519  23     3     2          1.70       36.97       38.20          1.23
 940519  24     5     3          6.12      183.28      186.07          1.25
1
 
                   MAX
            TOTAL  SIM                MAXIMUM CPS                   CONNECT
 DATE  HOUR USERS USERS            IN         OUT       TOTAL         HOURS
 
 
 940520   1     1     1          0.02        0.17        0.18          1.00
 940520   2     1     1          0.02        0.17        0.18          1.00
 940520   3     1     1          0.02        0.17        0.18          1.00
 940520   4     1     1          0.02        0.17        0.18          0.02
 940520   5     0     0          0.00        0.00        0.00          0.00
 940520   6     0     0          0.00        0.00        0.00          0.00
 940520   7     1     1         37.62        0.00       37.62          0.28
 940520   8     1     1         37.62        0.00       37.62          1.00
 940520   9     2     2         61.92        3.03       64.95          1.02
 940520  10     3     2         61.92        3.03       64.95          1.30
 940520  11     4     3         48.33       59.10      107.43          1.53
 940520  12     2     2         38.00       10.90       48.90          1.12
 940520  13     7     3         38.67       75.83      114.50          1.78
 940520  14     7     5        103.47       70.02      131.67          2.82
 940520  15     6     4        111.55       52.53      130.80          3.33
 940520  16     5     5         44.30       52.08       96.38          3.97
 940520  17     7     5         44.03      126.20      166.70          3.00
 940520  18     5     3         40.92       56.95       97.87          2.15
 940520  19     4     3         37.85        2.52       40.37          2.10
 940520  20     6     4        117.52       52.33      123.95          2.48
 940520  21     4     4        142.55       17.53      160.08          3.00
 940520  22     3     2         37.85        3.35       41.20          1.45
 940520  23     6     2          4.00       76.75       80.75          0.87
 940520  24     0     0          0.00        0.00        0.00          0.00
1     MAXIMUM OF MAXIMUM SIMULTANEOUS USERS
 
 
                   MAX
            TOTAL  SIM                MAXIMUM CPS                   CONNECT
 DATE  HOUR USERS USERS            IN         OUT       TOTAL         HOURS
 
 940517  16     6     6         22.02      144.33      166.35          4.12
 
 
     MAXIMUM OF CONNECT HOURS
 
 
                   MAX
            TOTAL  SIM                MAXIMUM CPS                   CONNECT
 DATE  HOUR USERS USERS            IN         OUT       TOTAL         HOURS
 
 940518  21     9     6         74.40       94.52      168.90          4.73
1
