1
 
                   MAX
            TOTAL  SIM                MAXIMUM CPS                   CONNECT
 DATE  HOUR USERS USERS            IN         OUT       TOTAL         HOURS
 
 
 950306   1     0     0          0.00        0.00        0.00          0.00
 950306   2     0     0          0.00        0.00        0.00          0.00
 950306   3     1     1         68.50      131.83      200.33          0.03
 950306   4     1     1         68.50      131.83      200.33          0.48
 950306   5     0     0          0.00        0.00        0.00          0.00
 950306   6     0     0          0.00        0.00        0.00          0.00
 950306   7     1     1         36.57       86.63      123.20          0.03
 950306   8     1     1         36.57       86.63      123.20          0.48
 950306   9     0     0          0.00        0.00        0.00          0.00
 950306  10     0     0          0.00        0.00        0.00          0.00
 950306  11     0     0          0.00        0.00        0.00          0.00
 950306  12     0     0          0.00        0.00        0.00          0.00
 950306  13     0     0          0.00        0.00        0.00          0.00
 950306  14     2     2        172.92      378.20      551.12          0.13
 950306  15     2     2        172.92      378.20      551.12          1.48
 950306  16     1     1         94.18       99.73      193.92          0.62
 950306  17     2     2        188.72      307.20      495.92          0.90
 950306  18     2     2        188.72      307.20      495.92          1.48
 950306  19     1     1         45.65       84.23      129.88          1.00
 950306  20     2     2        210.57      285.33      495.90          1.03
 950306  21     2     2        210.57      285.33      495.90          1.48
 950306  22     1     1         45.65       84.23      129.88          1.00
 950306  23     2     2        188.03      320.95      508.98          1.03
 950306  24     2     2        188.03      320.95      508.98          1.47
1
 
                   MAX
            TOTAL  SIM                MAXIMUM CPS                   CONNECT
 DATE  HOUR USERS USERS            IN         OUT       TOTAL         HOURS
 
 
 950307   1     1     1         45.65       84.23      129.88          1.00
 950307   2     1     1         45.65       84.23      129.88          1.00
 950307   3     1     1         45.65       84.23      129.88          1.00
 950307   4     1     1         45.65       84.23      129.88          1.00
 950307   5     1     1         45.65       84.23      129.88          1.00
 950307   6     1     1         45.65       84.23      129.88          1.00
 950307   7     2     2        256.82      229.05      485.87          1.03
 950307   8     2     2        256.82      229.05      485.87          1.48
 950307   9     1     1         45.65       84.23      129.88          1.00
 950307  10     1     1         45.65       84.23      129.88          1.00
 950307  11     1     1         45.65       84.23      129.88          1.00
 950307  12     1     1         45.65       84.23      129.88          1.00
 950307  13     1     1         45.65       84.23      129.88          1.00
 950307  14     1     1         45.65       84.23      129.88          1.00
 950307  15     1     1         45.65       84.23      129.88          1.00
 950307  16     2     2        108.20      182.80      291.00          1.70
 950307  17     3     3        138.05      267.37      405.42          2.03
 950307  18     3     3        138.05      267.37      405.42          2.48
 950307  19     2     2        108.20      182.80      291.00          2.00
 950307  20     3     2        108.20      182.80      291.00          1.40
 950307  21     2     1         52.40       88.98      141.38          0.52
 950307  22     1     1         36.42       63.60      100.02          1.00
 950307  23     2     2        146.45      231.78      378.23          1.03
 950307  24     2     2        146.45      231.78      378.23          1.47
1
 
                   MAX
            TOTAL  SIM                MAXIMUM CPS                   CONNECT
 DATE  HOUR USERS USERS            IN         OUT       TOTAL         HOURS
 
 
 950308   1     1     1         36.42       63.60      100.02          1.00
 950308   2     1     1         36.42       63.60      100.02          1.00
 950308   3     1     1         36.42       63.60      100.02          1.00
 950308   4     1     1         36.42       63.60      100.02          1.00
 950308   5     1     1         36.42       63.60      100.02          1.00
 950308   6     1     1         36.42       63.60      100.02          1.00
 950308   7     2     2        154.05      191.78      345.83          1.03
 950308   8     2     2        154.05      191.78      345.83          1.48
 950308   9     1     1         36.42       63.60      100.02          1.00
 950308  10     1     1         36.42       63.60      100.02          1.00
 950308  11     1     1         36.42       63.60      100.02          1.00
 950308  12     1     1         36.42       63.60      100.02          1.00
 950308  13     1     1         36.42       63.60      100.02          1.00
 950308  14     2     2         95.85      294.03      389.88          1.03
 950308  15     2     2         95.85      294.03      389.88          1.48
 950308  16     2     2        105.55      183.43      288.98          1.55
 950308  17     2     2        105.55      183.43      288.98          2.00
 950308  18     3     3        190.18      301.00      491.18          2.53
 950308  19     2     2        105.55      183.43      288.98          1.92
 950308  20     2     2         65.65      170.88      236.53          1.03
 950308  21     3     2        133.65      203.88      337.53          1.57
 950308  22     1     1         56.87       68.10      124.97          0.97
 950308  23     2     2        175.18      267.30      442.48          1.03
 950308  24     2     2        175.18      267.30      442.48          1.47
1
 
                   MAX
            TOTAL  SIM                MAXIMUM CPS                   CONNECT
 DATE  HOUR USERS USERS            IN         OUT       TOTAL         HOURS
 
 
 950309   1     1     1         56.87       68.10      124.97          1.00
 950309   2     1     1         56.87       68.10      124.97          1.00
 950309   3     1     1         56.87       68.10      124.97          1.00
 950309   4     1     1         56.87       68.10      124.97          1.00
 950309   5     1     1         56.87       68.10      124.97          1.00
 950309   6     1     1         56.87       68.10      124.97          1.00
 950309   7     2     2        231.92      228.65      460.57          1.03
 950309   8     2     2        231.92      228.65      460.57          1.48
 950309   9     1     1         56.87       68.10      124.97          1.00
 950309  10     2     2        138.83      240.67      379.50          1.00
 950309  11     1     1         65.93      153.25      219.18          0.67
 950309  12     1     1         65.93      153.25      219.18          1.00
 950309  13     1     1         65.93      153.25      219.18          0.98
 950309  14     1     1        311.65      215.40      527.05          0.03
 950309  15     1     1        311.65      215.40      527.05          0.48
 950309  16     1     1        112.33      154.82      267.15          0.58
 950309  17     2     1        112.33      154.82      267.15          0.17
 950309  18     3     1        103.67      258.42      362.08          0.88
 950309  19     2     1         73.62      280.12      353.73          0.52
 950309  20     2     1         73.62      280.12      353.73          0.50
 950309  21     2     1         69.57      118.90      188.47          0.52
 950309  22     1     1         23.68       82.12      105.80          1.00
 950309  23     2     2        152.25      240.07      392.32          1.03
 950309  24     2     2        152.25      240.07      392.32          1.47
1
 
                   MAX
            TOTAL  SIM                MAXIMUM CPS                   CONNECT
 DATE  HOUR USERS USERS            IN         OUT       TOTAL         HOURS
 
 
 950310   1     1     1         23.68       82.12      105.80          1.00
 950310   2     1     1         23.68       82.12      105.80          1.00
 950310   3     1     1         23.68       82.12      105.80          1.00
 950310   4     1     1         23.68       82.12      105.80          1.00
 950310   5     1     1         23.68       82.12      105.80          1.00
 950310   6     1     1         23.68       82.12      105.80          1.00
 950310   7     2     2        279.93      221.15      501.08          1.03
 950310   8     2     2        279.93      221.15      501.08          1.48
 950310   9     2     2         49.82      119.52      169.33          1.03
 950310  10     1     1         23.68       82.12      105.80          1.00
 950310  11     1     1         23.68       82.12      105.80          1.00
 950310  12     1     1         23.68       82.12      105.80          0.45
 950310  13     0     0          0.00        0.00        0.00          0.00
 950310  14     1     1         41.20      194.12      235.32          0.03
 950310  15     1     1         41.20      194.12      235.32          0.48
 950310  16     0     0          0.00        0.00        0.00          0.00
 950310  17     2     1        251.70      149.05      400.75          0.40
 950310  18     1     1         50.85       71.10      121.95          0.48
 950310  19     0     0          0.00        0.00        0.00          0.00
 950310  20     0     0          0.00        0.00        0.00          0.00
 950310  21     2     1         91.15      118.08      209.23          0.53
 950310  22     0     0          0.00        0.00        0.00          0.00
 950310  23     1     1         86.35       97.82      184.17          0.03
 950310  24     1     1         86.35       97.82      184.17          0.48
1     MAXIMUM OF MAXIMUM SIMULTANEOUS USERS
 
 
                   MAX
            TOTAL  SIM                MAXIMUM CPS                   CONNECT
 DATE  HOUR USERS USERS            IN         OUT       TOTAL         HOURS
 
 950307  17     3     3        138.05      267.37      405.42          2.03
 
 
     MAXIMUM OF CONNECT HOURS
 
 
                   MAX
            TOTAL  SIM                MAXIMUM CPS                   CONNECT
 DATE  HOUR USERS USERS            IN         OUT       TOTAL         HOURS
 
 950308  18     3     3        190.18      301.00      491.18          2.53
1
  