1
 
                   MAX
            TOTAL  SIM                MAXIMUM CPS                   CONNECT
 DATE  HOUR USERS USERS            IN         OUT       TOTAL         HOURS
 
 
 930322   1    35     8         88.22      353.13      430.47          4.25
 930322   2    31     8        101.28      210.53      311.82          3.67
 930322   3    22     6         70.58      184.47      254.00          2.93
 930322   4    14     5         76.45      159.32      235.77          2.63
 930322   5     2     2         22.08       69.58       91.67          0.52
 930322   6     6     3         48.48      127.75      176.23          0.65
 930322   7     4     2         23.85       92.65      116.50          0.20
 930322   8     2     2         13.23       42.47       55.70          0.53
 930322   9     1     1          4.20      178.58      182.78          0.08
 930322  10     1     1         19.93       30.80       50.73          0.48
 930322  11     1     1          4.20      180.50      184.70          0.07
 930322  12     3     1         10.05      195.10      199.38          0.15
 930322  13     9     4         26.20      266.65      292.85          1.05
 930322  14    13     3         16.33      401.23      417.57          1.25
 930322  15    35     9         64.82     1061.48     1102.42          3.90
 930322  16    74    13         84.07      886.35      954.52          7.63
 930322  17    32     9         75.55      870.52      899.25          3.53
 930322  18    37    13        137.87      413.35      530.53          3.45
 930322  19   133    32        307.13     1160.28     1456.05         18.63
 930322  20   128    26        305.67      959.55     1206.70         22.43
 930322  21   181    48        419.67     1188.92     1448.77         32.42
 930322  22   209    45        482.63     1282.03     1719.13         38.48
 930322  23   184    39        403.70     1188.75     1499.28         32.17
 930322  24   161    36        343.35     1466.00     1809.35         27.25
1
 
                   MAX
            TOTAL  SIM                MAXIMUM CPS                   CONNECT
 DATE  HOUR USERS USERS            IN         OUT       TOTAL         HOURS
 
 
 930323   1   132    26        225.58      787.82     1010.07         19.38
 930323   2    66    15        154.83      651.82      756.35         11.57
 930323   3    42    13        139.48      325.98      465.47          8.05
 930323   4    29     7         88.28      181.83      270.12          4.42
 930323   5    15     4         48.33      135.03      165.20          2.08
 930323   6    14     4         57.40      100.27      157.67          1.57
 930323   7     3     1         17.07       28.47       45.53          0.23
 930323   8     3     1          9.92       24.70       34.62          0.28
 930323   9     2     1          9.80       24.70       34.48          0.05
 930323  10     6     1          9.90       24.35       34.25          0.20
 930323  11     4     3          9.90      369.30      375.43          0.70
 930323  12     5     2         13.02      421.60      427.93          0.62
 930323  13    12     2         19.83      220.43      233.70          0.62
 930323  14    18     5         38.37      787.88      799.73          2.97
 930323  15    41    11         73.75      990.63     1064.38          5.72
 930323  16    66    14        104.03     1192.35     1267.82         10.00
 930323  17    33    15         85.55      787.98      860.20          5.08
 930323  18     1     1          7.02       20.15       27.17          0.03
 930323  19   140    29        225.85     1398.77     1624.62         19.42
 930323  20   147    28        270.93      847.68     1118.62         21.30
 930323  21   188    45        362.52     1090.48     1403.87         29.77
 930323  22   194    45        382.03     1247.73     1599.98         32.88
 930323  23   200    40        368.93     1405.53     1745.58         30.58
 930323  24   152    34        352.28     1193.07     1545.35         22.92
1
 
                   MAX
            TOTAL  SIM                MAXIMUM CPS                   CONNECT
 DATE  HOUR USERS USERS            IN         OUT       TOTAL         HOURS
 
 
 930324   1   125    22        207.13     1118.93     1311.70         16.85
 930324   2    80    23        189.55     1329.65     1518.15         12.08
 930324   3    38    11         82.15      187.98      264.88          6.63
 930324   4    26     6         52.77      145.88      198.37          3.15
 930324   5    22     7         54.85      304.90      344.12          4.25
 930324   6    16     5         80.97      184.57      265.53          1.53
 930324   7     2     1          8.42       44.10       52.52          0.48
 930324   8     2     1          9.92      203.35      207.38          0.08
 930324   9     4     2          6.37      434.12      439.60          0.73
 930324  10     1     1          2.60      172.63      175.23          0.02
 930324  11     6     3         17.15      595.77      606.65          0.85
 930324  12     2     1          2.87      207.82      210.68          0.45
 930324  13    10     3         29.53      455.68      485.22          1.37
 930324  14    12     6         29.37      463.67      488.15          1.60
 930324  15    30    10         37.87      630.10      645.47          4.58
 930324  16    67    15         83.85     1226.52     1305.73         10.47
 930324  17    60    15        107.68      838.85      899.70          8.62
 930324  18    89    20        128.07      736.98      800.02         13.43
 930324  19   148    29        251.38      876.05     1057.98         18.33
 930324  20   159    35        317.42     1036.23     1316.77         27.23
 930324  21   170    35        348.50     1071.55     1272.57         25.98
 930324  22   187    38        357.20     1287.50     1598.80         30.93
 930324  23   180    42        392.87     1350.47     1736.82         31.18
 930324  24   152    34        318.23     1065.60     1309.05         26.43
1
 
                   MAX
            TOTAL  SIM                MAXIMUM CPS                   CONNECT
 DATE  HOUR USERS USERS            IN         OUT       TOTAL         HOURS
 
 
 930325   1   115    25        246.97      975.92     1153.32         16.42
 930325   2    76    18        185.45      636.73      727.70         11.93
 930325   3    39     9         87.52      222.95      293.08          5.60
 930325   4    34     9         81.60      189.32      270.92          5.27
 930325   5    18     7         45.82      129.60      174.93          2.67
 930325   6    16     5         42.47      120.08      162.55          1.40
 930325   7     3     1         16.23       46.05       59.97          0.18
 930325   8     5     2         20.70       82.55      103.25          0.67
 930325   9     7     2         20.68      209.58      212.43          0.35
 930325  10     5     2         12.80      243.38      256.18          0.40
 930325  11     8     5         29.80      862.63      890.97          1.27
 930325  12     3     2         12.10      176.65      180.75          0.23
 930325  13     5     3         16.17      207.42      223.58          0.75
 930325  14    17     5         24.78      438.58      463.37          1.92
 930325  15    27     8         49.45      657.25      693.20          3.45
 930325  16    62    17        104.17     1103.57     1207.73          9.30
 930325  17    79    15        136.58     1004.90     1096.88         10.40
 930325  18    90    17        121.78      911.27     1012.25         11.22
 930325  19   126    26        188.38     1006.28     1189.68         17.23
 930325  20   145    32        351.48     1096.77     1408.23         23.40
 930325  21   178    38        400.00     1164.05     1509.38         31.27
 930325  22   199    44        619.78     1320.88     1747.58         37.00
 930325  23   190    45        430.47     1112.48     1466.92         31.82
 930325  24   107    31        322.83      992.92     1315.75         18.90
1
 
                   MAX
            TOTAL  SIM                MAXIMUM CPS                   CONNECT
 DATE  HOUR USERS USERS            IN         OUT       TOTAL         HOURS
 
 
 930326   1   117    26        254.17      632.70      871.00         16.93
 930326   2    79    22        193.53      746.70      892.43         13.10
 930326   3    41    13        147.20      454.50      563.15          7.68
 930326   4    28     7         86.62      279.22      365.83          3.13
 930326   5    21     7         56.05      322.62      378.60          2.25
 930326   6    16     4         35.83      155.73      187.10          2.05
 930326   7     7     2         42.82       75.12      117.93          0.50
 930326   8     3     1          9.92       24.70       34.62          0.10
 930326   9     7     2          9.95      409.37      418.80          0.40
 930326  10     2     1          4.15      219.23      222.08          0.37
 930326  11     4     2          9.67      388.88      398.55          0.45
 930326  12     5     1         11.33      210.13      215.43          0.33
 930326  13    11     5         30.62      591.25      617.53          1.70
 930326  14    14     5         43.02      438.45      471.82          1.58
 930326  15    28     7         49.65      475.18      507.37          3.88
 930326  16    59    18        220.37      868.68      980.95          8.85
 930326  17    92    15        117.70      861.73      967.72         11.00
 930326  18   121    19        182.78      661.18      794.58         13.48
 930326  19   124    23        190.30     1028.55     1218.85         17.42
 930326  20   128    28        223.33      711.85      935.18         18.07
 930326  21   114    24        196.87      816.90      992.00         18.20
 930326  22   110    23        236.53     1018.17     1207.72         17.10
 930326  23   113    22        216.77     1028.62     1217.43         16.47
 930326  24    79    18        169.72      417.85      576.43          9.65
1     MAXIMUM OF MAXIMUM SIMULTANEOUS USERS
 
 
                   MAX
            TOTAL  SIM                MAXIMUM CPS                   CONNECT
 DATE  HOUR USERS USERS            IN         OUT       TOTAL         HOURS
 
 930322  21   181    48        419.67     1188.92     1448.77         32.42
 
 
     MAXIMUM OF CONNECT HOURS
 
 
                   MAX
            TOTAL  SIM                MAXIMUM CPS                   CONNECT
 DATE  HOUR USERS USERS            IN         OUT       TOTAL         HOURS
 
 930322  22   209    45        482.63     1282.03     1719.13         38.48
1
  