1
 
                   MAX
            TOTAL  SIM                MAXIMUM CPS                   CONNECT
 DATE  HOUR USERS USERS            IN         OUT       TOTAL         HOURS
 
 
 930510   1     0     0          0.00        0.00        0.00          0.00
 930510   2     0     0          0.00        0.00        0.00          0.00
 930510   3     0     0          0.00        0.00        0.00          0.00
 930510   4     0     0          0.00        0.00        0.00          0.00
 930510   5     0     0          0.00        0.00        0.00          0.00
 930510   6     0     0          0.00        0.00        0.00          0.00
 930510   7     0     0          0.00        0.00        0.00          0.00
 930510   8     0     0          0.00        0.00        0.00          0.00
 930510   9     0     0          0.00        0.00        0.00          0.00
 930510  10     0     0          0.00        0.00        0.00          0.00
 930510  11     0     0          0.00        0.00        0.00          0.00
 930510  12     0     0          0.00        0.00        0.00          0.00
 930510  13    13     9          2.10      157.63      159.73          4.45
 930510  14    18    13          4.73      210.33      214.67          9.53
 930510  15    23    12          3.62      149.78      152.60          8.80
 930510  16    26    15          3.60      234.53      238.13         13.05
 930510  17    20    15          2.27      131.32      133.58         14.42
 930510  18    21    15          2.65      198.12      200.45         13.97
 930510  19    21    16          3.10      185.43      188.53         14.18
 930510  20    23    15          2.78      153.38      155.73         13.75
 930510  21    31    18          3.07      186.83      189.90         16.22
 930510  22    27    17          6.37      232.22      236.08         10.57
 930510  23    13     8          4.55      132.57      136.23          6.90
 930510  24     8     7          2.35       92.35       94.03          5.83
1
 
                   MAX
            TOTAL  SIM                MAXIMUM CPS                   CONNECT
 DATE  HOUR USERS USERS            IN         OUT       TOTAL         HOURS
 
 
 930511   1     5     5          0.83       28.12       28.95          3.83
 930511   2     3     3          0.07        7.43        7.50          3.00
 930511   3     3     3          0.07        7.43        7.50          2.62
 930511   4     2     2          0.02        1.00        1.02          2.00
 930511   5     2     2          0.02        1.00        1.02          0.67
 930511   6     0     0          0.00        0.00        0.00          0.00
 930511   7     0     0          0.00        0.00        0.00          0.00
 930511   8     0     0          0.00        0.00        0.00          0.00
 930511   9     0     0          0.00        0.00        0.00          0.00
 930511  10     0     0          0.00        0.00        0.00          0.00
 930511  11     0     0          0.00        0.00        0.00          0.00
 930511  12     0     0          0.00        0.00        0.00          0.00
 930511  13    17    11          3.08      297.35      300.43          5.85
 930511  14    27    15          5.55      224.62      228.73         12.00
 930511  15    24    16          4.70      210.72      213.20         13.65
 930511  16    30    18         42.82      230.72      273.53         15.43
 930511  17    24    17          3.45      296.50      299.95         15.85
 930511  18    22    17          2.72      237.30      239.98         16.13
 930511  19    28    21          5.40      267.82      273.12         18.20
 930511  20    31    20          5.95      198.53      204.48         18.17
 930511  21    26    18         10.48      236.52      247.00         16.33
 930511  22    18    11          6.90      217.78      220.23          7.60
 930511  23    10     8          2.45      217.78      220.23          5.68
 930511  24     8     6          3.72      108.37      112.08          5.03
1
 
                   MAX
            TOTAL  SIM                MAXIMUM CPS                   CONNECT
 DATE  HOUR USERS USERS            IN         OUT       TOTAL         HOURS
 
 
 930512   1     3     3          1.22       29.27       30.48          1.65
 930512   2     1     1          0.05        3.40        3.45          1.00
 930512   3     1     1          0.05        3.40        3.45          1.00
 930512   4     1     1          0.05        3.40        3.45          1.00
 930512   5     1     1          0.05        3.40        3.45          0.30
 930512   6     0     0          0.00        0.00        0.00          0.00
 930512   7     0     0          0.00        0.00        0.00          0.00
 930512   8     0     0          0.00        0.00        0.00          0.00
 930512   9     0     0          0.00        0.00        0.00          0.00
 930512  10     0     0          0.00        0.00        0.00          0.00
 930512  11     0     0          0.00        0.00        0.00          0.00
 930512  12     0     0          0.00        0.00        0.00          0.00
 930512  13    14    10          3.20      158.20      161.08          4.87
 930512  14    24    14          8.38      195.48      203.87         11.22
 930512  15    25    15          9.03      226.27      230.60         13.70
 930512  16    31    20          4.90      244.45      247.35         16.57
 930512  17    27    21          8.23      256.80      265.03         15.55
 930512  18    27    16          2.72      239.82      242.53         14.90
 930512  19    29    18         13.83      258.17      262.58         15.00
 930512  20    25    18          3.08      248.55      251.63         15.60
 930512  21    25    18          3.50      257.63      260.22         14.70
 930512  22    23    17          4.48      178.33      182.78          9.65
 930512  23    13     8          4.92      123.00      125.17          6.85
 930512  24     5     5          0.17       16.82       16.98          4.18
1
 
                   MAX
            TOTAL  SIM                MAXIMUM CPS                   CONNECT
 DATE  HOUR USERS USERS            IN         OUT       TOTAL         HOURS
 
 
 930513   1     7     3          0.95       46.27       46.87          2.73
 930513   2     3     3          1.58       45.07       46.65          1.83
 930513   3     1     1          0.02        2.27        2.28          1.00
 930513   4     1     1          0.02        2.27        2.28          1.00
 930513   5     1     1          0.02        2.27        2.28          0.60
 930513   6     0     0          0.00        0.00        0.00          0.00
 930513   7     0     0          0.00        0.00        0.00          0.00
 930513   8     0     0          0.00        0.00        0.00          0.00
 930513   9     0     0          0.00        0.00        0.00          0.00
 930513  10     0     0          0.00        0.00        0.00          0.00
 930513  11     0     0          0.00        0.00        0.00          0.00
 930513  12     1     1          0.03        1.55        1.58          0.12
 930513  13    11     9          6.02      157.00      159.03          4.00
 930513  14    19    13          3.32      219.30      222.62         10.53
 930513  15    22    15          5.50      193.78      198.55         12.45
 930513  16    30    18         10.02      230.02      236.05         14.88
 930513  17    19    15          2.62      154.03      155.87         13.73
 930513  18    21    16          5.57      160.13      165.70         14.18
 930513  19    29    16          7.83      193.32      196.78         14.30
 930513  20    18    15          2.02      115.25      117.27         12.82
 930513  21    27    16          3.63      177.23      180.87         14.07
 930513  22    16    11          2.83      142.38      144.38          6.92
 930513  23    13     8          4.38      106.32      108.10          6.40
 930513  24     5     4          1.40       36.10       37.50          3.57
1
 
                   MAX
            TOTAL  SIM                MAXIMUM CPS                   CONNECT
 DATE  HOUR USERS USERS            IN         OUT       TOTAL         HOURS
 
 
 930514   1     3     3          1.00       88.33       89.33          2.05
 930514   2     2     2          0.28        5.60        5.88          2.00
 930514   3     2     2          0.28        5.60        5.88          1.42
 930514   4     1     1          0.00        0.68        0.68          1.00
 930514   5     1     1          0.00        0.68        0.68          0.70
 930514   6     0     0          0.00        0.00        0.00          0.00
 930514   7     0     0          0.00        0.00        0.00          0.00
 930514   8     0     0          0.00        0.00        0.00          0.00
 930514   9     0     0          0.00        0.00        0.00          0.00
 930514  10     0     0          0.00        0.00        0.00          0.00
 930514  11     0     0          0.00        0.00        0.00          0.00
 930514  12     1     1          0.33       33.88       34.22          0.15
 930514  13    12     9          3.52      147.85      151.37          3.57
 930514  14    19    12          2.15      163.08      165.23          8.95
 930514  15    18    15          2.95      153.15      156.10         12.87
 930514  16    17    14          1.43       83.43       84.87         12.15
 930514  17    19    17          3.88      194.22      198.10         14.00
 930514  18    22    17          7.60      200.77      208.37         13.48
 930514  19    25    15          4.85      149.57      154.38         12.35
 930514  20    18    14        118.70      187.82      306.52         11.95
 930514  21    20    16         15.38      208.57      211.00         11.75
 930514  22    12     7          1.20      100.67      101.87          3.23
 930514  23     9     4          2.70       83.33       84.72          2.23
 930514  24     4     3          1.03       23.65       24.68          0.98
1     MAXIMUM OF MAXIMUM SIMULTANEOUS USERS
 
 
                   MAX
            TOTAL  SIM                MAXIMUM CPS                   CONNECT
 DATE  HOUR USERS USERS            IN         OUT       TOTAL         HOURS
 
 930511  19    28    21          5.40      267.82      273.12         18.20
 
 
     MAXIMUM OF CONNECT HOURS
 
 
                   MAX
            TOTAL  SIM                MAXIMUM CPS                   CONNECT
 DATE  HOUR USERS USERS            IN         OUT       TOTAL         HOURS
 
 930511  19    28    21          5.40      267.82      273.12         18.20
1
  