1
 
                   MAX
            TOTAL  SIM                MAXIMUM CPS                   CONNECT
 DATE  HOUR USERS USERS            IN         OUT       TOTAL         HOURS
 
 
 930510   1     1     1          1.12        0.87        1.98          0.03
 930510   2     0     0          0.00        0.00        0.00          0.00
 930510   3     0     0          0.00        0.00        0.00          0.00
 930510   4     2     2          3.58      195.92      199.50          0.18
 930510   5     1     1          2.02       99.07      101.08          0.17
 930510   6     0     0          0.00        0.00        0.00          0.00
 930510   7     0     0          0.00        0.00        0.00          0.00
 930510   8     0     0          0.00        0.00        0.00          0.00
 930510   9     0     0          0.00        0.00        0.00          0.00
 930510  10     0     0          0.00        0.00        0.00          0.00
 930510  11     8     3          4.15        4.57        8.72          0.27
 930510  12    76    19         49.30     1385.25     1405.25          6.90
 930510  13   344    31         62.60     2227.02     2247.97         20.32
 930510  14   618    43         73.40     2524.72     2547.27         31.57
 930510  15   577    52        108.78     2062.38     2154.63         26.68
 930510  16   719    50        140.33     2007.75     2080.27         37.30
 930510  17   624    56        141.85     2174.80     2240.82         34.98
 930510  18   460    46        171.13     1736.58     1890.93         32.80
 930510  19   498    55        158.65     1776.17     1915.53         35.47
 930510  20   628    52        186.77     1647.75     1759.80         36.83
 930510  21   583    50        242.02     1745.40     1855.32         33.75
 930510  22   322    54        219.50     1580.12     1698.27         23.83
 930510  23   179    23        160.12      751.77      809.87         14.37
 930510  24   120    18        113.57      745.97      798.08         11.08
1
 
                   MAX
            TOTAL  SIM                MAXIMUM CPS                   CONNECT
 DATE  HOUR USERS USERS            IN         OUT       TOTAL         HOURS
 
 
 930511   1    45    15        130.48      436.15      471.02          4.13
 930511   2    29     6         12.42      221.55      233.37          1.43
 930511   3     5     4         25.43      384.07      409.50          1.43
 930511   4     1     1          1.83       47.65       49.48          0.12
 930511   5     1     1          1.02       81.47       82.48          0.43
 930511   6     0     0          0.00        0.00        0.00          0.00
 930511   7     0     0          0.00        0.00        0.00          0.00
 930511   8     0     0          0.00        0.00        0.00          0.00
 930511   9     0     0          0.00        0.00        0.00          0.00
 930511  10     1     1          1.23       78.68       79.92          0.03
 930511  11     1     1          1.23       78.68       79.92          0.23
 930511  12    81    19         57.05     1112.93     1147.55          5.02
 930511  13   205    22         87.53      992.93     1020.20         11.57
 930511  14   267    31         96.35     1165.03     1233.95         18.90
 930511  15   335    37        187.42     1586.68     1647.27         26.15
 930511  16   350    36        136.55     1253.10     1329.78         26.63
 930511  17   275    35        218.40     1133.40     1249.63         24.47
 930511  18   278    40        158.23     1472.43     1583.10         23.80
 930511  19   353    36        199.23     1110.67     1304.93         25.67
 930511  20   447    41        273.80     1181.80     1299.32         31.07
 930511  21   385    35        292.12     1181.23     1402.38         25.97
 930511  22   284    27        181.22      999.52     1065.27         17.37
 930511  23   176    21        108.87      797.93      850.30         12.17
 930511  24    90    12        111.95      396.32      496.35          7.33
1
 
                   MAX
            TOTAL  SIM                MAXIMUM CPS                   CONNECT
 DATE  HOUR USERS USERS            IN         OUT       TOTAL         HOURS
 
 
 930512   1    44     7        117.27      280.95      398.22          3.50
 930512   2     3     2          2.98      145.92      148.90          0.43
 930512   3     2     1          2.20       80.82       82.07          0.17
 930512   4     5     2          2.78      150.13      152.92          1.00
 930512   5     2     2          2.95      100.15      103.10          1.05
 930512   6     0     0          0.00        0.00        0.00          0.00
 930512   7     0     0          0.00        0.00        0.00          0.00
 930512   8     0     0          0.00        0.00        0.00          0.00
 930512   9     1     1          1.42       69.37       70.78          0.15
 930512  10     0     0          0.00        0.00        0.00          0.00
 930512  11     1     1          1.80       54.75       56.55          0.25
 930512  12    68     9         19.08      528.42      542.13          2.85
 930512  13   211    19         76.67      925.15      956.60         11.90
 930512  14   278    30        142.58     1106.00     1180.35         19.03
 930512  15   372    39        129.40     1184.27     1258.02         26.13
 930512  16   195    34         57.05     1095.27     1152.32          9.07
 930512  17   409    33        209.67      961.48     1061.42         22.02
 930512  18   441    43        157.22     1162.75     1223.15         24.00
 930512  19   384    46        224.62     1061.25     1231.00         28.87
 930512  20   496    40        278.48     1261.07     1408.52         26.70
 930512  21   420    41        268.42     1275.75     1456.35         27.23
 930512  22   252    29        142.47     1012.35     1080.70         18.05
 930512  23   185    28        145.57     1103.35     1234.18         12.88
 930512  24    88    10         85.45      475.35      516.65          6.37
1
 
                   MAX
            TOTAL  SIM                MAXIMUM CPS                   CONNECT
 DATE  HOUR USERS USERS            IN         OUT       TOTAL         HOURS
 
 
 930513   1    28     6        106.47      179.88      286.35          1.78
 930513   2     4     1          1.47      101.22      102.68          0.18
 930513   3    11     5          6.53      213.33      219.87          1.73
 930513   4     8     5          6.53      213.33      219.87          1.80
 930513   5     6     1          1.97       52.53       54.37          0.45
 930513   6     1     1          1.22       44.67       45.88          0.67
 930513   7     2     1          2.70      105.38      108.08          0.57
 930513   8     1     1          1.23       52.83       54.07          0.65
 930513   9     1     1          1.23       52.83       54.07          0.02
 930513  10     0     0          0.00        0.00        0.00          0.00
 930513  11     5     2          4.68       63.17       67.85          0.18
 930513  12    72    11         44.18      719.53      738.77          5.05
 930513  13   219    25         95.98     1108.45     1141.83         15.40
 930513  14   262    31        119.02     1198.32     1292.97         20.48
 930513  15   309    40        144.18     1785.53     1912.97         25.80
 930513  16   351    42        114.60     1629.38     1743.98         25.30
 930513  17   235    31        170.77     1150.77     1321.53         20.33
 930513  18   262    31        159.10     1221.18     1380.28         19.83
 930513  19   301    40        135.48     1269.05     1371.25         21.27
 930513  20   417    37        223.02     1327.87     1406.02         28.50
 930513  21   343    31        223.88     1236.48     1357.93         20.32
 930513  22   247    26        167.07      881.05     1016.18         16.95
 930513  23   210    20        243.68      715.28      760.30         14.00
 930513  24   118    14         81.63      483.83      565.47          8.30
1
 
                   MAX
            TOTAL  SIM                MAXIMUM CPS                   CONNECT
 DATE  HOUR USERS USERS            IN         OUT       TOTAL         HOURS
 
 
 930514   1    38     9        111.18      261.60      342.65          3.80
 930514   2    29     6         22.28      308.90      315.50          2.45
 930514   3     3     2          3.23       74.92       78.15          0.22
 930514   4     1     1          1.22       54.97       56.18          0.18
 930514   5     1     1          3.28      113.83      117.12          0.08
 930514   6     2     2          2.22      160.58      162.80          0.40
 930514   7     1     1          2.02       59.50       61.52          0.13
 930514   8     0     0          0.00        0.00        0.00          0.00
 930514   9     0     0          0.00        0.00        0.00          0.00
 930514  10     1     1         15.88       11.87       27.75          0.02
 930514  11     2     2         10.98      182.85      193.83          0.08
 930514  12    65    14         31.25      819.28      837.88          4.28
 930514  13   195    26         75.48     1137.63     1174.95         11.32
 930514  14   272    33        132.48     1460.58     1511.88         21.52
 930514  15   270    36        121.90     1029.43     1076.02         20.22
 930514  16   382    47        196.35     1615.72     1812.07         30.78
 930514  17   218    23        115.52      778.87      848.42         15.18
 930514  18   286    28        292.00     1044.85     1096.30         19.10
 930514  19   319    34        164.37     1161.32     1260.38         21.78
 930514  20   396    45        220.98     1432.30     1603.33         24.07
 930514  21   325    34        185.85      931.00     1040.03         21.78
 930514  22   286    29        167.90     1149.42     1262.62         17.97
 930514  23   159    18        129.55      631.85      675.82         12.23
 930514  24    79    14         78.97      530.12      561.55          6.22
1     MAXIMUM OF MAXIMUM SIMULTANEOUS USERS
 
 
                   MAX
            TOTAL  SIM                MAXIMUM CPS                   CONNECT
 DATE  HOUR USERS USERS            IN         OUT       TOTAL         HOURS
 
 930510  17   624    56        141.85     2174.80     2240.82         34.98
 
 
     MAXIMUM OF CONNECT HOURS
 
 
                   MAX
            TOTAL  SIM                MAXIMUM CPS                   CONNECT
 DATE  HOUR USERS USERS            IN         OUT       TOTAL         HOURS
 
 930510  16   719    50        140.33     2007.75     2080.27         37.30
1
  