1
 
                   MAX
            TOTAL  SIM                MAXIMUM CPS                   CONNECT
 DATE  HOUR USERS USERS            IN         OUT       TOTAL         HOURS
 
 
 920629   1    14     4          9.90       20.37       30.27          0.30
 920629   2     4     2          4.95       10.18       15.13          0.07
 920629   3     4     2          5.12       10.18       15.30          0.10
 920629   4     0     0          0.00        0.00        0.00          0.00
 920629   5     2     2          4.95       10.18       15.13          0.07
 920629   6     4     2          4.85       10.18       15.03          0.07
 920629   7     2     2         71.27       70.32      141.58          0.20
 920629   8     2     2          1.27        3.23        4.50          0.10
 920629   9     6     4          9.80       20.37       30.17          0.37
 920629  10    18     4         76.35       81.55      157.90          0.63
 920629  11    46     8        107.63      155.73      255.35          2.10
 920629  12    58    10        362.50      374.20      736.70          5.57
 920629  13   114    24        634.12      645.03     1279.15         11.00
 920629  14   212    24        499.30      497.28      996.58         17.20
 920629  15   222    30        322.37      441.10      727.52         18.80
 920629  16   226    28        238.63      408.40      588.00         20.50
 920629  17   232    32        226.77      453.43      656.93         17.73
 920629  18   252    24        232.83      349.47      529.22         17.00
 920629  19   342    36        331.80      498.32      795.47         22.80
 920629  20   270    30        276.48      354.22      567.17         19.43
 920629  21   270    28        322.25      363.35      649.52         18.98
 920629  22   262    26        278.52      333.43      580.20         16.43
 920629  23   140    20        234.33      238.17      370.47         11.70
 920629  24    88    18         99.37      230.90      261.15          7.82
1
 
                   MAX
            TOTAL  SIM                MAXIMUM CPS                   CONNECT
 DATE  HOUR USERS USERS            IN         OUT       TOTAL         HOURS
 
 
 920630   1    58    10        134.72      131.53      199.68          4.17
 920630   2    42     8        221.62       95.90      248.42          2.03
 920630   3     4     2          5.12       90.78       93.30          0.17
 920630   4     0     0          0.00        0.00        0.00          0.00
 920630   5     4     2          4.95       10.18       15.13          0.07
 920630   6     2     2         63.65       64.18      127.83          0.13
 920630   7     2     2         76.33       73.07      149.40          0.13
 920630   8     0     0          0.00        0.00        0.00          0.00
 920630   9     4     2         91.12       86.93      178.05          0.40
 920630  10    40    10        356.28      345.40      699.98          4.13
 920630  11    56    20        647.78      639.05     1286.83          8.97
 920630  12    74    20        628.75      621.88     1250.63          9.97
 920630  13   162    34        835.08      835.98     1671.07         20.47
 920630  14   210    28        372.45      499.90      840.05         18.83
 920630  15   238    24        409.18      483.67      849.37         18.25
 920630  16   228    28        430.63      466.07      853.20         18.73
 920630  17   218    26        222.35      376.97      555.32         16.93
 920630  18   276    24        282.53      332.72      595.27         16.37
 920630  19   692    68        341.48      423.80      765.28         37.43
 920630  20   366    30        309.67      436.38      590.58         21.82
 920630  21   272    26        343.07      297.03      640.10         21.17
 920630  22   252    24        445.67      225.28      590.62         15.70
 920630  23   172    22        274.78      241.60      456.83         12.03
 920630  24   150    16        149.08      197.45      282.67          8.30
1
 
                   MAX
            TOTAL  SIM                MAXIMUM CPS                   CONNECT
 DATE  HOUR USERS USERS            IN         OUT       TOTAL         HOURS
 
 
 920701   1    60    10        257.30      116.23      346.53          3.63
 920701   2    40     8        187.27      112.43      249.07          2.30
 920701   3    20     4         46.93       69.42       87.33          1.07
 920701   4     2     2          0.92       25.10       26.02          0.27
 920701   5     4     2          4.95       10.18       15.13          0.13
 920701   6     0     0          0.00        0.00        0.00          0.00
 920701   7     0     0          0.00        0.00        0.00          0.00
 920701   8     4     2          1.95        5.40        7.35          0.20
 920701   9     4     2         94.05       87.85      181.90          0.47
 920701  10    32    16        582.05      550.88     1132.93          6.07
 920701  11    64    20        631.18      600.87     1232.05         12.37
 920701  12    74    22        642.25      613.67     1255.92         13.10
 920701  13   228    52        884.78      897.03     1781.82         37.13
 920701  14   254    62       1003.03     1000.48     2003.52         40.67
 920701  15   292    42        778.50      807.00     1523.03         32.77
 920701  16   274    44        740.92      821.13     1531.33         33.10
 920701  17   270    38        500.18      678.78     1094.88         23.48
 920701  18   230    30        318.98      410.83      718.20         19.43
 920701  19   344    30        327.63      468.63      714.55         22.03
 920701  20   284    30        300.63      361.65      635.35         21.90
 920701  21   308    32        513.63      594.08     1089.03         23.13
 920701  22   304    36        477.27      634.82     1112.08         20.73
 920701  23   200    24        459.00      442.43      901.43         16.63
 920701  24   152    26        601.43      616.57     1218.00         13.43
1
 
                   MAX
            TOTAL  SIM                MAXIMUM CPS                   CONNECT
 DATE  HOUR USERS USERS            IN         OUT       TOTAL         HOURS
 
 
 920702   1    72    16        494.05      477.70      971.75          7.90
 920702   2    42    10        268.95      305.97      572.40          5.17
 920702   3    28     6         82.33       96.65      178.98          1.43
 920702   4     6     2          5.12        4.93       10.05          0.23
 920702   5     2     2         55.55       46.47      102.02          0.10
 920702   6     0     0          0.00        0.00        0.00          0.00
 920702   7     4     2          1.95        5.40        7.35          0.23
 920702   8     2     2          1.95        6.85        8.80          0.10
 920702   9     6     4          2.70        7.55       10.25          0.40
 920702  10    70    30        869.85      823.98     1693.83          8.87
 920702  11    80    32        925.05      876.50     1801.55         20.17
 920702  12   106    30        748.77      733.55     1482.32         18.43
 920702  13   205    68        912.75      899.98     1812.73         48.15
 920702  14   708    78        897.77      877.63     1775.40         58.87
 920702  15   294    44        656.57      771.40     1427.97         30.57
 920702  16   216    32        504.67      578.28     1082.95         24.00
 920702  17   234    26        411.93      509.48      905.32         19.17
 920702  18   268    26        347.62      395.18      705.07         20.25
 920702  19   330    36        501.22      637.55     1060.83         22.03
 920702  20   226    28        190.53      313.75      453.37         19.10
 920702  21   351    30        277.73      315.08      530.82         21.27
 920702  22   324    36        291.70      324.55      534.47         18.37
 920702  23   174    22        167.12      255.90      423.02         11.23
 920702  24   190    16        164.70      141.32      280.22          7.90
1
 
                   MAX
            TOTAL  SIM                MAXIMUM CPS                   CONNECT
 DATE  HOUR USERS USERS            IN         OUT       TOTAL         HOURS
 
 
 920703   1   101    12        105.35       96.72      178.53          4.73
 920703   2    42     8         93.23      133.23      199.65          3.37
 920703   3     2     2         58.32       55.07      113.38          2.00
 920703   4     2     2         58.32       55.07      113.38          2.00
 920703   5    14     4         58.32       55.07      113.38          0.70
 920703   6     2     2          4.95       10.18       15.13          0.03
 920703   7     2     2          1.95        5.40        7.35          0.07
 920703   8     6     2          1.95        5.40        7.35          0.27
 920703   9    12     8        286.40      274.38      560.78          0.50
 920703  10    56    16        424.67      419.25      843.92          4.53
 920703  11    70    18        520.87      503.73     1024.60          5.50
 920703  12    54    12        326.25      314.32      640.57          4.37
 920703  13   178    22        587.93      462.23     1050.17         12.67
 920703  14   190    20        356.32      370.12      726.43         11.23
 920703  15   196    18        410.53      357.32      767.85         12.32
 920703  16   226    20        354.57      353.85      708.42         12.80
 920703  17   180    18        253.40      243.12      496.52         10.07
 920703  18   144    16        179.73      264.88      429.63         10.92
 920703  19   172    24        311.15      290.97      562.28         12.40
 920703  20   124    16        271.00      236.97      399.08          9.80
 920703  21   144    16        255.90      262.27      518.17          9.23
 920703  22    96    14        226.45      216.93      443.38          6.97
 920703  23    90    16        336.63      365.22      657.68          7.47
 920703  24    72    12        333.47      267.72      601.18          5.13
1     MAXIMUM OF MAXIMUM SIMULTANEOUS USERS
 
 
                   MAX
            TOTAL  SIM                MAXIMUM CPS                   CONNECT
 DATE  HOUR USERS USERS            IN         OUT       TOTAL         HOURS
 
 920702  14   708    78        897.77      877.63     1775.40         58.87
 
 
     MAXIMUM OF CONNECT HOURS
 
 
                   MAX
            TOTAL  SIM                MAXIMUM CPS                   CONNECT
 DATE  HOUR USERS USERS            IN         OUT       TOTAL         HOURS
 
 920702  14   708    78        897.77      877.63     1775.40         58.87
1
  