1
 
                   MAX
            TOTAL  SIM                MAXIMUM CPS                   CONNECT
 DATE  HOUR USERS USERS            IN         OUT       TOTAL         HOURS
 
 
 920608   1     8     4         41.58       35.95       77.53          0.20
 920608   2    10     2          4.95       10.18       15.13          0.43
 920608   3     4     2         11.00       10.48       21.48          0.13
 920608   4     2     2          4.95       10.18       15.13          0.03
 920608   5     0     0          0.00        0.00        0.00          0.00
 920608   6     0     0          0.00        0.00        0.00          0.00
 920608   7     0     0          0.00        0.00        0.00          0.00
 920608   8     2     2          1.27        3.23        4.50          0.10
 920608   9     2     2          4.95       10.18       15.13          0.07
 920608  10    28     6        112.95      112.48      225.43          0.77
 920608  11    42     8        191.22      186.62      377.83          2.30
 920608  12    62    14        458.83      467.23      926.07          5.67
 920608  13   138    26        606.33      618.42     1205.58         14.77
 920608  14   122    22        387.47      408.50      782.15         14.93
 920608  15   180    30        528.37      544.15     1064.20         20.77
 920608  16   244    30        338.75      521.93      860.68         22.33
 920608  17   246    32        270.97      424.52      687.48         18.83
 920608  18   254    30        233.60      369.30      554.38         17.77
 920608  19   278    30        201.52      303.25      485.27         20.87
 920608  20   258    30        268.17      323.12      572.83         20.70
 920608  21   216    32        207.45      274.17      470.75         22.47
 920608  22   234    30        333.15      327.93      661.08         18.53
 920608  23   200    18        228.20      227.05      455.25         12.47
 920608  24    80    14        109.78      118.37      195.32          7.33
1
 
                   MAX
            TOTAL  SIM                MAXIMUM CPS                   CONNECT
 DATE  HOUR USERS USERS            IN         OUT       TOTAL         HOURS
 
 
 920609   1    64    10        210.63      154.82      233.63          4.00
 920609   2    42     6        100.57       70.27      127.03          1.43
 920609   3    10     2         90.05       20.35       93.60          0.77
 920609   4     2     2          4.95       10.18       15.13          0.03
 920609   5     6     2         12.18       15.85       26.97          0.13
 920609   6     0     0          0.00        0.00        0.00          0.00
 920609   7     0     0          0.00        0.00        0.00          0.00
 920609   8     4     4          2.53        6.47        9.00          0.23
 920609   9     4     2         52.40       53.95      106.35          0.43
 920609  10    44    10        382.70      356.80      739.50          4.97
 920609  11    60    14        442.12      432.45      872.12          6.63
 920609  12    76    16        477.72      482.88      960.60          7.70
 920609  13   136    24        708.07      704.28     1412.35         16.77
 920609  14   206    24        524.28      570.07     1073.05         18.10
 920609  15   224    30        548.35      619.05     1141.85         22.27
 920609  16   226    28        301.20      476.15      740.12         20.67
 920609  17   210    28        183.25      332.55      515.80         16.67
 920609  18   270    26        259.70      300.08      558.65         17.70
 920609  19   352    40        305.02      385.73      677.05         21.97
 920609  20   236    22        291.25      286.67      577.92         17.63
 920609  21   256    24        326.57      299.98      565.53         17.67
 920609  22   236    26        317.88      455.57      773.45         13.77
 920609  23   138    16        252.98      214.88      433.45          9.93
 920609  24   100    12        203.72      201.92      364.95          6.40
1
 
                   MAX
            TOTAL  SIM                MAXIMUM CPS                   CONNECT
 DATE  HOUR USERS USERS            IN         OUT       TOTAL         HOURS
 
 
 920610   1    70    10        220.55      120.03      336.05          4.52
 920610   2     8     4         81.98       27.13      109.12          1.50
 920610   3     8     4         93.75       45.37      115.27          0.30
 920610   4     4     2          5.12       10.18       15.30          0.10
 920610   5     4     2         73.75       73.90      147.65          0.23
 920610   6     4     2         79.87       78.47      158.33          0.17
 920610   7     4     2         79.87       78.47      158.33          0.80
 920610   8     0     0          0.00        0.00        0.00          0.00
 920610   9     2     2         97.38       95.13      192.52          0.40
 920610  10    30    12        425.50      410.48      835.98          5.07
 920610  11    72    16        526.88      511.18     1038.07         10.83
 920610  12    66    16        553.17      542.97     1096.13         10.65
 920610  13   148    32        774.25      795.03     1548.87         21.00
 920610  14   152    26        648.23      664.12     1312.35         20.23
 920610  15   258    28        381.35      472.90      819.78         20.27
 920610  16   208    26        390.48      426.87      817.07         20.03
 920610  17   222    30        206.05      398.90      557.27         18.03
 920610  18   232    24        158.23      305.67      425.75         17.85
 920610  19   302    30        211.62      361.37      524.38         20.25
 920610  20   264    32        269.17      383.50      628.08         18.40
 920610  21   272    24        332.28      312.88      574.22         17.23
 920610  22   186    20        223.25      221.52      431.52         14.00
 920610  23   130    18        254.33      212.62      427.37          9.80
 920610  24   112    14        182.28      178.70      268.28          6.90
1
 
                   MAX
            TOTAL  SIM                MAXIMUM CPS                   CONNECT
 DATE  HOUR USERS USERS            IN         OUT       TOTAL         HOURS
 
 
 920611   1    60    12         79.18       99.23      172.22          4.87
 920611   2    44     8        121.23      111.45      232.68          2.90
 920611   3    10     4         66.37       35.22      101.58          0.63
 920611   4     4     2          4.87       23.35       24.27          0.40
 920611   5     2     2         44.02       43.28       87.30          0.23
 920611   6     0     0          0.00        0.00        0.00          0.00
 920611   7     2     2         62.43       62.32      124.75          0.10
 920611   8     2     2         88.72       90.67      179.38          0.10
 920611   9     6     2         61.08       60.87      121.95          0.33
 920611  10    36    14        459.72      436.80      896.52          6.47
 920611  11    72    20        755.58      716.00     1471.58         10.77
 920611  12    68    16        550.88      543.30     1094.18          7.90
 920611  13   118    30        780.88      754.00     1534.88         20.30
 920611  14   168    26        637.22      684.33     1321.55         19.07
 920611  15   154    26        324.93      405.60      723.57         17.33
 920611  16   194    24        285.95      371.48      628.12         17.53
 920611  17   236    32        276.15      375.68      651.83         19.50
 920611  18   245    28        214.47      360.25      556.68         15.98
 920611  19   246    30        251.68      384.32      636.00         19.63
 920611  20   228    30        258.25      353.37      548.52         18.43
 920611  21   192    26        340.13      326.57      570.40         16.60
 920611  22   188    22        247.35      268.92      487.08         13.80
 920611  23   120    16        255.18      241.92      497.10         10.80
 920611  24   106    16        296.70      184.92      396.62          6.83
1
 
                   MAX
            TOTAL  SIM                MAXIMUM CPS                   CONNECT
 DATE  HOUR USERS USERS            IN         OUT       TOTAL         HOURS
 
 
 920612   1    44     8        321.55      111.82      414.40          3.13
 920612   2    44    12        217.75      139.77      357.52          2.30
 920612   3     4     2         18.82       15.92       34.73          0.07
 920612   4     0     0          0.00        0.00        0.00          0.00
 920612   5     2     2          4.95       10.18       15.13          0.07
 920612   6     4     2        111.60       96.75      208.35          0.07
 920612   7     2     2        111.60       96.75      208.35          0.27
 920612   8     0     0          0.00        0.00        0.00          0.00
 920612   9     4     2         83.93       79.95      163.88          0.50
 920612  10    38    12        459.90      436.97      896.87          5.17
 920612  11    62    16        514.40      498.88     1011.30          8.03
 920612  12    82    16        544.82      542.42     1087.23          9.37
 920612  13   142    32        790.43      806.88     1597.32         21.37
 920612  14   146    26        686.28      691.62     1377.90         17.67
 920612  15   168    26        394.73      494.87      862.15         19.60
 920612  16   168    26        238.87      304.98      543.85         16.77
 920612  17   194    22        271.42      357.97      629.38         14.47
 920612  18   190    24        269.83      256.02      499.08         15.07
 920612  19   232    26        279.45      320.42      542.00         17.03
 920612  20   182    24        242.48      391.80      634.28         15.07
 920612  21   264    24        329.47      314.53      557.05         14.73
 920612  22   186    22        269.27      242.87      512.13         11.77
 920612  23   106    18        195.35      202.00      344.75          7.53
 920612  24    68    12        231.05      186.60      384.02          4.13
1     MAXIMUM OF MAXIMUM SIMULTANEOUS USERS
 
 
                   MAX
            TOTAL  SIM                MAXIMUM CPS                   CONNECT
 DATE  HOUR USERS USERS            IN         OUT       TOTAL         HOURS
 
 920609  19   352    40        305.02      385.73      677.05         21.97
 
 
     MAXIMUM OF CONNECT HOURS
 
 
                   MAX
            TOTAL  SIM                MAXIMUM CPS                   CONNECT
 DATE  HOUR USERS USERS            IN         OUT       TOTAL         HOURS
 
 920608  21   216    32        207.45      274.17      470.75         22.47
1
  