1
 
                   MAX
            TOTAL  SIM                MAXIMUM CPS                   CONNECT
 DATE  HOUR USERS USERS            IN         OUT       TOTAL         HOURS
 
 
 920608   1     8     4        129.68      128.53      258.22          1.43
 920608   2     6     2          5.12       10.18       15.30          0.13
 920608   3     2     2         95.70       92.83      188.53          0.17
 920608   4     0     0          0.00        0.00        0.00          0.00
 920608   5     0     0          0.00        0.00        0.00          0.00
 920608   6     4     2          4.85       10.18       15.03          0.10
 920608   7     2     2          1.27        3.23        4.50          0.03
 920608   8     6     4          2.53        6.47        9.00          0.30
 920608   9    10     2          1.27        3.23        4.50          0.63
 920608  10    20     4          9.90       20.37       30.27          0.37
 920608  11    44     8        212.90      209.63      422.53          1.97
 920608  12    34    14        245.98      300.03      539.98          4.50
 920608  13   150    28        614.83      663.70     1275.07         14.23
 920608  14   142    22        464.13      535.32      997.08         15.43
 920608  15   176    28        447.60      518.07      931.65         19.13
 920608  16   234    30        340.75      521.07      828.88         20.17
 920608  17   206    26        311.35      448.20      712.30         18.07
 920608  18   206    26        298.70      360.03      650.27         16.93
 920608  19   292    28        307.18      336.57      641.55         19.63
 920608  20   230    24        203.90      338.97      535.53         19.77
 920608  21   266    32        308.83      370.15      665.60         21.87
 920608  22   240    28        283.72      368.93      616.23         18.23
 920608  23   166    22        343.22      280.68      623.90         11.03
 920608  24   126    16        375.55      175.98      547.97          7.83
1
 
                   MAX
            TOTAL  SIM                MAXIMUM CPS                   CONNECT
 DATE  HOUR USERS USERS            IN         OUT       TOTAL         HOURS
 
 
 920609   1    48    12        221.37      142.83      338.68          3.77
 920609   2    14     6         69.63       79.83      138.67          2.27
 920609   3     6     4          4.95       36.65       38.27          0.83
 920609   4     2     2          4.95       10.18       15.13          0.03
 920609   5     0     0          0.00        0.00        0.00          0.00
 920609   6     4     2         59.60       63.73      123.33          0.13
 920609   7     8     4        189.07      178.65      367.72          1.20
 920609   8     0     0          0.00        0.00        0.00          0.00
 920609   9     2     2         82.95       79.53      162.48          0.33
 920609  10    30    10        363.15      346.47      709.62          3.10
 920609  11    54    16        510.45      482.87      978.87          6.60
 920609  12    50    14        368.27      347.65      691.72          6.23
 920609  13   134    24        689.95      677.15     1367.10         16.33
 920609  14   138    26        522.27      539.92     1022.68         16.80
 920609  15   198    32        384.95      514.05      836.88         20.30
 920609  16   182    30        355.45      397.73      753.18         18.67
 920609  17   192    24        181.68      336.42      492.57         16.30
 920609  18   228    26        227.57      287.45      444.88         17.20
 920609  19   328    32        268.13      362.43      619.42         21.77
 920609  20   260    28        248.50      306.73      525.72         17.77
 920609  21   236    24        269.57      265.37      487.57         16.63
 920609  22   156    22        179.20      225.37      375.13         12.13
 920609  23   118    20        176.27      268.58      444.85          9.47
 920609  24   134    14        216.42      176.70      294.23          8.67
1
 
                   MAX
            TOTAL  SIM                MAXIMUM CPS                   CONNECT
 DATE  HOUR USERS USERS            IN         OUT       TOTAL         HOURS
 
 
 920610   1    52     8        116.93      150.05      225.93          4.33
 920610   2    18     8         67.82      225.37      234.52          2.82
 920610   3     4     2          4.95       10.18       15.13          0.07
 920610   4     2     2          4.95       10.18       15.13          0.03
 920610   5     4     2          4.95       10.18       15.13          0.10
 920610   6     4     2         59.07       61.32      120.38          0.12
 920610   7     4     2         59.07       61.32      120.38          0.13
 920610   8     2     2          1.27        3.23        4.50          0.07
 920610   9     0     0          0.00        0.00        0.00          0.00
 920610  10    46    16        653.95      645.12     1299.07          5.88
 920610  11    64    18        705.95      684.37     1390.32         10.20
 920610  12    72    14        519.00      512.05     1031.05          8.37
 920610  13   122    28        793.85      770.28     1564.13         19.50
 920610  14   168    26        501.83      589.27     1052.23         19.33
 920610  15   152    28        481.35      596.13     1077.48         18.53
 920610  16   186    26        355.58      462.90      749.20         17.37
 920610  17   198    24        222.53      411.12      519.03         17.10
 920610  18   218    26        176.43      312.75      489.18         16.73
 920610  19   266    28        198.25      322.58      498.08         19.60
 920610  20   198    26        185.55      277.83      463.38         17.15
 920610  21   268    22        323.02      313.97      500.23         16.03
 920610  22   208    24        343.62      268.72      612.33         13.17
 920610  23   132    16        218.98      264.18      301.82          8.50
 920610  24    90    18        227.48      249.73      431.02          7.10
1
 
                   MAX
            TOTAL  SIM                MAXIMUM CPS                   CONNECT
 DATE  HOUR USERS USERS            IN         OUT       TOTAL         HOURS
 
 
 920611   1    60    12        167.62      121.35      215.42          4.37
 920611   2    46     8        159.98       95.68      237.58          2.40
 920611   3    12     4         89.55       73.75      159.65          1.20
 920611   4     2     2         30.63       35.73       66.37          0.07
 920611   5     2     2          4.95       10.18       15.13          0.07
 920611   6     2     2         34.60       39.57       74.17          0.07
 920611   7     2     2        103.10       99.67      202.77          0.37
 920611   8     0     0          0.00        0.00        0.00          0.00
 920611   9     8     6         69.58       68.08      137.67          0.83
 920611  10    40    14        502.78      485.30      988.08          5.90
 920611  11    58    18        611.23      588.63     1199.87          8.97
 920611  12    74    16        571.43      536.68     1108.12          9.10
 920611  13   122    28        765.65      761.12     1526.77         18.90
 920611  14   166    28        648.47      616.85     1265.32         18.90
 920611  15   200    26        422.27      552.28      974.55         16.80
 920611  16   207    22        443.25      442.27      847.23         17.35
 920611  17   174    30        219.55      420.02      639.57         18.17
 920611  18   216    28        189.78      283.52      466.72         16.13
 920611  19   270    30        276.08      335.40      604.43         18.37
 920611  20   220    24        249.57      324.08      573.65         17.80
 920611  21   251    24        298.40      323.80      569.25         17.15
 920611  22   176    20        225.95      302.42      509.15         11.90
 920611  23   132    16        186.38      201.25      342.95          9.33
 920611  24   104    14        197.87      124.88      264.32          6.50
1
 
                   MAX
            TOTAL  SIM                MAXIMUM CPS                   CONNECT
 DATE  HOUR USERS USERS            IN         OUT       TOTAL         HOURS
 
 
 920612   1    58    10        133.63       94.88      187.28          2.80
 920612   2    24     6         48.12       63.95      106.95          1.13
 920612   3     8     2         18.82       39.98       40.70          0.60
 920612   4     4     2          4.95       10.18       15.13          0.10
 920612   5     0     0          0.00        0.00        0.00          0.00
 920612   6     0     0          0.00        0.00        0.00          0.00
 920612   7     0     0          0.00        0.00        0.00          0.00
 920612   8     2     2          1.95        6.85        8.80          0.10
 920612   9     8     4        164.12      163.18      327.30          0.60
 920612  10    36    10        374.50      331.80      706.30          3.47
 920612  11    62    22        729.13      692.13     1421.27          7.30
 920612  12    62    14        450.13      444.95      895.08          7.43
 920612  13   138    32        783.42      809.32     1592.73         20.03
 920612  14   138    24        574.33      581.02     1155.35         16.63
 920612  15   234    28        365.57      519.17      884.73         18.30
 920612  16   183    24        450.82      506.00      918.75         16.45
 920612  17   187    22        293.15      346.27      636.27         14.30
 920612  18   210    24        178.52      320.63      490.83         14.80
 920612  19   246    26        255.82      330.30      586.12         16.70
 920612  20   222    20        248.20      298.85      510.35         14.43
 920612  21   208    20        299.93      296.53      508.72         12.80
 920612  22   168    24        202.17      321.35      480.83         10.97
 920612  23   136    16        243.17      222.92      423.15          8.87
 920612  24    72    14        251.43      223.52      474.95          4.57
1     MAXIMUM OF MAXIMUM SIMULTANEOUS USERS
 
 
                   MAX
            TOTAL  SIM                MAXIMUM CPS                   CONNECT
 DATE  HOUR USERS USERS            IN         OUT       TOTAL         HOURS
 
 920608  21   266    32        308.83      370.15      665.60         21.87
 
 
     MAXIMUM OF CONNECT HOURS
 
 
                   MAX
            TOTAL  SIM                MAXIMUM CPS                   CONNECT
 DATE  HOUR USERS USERS            IN         OUT       TOTAL         HOURS
 
 920608  21   266    32        308.83      370.15      665.60         21.87
1
  