1
 
                   MAX
            TOTAL  SIM                MAXIMUM CPS                   CONNECT
 DATE  HOUR USERS USERS            IN         OUT       TOTAL         HOURS
 
 
 920608   1    20     4         12.13       44.65       56.78          0.97
 920608   2    18     4         23.23       32.85       56.08          0.50
 920608   3     2     2          4.95       10.18       15.13          0.03
 920608   4     0     0          0.00        0.00        0.00          0.00
 920608   5     6     2          4.95       10.18       15.13          0.20
 920608   6     6     2        102.75       96.98      199.73          0.50
 920608   7     2     2          1.27        3.23        4.50          0.07
 920608   8     2     2          1.27        3.23        4.50          0.10
 920608   9    12     4         10.13       10.48       20.62          0.77
 920608  10    46     6        134.83      131.37      266.20          1.73
 920608  11    72    10        232.93      217.72      450.65          3.10
 920608  12    54    14        508.93      477.60      986.53          6.53
 920608  13   142    24        480.05      523.18     1003.23         14.30
 920608  14   156    24        450.05      496.87      914.42         16.23
 920608  15   216    30        543.47      519.55     1063.02         20.50
 920608  16   191    30        364.05     5369.72     5711.17         23.03
 920608  17   207    28        215.40      392.15      586.78         20.13
 920608  18   284    30        288.28      390.07      666.98         18.90
 920608  19   296    28        293.72      362.80      604.48         21.30
 920608  20   282    30        237.72      343.22      502.60         21.80
 920608  21   266    30        232.52      337.78      496.95         23.38
 920608  22   322    32        392.33      383.83      746.20         20.73
 920608  23   130    18        146.77      182.55      273.22         12.67
 920608  24   104    16        180.97      195.28      376.25          8.47
1
 
                   MAX
            TOTAL  SIM                MAXIMUM CPS                   CONNECT
 DATE  HOUR USERS USERS            IN         OUT       TOTAL         HOURS
 
 
 920609   1    30    12        245.38      222.22      462.23          4.43
 920609   2    26     8        215.55      111.82      305.13          2.83
 920609   3    10     6         72.47       98.27      170.73          1.03
 920609   4     8     4          5.82       32.53       38.35          0.50
 920609   5     6     2         18.23       10.48       28.72          0.17
 920609   6     0     0          0.00        0.00        0.00          0.00
 920609   7     0     0          0.00        0.00        0.00          0.00
 920609   8     4     4          2.53        6.47        9.00          0.20
 920609   9     4     2        103.55       94.80      198.35          0.43
 920609  10    36    10        341.58      331.12      672.70          4.27
 920609  11    66    16        516.95      493.38     1010.33          8.30
 920609  12    74    16        470.13      438.45      908.58          9.30
 920609  13   158    26        662.90      687.62     1350.52         17.17
 920609  14   184    24        423.22      484.43      907.65         19.37
 920609  15   258    30        503.18      565.55     1068.73         22.77
 920609  16   238    30        377.85      466.45      830.58         21.78
 920609  17   216    24        262.57      309.85      558.72         18.33
 920609  18   274    26        377.07      414.77      692.57         18.27
 920609  19   288    38        320.60      461.35      781.95         21.53
 920609  20   308    28        303.35      289.08      583.65         19.43
 920609  21   270    28        284.82      316.75      499.67         17.37
 920609  22   266    28        354.12      305.20      613.88         15.43
 920609  23   168    16        240.88      252.93      444.62         10.87
 920609  24    90    16        181.87      170.15      282.10          7.77
1
 
                   MAX
            TOTAL  SIM                MAXIMUM CPS                   CONNECT
 DATE  HOUR USERS USERS            IN         OUT       TOTAL         HOURS
 
 
 920610   1    58    10        159.40      111.38      204.93          3.80
 920610   2    56     8        133.60       88.53      208.27          3.53
 920610   3    16     6        120.77       74.02      147.98          1.60
 920610   4     4     2         93.00       85.40      178.40          0.73
 920610   5     4     2         93.00       85.40      178.40          0.07
 920610   6     0     0          0.00        0.00        0.00          0.00
 920610   7     2     2          1.27        3.23        4.50          0.10
 920610   8     2     2          1.27        3.23        4.50          0.10
 920610   9     8     4        171.95      172.07      344.02          1.20
 920610  10    44    16        577.20      569.95     1147.15          6.87
 920610  11    66    18        628.38      617.32     1245.70         10.17
 920610  12    76    16        603.47      589.38     1192.85         10.53
 920610  13   128    36        799.18      728.43     1506.57         22.23
 920610  14   192    26        589.13      622.87     1173.83         20.53
 920610  15   202    26        374.35      444.65      819.00         20.53
 920610  16   254    30        329.47      533.92      853.37         20.53
 920610  17   222    26        248.70      405.20      603.25         19.53
 920610  18   292    26        271.10      388.93      653.87         18.60
 920610  19   344    36        372.18      522.40      894.58         22.77
 920610  20   280    26        223.17      301.60      498.10         18.23
 920610  21   264    28        426.65      285.48      704.32         16.63
 920610  22   248    24        217.37      255.88      428.53         15.97
 920610  23   134    20        187.30      235.93      339.15         11.93
 920610  24   106    16        168.78      148.55      244.35          9.53
1
 
                   MAX
            TOTAL  SIM                MAXIMUM CPS                   CONNECT
 DATE  HOUR USERS USERS            IN         OUT       TOTAL         HOURS
 
 
 920611   1    54    14        166.45      119.60      258.17          4.17
 920611   2    34     8         73.02       74.75      132.33          2.67
 920611   3    16     4         64.40       45.73       70.37          0.90
 920611   4     2     2         24.62       29.67       54.28          0.07
 920611   5     6     2         26.97       34.18       59.03          0.17
 920611   6     4     2         81.93       62.08      144.02          0.30
 920611   7     0     0          0.00        0.00        0.00          0.00
 920611   8     4     2         28.17       32.03       60.20          0.17
 920611   9     8     6        200.55      193.98      394.53          0.63
 920611  10    40    16        582.78      564.40     1147.18          5.97
 920611  11    60    16        553.08      539.97     1093.05         10.07
 920611  12    70    16        547.05      529.12     1076.17         10.33
 920611  13   160    30        726.18      738.53     1426.20         19.47
 920611  14   180    28        632.35      626.55     1258.90         20.00
 920611  15   202    24        413.25      486.52      884.33         18.17
 920611  16   242    28        388.10      397.90      768.00         19.50
 920611  17   236    34        223.42      300.72      486.03         20.63
 920611  18   168    30        253.57      307.45      561.02         15.83
 920611  19   296    30        270.37      259.57      523.57         20.87
 920611  20   252    30        275.12      342.32      617.43         19.23
 920611  21   276    26        247.35      320.53      500.77         17.70
 920611  22   204    22        230.88      314.35      486.02         14.40
 920611  23   172    18        270.45      251.03      521.48         12.47
 920611  24    86    20        309.88      162.45      436.80          6.27
1
 
                   MAX
            TOTAL  SIM                MAXIMUM CPS                   CONNECT
 DATE  HOUR USERS USERS            IN         OUT       TOTAL         HOURS
 
 
 920612   1    57    10        251.47       97.23      269.47          3.68
 920612   2    40     8         32.85       69.87      102.72          1.93
 920612   3    12     4         79.35       76.80      156.15          1.03
 920612   4     6     4         84.30       86.98      171.28          0.17
 920612   5     6     2          4.95       10.18       15.13          0.20
 920612   6     0     0          0.00        0.00        0.00          0.00
 920612   7     0     0          0.00        0.00        0.00          0.00
 920612   8     4     4          3.90       10.80       14.70          0.20
 920612   9    14     6        145.17      153.20      298.37          0.83
 920612  10    42    12        457.08      442.98      900.07          4.87
 920612  11    64    18        604.45      578.02     1182.47          7.67
 920612  12    76    16        622.13      595.25     1217.38          9.23
 920612  13   146    34        840.83      840.00     1680.83         21.67
 920612  14   160    26        513.77      543.82     1057.58         18.00
 920612  15   174    28        419.17      552.18      959.33         19.73
 920612  16   204    24        382.82      511.45      843.28         18.53
 920612  17   202    20        306.43      430.80      737.23         15.43
 920612  18   232    22        251.20      290.65      459.45         16.10
 920612  19   258    28        269.63      321.62      542.70         18.10
 920612  20   270    22        236.72      375.47      520.70         15.87
 920612  21   232    20        297.45      252.57      537.82         13.67
 920612  22   178    24        234.12      334.47      537.58         12.67
 920612  23   136    16        247.85      251.62      495.52          8.97
 920612  24    80    14        255.33      232.78      486.92          5.23
1     MAXIMUM OF MAXIMUM SIMULTANEOUS USERS
 
 
                   MAX
            TOTAL  SIM                MAXIMUM CPS                   CONNECT
 DATE  HOUR USERS USERS            IN         OUT       TOTAL         HOURS
 
 920609  19   288    38        320.60      461.35      781.95         21.53
 
 
     MAXIMUM OF CONNECT HOURS
 
 
                   MAX
            TOTAL  SIM                MAXIMUM CPS                   CONNECT
 DATE  HOUR USERS USERS            IN         OUT       TOTAL         HOURS
 
 920608  21   266    30        232.52      337.78      496.95         23.38
1
  