1
 
                   MAX
            TOTAL  SIM                MAXIMUM CPS                   CONNECT
 DATE  HOUR USERS USERS            IN         OUT       TOTAL         HOURS
 
 
 920629   1    12     4         55.27       64.90      120.17          0.47
 920629   2     6     2          4.95       10.18       15.13          0.17
 920629   3     2     2          4.85       10.18       15.03          0.07
 920629   4     4     2          4.95       10.18       15.13          0.07
 920629   5     0     0          0.00        0.00        0.00          0.00
 920629   6     4     2          4.95       10.18       15.13          0.07
 920629   7     0     0          0.00        0.00        0.00          0.00
 920629   8     0     0          0.00        0.00        0.00          0.00
 920629   9    10     2          4.95       10.18       15.13          0.40
 920629  10    44     8         84.75       93.50      178.25          1.83
 920629  11    48    10        172.92      174.35      347.27          2.93
 920629  12    44    12        318.00      306.75      624.75          4.80
 920629  13   116    20        522.73      486.93      999.62         13.27
 920629  14   184    24        349.53      405.83      744.90         17.53
 920629  15   208    28        293.12      385.62      580.75         20.80
 920629  16   218    28        309.23      426.43      735.67         21.57
 920629  17   192    26        198.70      330.78      510.35         18.85
 920629  18   239    30        252.23      297.85      506.38         17.28
 920629  19   266    34        610.03      492.95     1102.98         24.40
 920629  20   232    28        282.38      261.40      533.65         21.87
 920629  21   234    30        270.18      276.23      449.42         22.53
 920629  22   234    34        270.45      276.88      530.45         16.70
 920629  23   168    24        202.77      226.32      371.58         13.33
 920629  24   110    16        178.60      193.32      316.10         10.93
1
 
                   MAX
            TOTAL  SIM                MAXIMUM CPS                   CONNECT
 DATE  HOUR USERS USERS            IN         OUT       TOTAL         HOURS
 
 
 920630   1    60    14        184.38      133.48      248.82          5.63
 920630   2    20     8         11.03       60.25       69.93          3.57
 920630   3     4     4          0.80       25.75       26.55          2.07
 920630   4     2     2          0.00        0.00        0.00          2.00
 920630   5     6     2          4.95       10.18       15.13          0.33
 920630   6     0     0          0.00        0.00        0.00          0.00
 920630   7     0     0          0.00        0.00        0.00          0.00
 920630   8     0     0          0.00        0.00        0.00          0.00
 920630   9     4     2        101.65       99.97      201.62          0.43
 920630  10    50    14        525.42      514.43     1039.85          6.20
 920630  11    72    16        536.75      508.38     1045.13          9.17
 920630  12    72    18        538.17      526.15     1064.32         11.17
 920630  13   182    40        841.62      844.07     1685.68         22.97
 920630  14   194    26        552.08      621.08     1173.17         19.83
 920630  15   210    28        323.70      416.22      728.88         20.23
 920630  16   220    28        378.22      474.73      740.58         18.57
 920630  17   250    28        339.48      465.65      805.13         19.00
 920630  18   270    22        235.38      272.82      489.85         17.40
 920630  19   632    60        310.17      371.50      642.98         38.23
 920630  20   378    36        377.88      423.77      801.65         22.73
 920630  21   272    30        234.25      349.88      529.13         22.83
 920630  22   248    28        277.77      259.88      495.40         16.37
 920630  23   172    22        225.25      211.80      433.53         13.07
 920630  24   164    20        208.85      212.02      355.78         10.10
1
 
                   MAX
            TOTAL  SIM                MAXIMUM CPS                   CONNECT
 DATE  HOUR USERS USERS            IN         OUT       TOTAL         HOURS
 
 
 920701   1    64    14        156.63      134.78      256.28          4.97
 920701   2    36     8        124.03      131.65      229.15          2.67
 920701   3    14     6         16.22       68.90       85.12          0.73
 920701   4     4     2          3.02       35.78       38.80          0.40
 920701   5     0     0          0.00        0.00        0.00          0.00
 920701   6     0     0          0.00        0.00        0.00          0.00
 920701   7     0     0          0.00        0.00        0.00          0.00
 920701   8     4     2          2.02        5.47        7.48          0.20
 920701   9     4     2        101.27       95.30      196.57          0.43
 920701  10    40    14        458.80      439.32      898.12          6.43
 920701  11    78    20        634.58      602.78     1236.05         13.27
 920701  12    62    18        666.98      632.08     1299.07         13.10
 920701  13   164    58        995.00      962.60     1957.60         38.67
 920701  14   290    58        986.15     1088.37     2074.52         43.63
 920701  15   272    44        674.10      770.25     1395.08         35.12
 920701  16   370    48        716.23      828.03     1544.27         35.73
 920701  17   278    42        583.63      636.55     1220.18         24.73
 920701  18   274    30        504.72      624.15     1128.87         20.57
 920701  19   402    32        354.63      469.35      726.35         22.57
 920701  20   284    34        422.33      499.88      915.08         24.00
 920701  21   318    32        554.47      547.30     1099.28         23.93
 920701  22   272    38        438.03      499.18      910.00         22.17
 920701  23   224    26        533.10      505.58      984.03         18.70
 920701  24   150    24        441.37      404.27      832.12         14.30
1
 
                   MAX
            TOTAL  SIM                MAXIMUM CPS                   CONNECT
 DATE  HOUR USERS USERS            IN         OUT       TOTAL         HOURS
 
 
 920702   1    68    16        423.22      421.72      844.93          9.77
 920702   2    54    12        241.68      240.38      473.12          4.33
 920702   3    12     6        215.25      214.78      430.03          1.80
 920702   4     8     2         41.35       46.38       87.73          0.37
 920702   5     8     2        100.87       96.60      197.47          0.33
 920702   6     4     2        108.13      105.98      214.12          0.10
 920702   7     2     2        108.13      105.98      214.12          0.80
 920702   8     0     0          0.00        0.00        0.00          0.00
 920702   9    24     6          4.43       12.33       16.77          1.57
 920702  10   104    28        826.73      788.93     1615.67         10.80
 920702  11    92    32        854.42      821.73     1676.15         20.97
 920702  12   108    28        690.43      688.75     1379.18         19.47
 920702  13   190    66        962.65      949.80     1912.45         49.25
 920702  14   358    76        911.22      894.13     1794.65         57.40
 920702  15   244    46        724.90      793.83     1518.73         29.73
 920702  16   278    38        552.27      608.88     1151.03         25.97
 920702  17   264    30        285.00      385.28      577.33         21.07
 920702  18   330    32        356.00      427.78      750.18         21.77
 920702  19   424    32        332.78      436.22      689.95         23.40
 920702  20   304    30        326.60      328.75      625.35         21.60
 920702  21   422    32        366.23      350.98      661.15         23.67
 920702  22   346    28        280.98      301.07      569.48         18.73
 920702  23   212    24        384.38      285.63      670.02         13.50
 920702  24   162    16        157.17      167.42      306.82          9.10
1
 
                   MAX
            TOTAL  SIM                MAXIMUM CPS                   CONNECT
 DATE  HOUR USERS USERS            IN         OUT       TOTAL         HOURS
 
 
 920703   1    82    12        162.08      138.70      263.80          5.57
 920703   2    58    10         94.27      111.65      154.05          3.72
 920703   3    34     6         41.70       51.45       86.28          1.80
 920703   4    24     4         80.65       25.93       91.70          0.80
 920703   5    12     4         37.42       32.75       65.18          0.30
 920703   6     6     4         73.73       58.85      132.58          0.13
 920703   7     6     2         67.40       54.55      121.95          0.27
 920703   8     4     2          2.02        5.47        7.48          0.20
 920703   9    12     4        159.95      157.48      317.43          0.87
 920703  10    56    10        409.17      401.83      811.00          5.02
 920703  11    74    14        459.30      443.80      903.10          6.50
 920703  12    98    14        442.95      423.65      866.60          7.03
 920703  13   152    24        686.00      671.33     1357.33         13.73
 920703  14   210    20        329.67      341.58      671.25         12.77
 920703  15   262    22        288.03      303.63      591.67         14.47
 920703  16   300    24        373.03      311.77      684.80         15.33
 920703  17   186    20        243.20      246.00      489.20         11.93
 920703  18   173    20         91.35      172.35      253.77         12.00
 920703  19   162    22        192.95      186.33      376.92         13.77
 920703  20   188    22        249.20      318.25      566.30         12.60
 920703  21   133    16        302.83      321.90      624.73          9.32
 920703  22   104    16        269.87      268.30      521.55          7.57
 920703  23    96    14        308.65      338.55      647.20          8.03
 920703  24    72    12        323.50      270.88      579.68          5.30
1     MAXIMUM OF MAXIMUM SIMULTANEOUS USERS
 
 
                   MAX
            TOTAL  SIM                MAXIMUM CPS                   CONNECT
 DATE  HOUR USERS USERS            IN         OUT       TOTAL         HOURS
 
 920702  14   358    76        911.22      894.13     1794.65         57.40
 
 
     MAXIMUM OF CONNECT HOURS
 
 
                   MAX
            TOTAL  SIM                MAXIMUM CPS                   CONNECT
 DATE  HOUR USERS USERS            IN         OUT       TOTAL         HOURS
 
 920702  14   358    76        911.22      894.13     1794.65         57.40
1
  