1
 
                   MAX
            TOTAL  SIM                MAXIMUM CPS                   CONNECT
 DATE  HOUR USERS USERS            IN         OUT       TOTAL         HOURS
 
 
 920608   1     6     2         11.00       10.48       21.48          0.13
 920608   2     8     4         18.07       64.32       82.38          0.17
 920608   3     6     4         91.07       91.97      183.03          0.33
 920608   4     2     2          4.95       10.18       15.13          0.03
 920608   5     0     0          0.00        0.00        0.00          0.00
 920608   6     0     0          0.00        0.00        0.00          0.00
 920608   7     0     0          0.00        0.00        0.00          0.00
 920608   8     0     0          0.00        0.00        0.00          0.00
 920608   9     4     4          1.77        4.52        6.28          0.30
 920608  10    32     8        161.70      157.90      319.60          2.13
 920608  11    50     8        137.32      138.23      275.55          2.50
 920608  12    71    14        353.95      359.58      713.53          6.22
 920608  13   121    24        533.62      496.28     1025.53         14.08
 920608  14   154    20        403.90      413.63      806.68         14.83
 920608  15   212    28        384.92      471.52      791.18         20.53
 920608  16   286    30        386.57      490.02      847.03         23.43
 920608  17   192    28        190.45      323.77      467.32         18.52
 920608  18   196    26        195.83      347.60      468.87         16.42
 920608  19   266    28        335.92      427.37      590.30         19.50
 920608  20   284    32        280.87      355.37      611.45         21.27
 920608  21   282    32        414.67      374.15      761.08         22.50
 920608  22   258    30        231.20      363.32      594.52         18.93
 920608  23   136    20        181.22      239.72      376.43         12.33
 920608  24    96    18        212.03      178.88      390.92          6.77
1
 
                   MAX
            TOTAL  SIM                MAXIMUM CPS                   CONNECT
 DATE  HOUR USERS USERS            IN         OUT       TOTAL         HOURS
 
 
 920609   1    60    12        206.00      100.68      237.92          4.47
 920609   2    42    10        193.42      136.87      235.32          2.93
 920609   3     6     2         15.75       10.48       26.23          0.53
 920609   4     6     2         11.12       15.85       26.97          0.10
 920609   5     2     2         58.02       47.78      105.80          0.07
 920609   6     2     2         47.90       49.43       97.33          0.07
 920609   7     4     2          1.95        5.40        7.35          0.20
 920609   8     0     0          0.00        0.00        0.00          0.00
 920609   9     6     2        110.52      105.72      216.23          0.37
 920609  10    36    12        408.48      392.83      801.32          4.33
 920609  11    66    16        566.18      551.28     1117.47          6.90
 920609  12    68    16        547.48      512.67     1060.15          8.70
 920609  13   160    30        744.40      744.63     1469.13         17.63
 920609  14   181    24        357.95      435.20      745.25         16.93
 920609  15   202    30        329.87      429.13      736.17         21.87
 920609  16   236    26        303.93      419.33      681.38         20.05
 920609  17   196    24        196.27      299.52      477.88         17.73
 920609  18   196    24        174.72      235.10      369.02         16.67
 920609  19   284    34        279.40      389.38      597.55         21.03
 920609  20   222    28        244.17      336.38      485.37         17.97
 920609  21   228    24        287.63      286.08      562.35         17.18
 920609  22   238    28        274.13      311.33      551.23         15.13
 920609  23   132    18        274.13      178.78      452.92          9.30
 920609  24   118    14        106.02       95.68      184.97          7.00
1
 
                   MAX
            TOTAL  SIM                MAXIMUM CPS                   CONNECT
 DATE  HOUR USERS USERS            IN         OUT       TOTAL         HOURS
 
 
 920610   1    67    11        153.75       75.57      190.42          3.70
 920610   2    40     8        119.38       66.33      155.67          2.37
 920610   3    10     4        154.67       58.25      212.92          0.50
 920610   4     6     4         10.13       10.48       20.62          0.23
 920610   5     0     0          0.00        0.00        0.00          0.00
 920610   6     0     0          0.00        0.00        0.00          0.00
 920610   7     4     4          3.25       10.45       13.70          0.27
 920610   8     4     2          1.95        5.40        7.35          0.13
 920610   9     6     2         81.95       83.77      163.40          0.33
 920610  10    30    14        421.72      416.73      838.45          5.58
 920610  11    54    18        635.58      612.28     1247.87          8.93
 920610  12    66    16        549.38      533.22     1082.60         10.63
 920610  13   140    30        741.92      773.17     1515.08         20.53
 920610  14   190    28        578.98      627.00     1177.58         19.97
 920610  15   210    26        301.67      449.30      750.97         19.73
 920610  16   202    28        328.40      473.87      801.53         20.12
 920610  17   180    24        363.23      435.68      757.60         17.60
 920610  18   200    24        146.63      301.72      393.20         16.73
 920610  19   282    28        258.05      340.50      574.52         20.33
 920610  20   224    26        257.08      395.77      616.03         18.33
 920610  21   260    24        308.77      306.97      571.57         17.10
 920610  22   186    22        302.92      278.90      581.43         13.83
 920610  23   172    16        174.42      182.55      310.62         10.50
 920610  24   126    16        157.08      199.55      324.33          8.53
1
 
                   MAX
            TOTAL  SIM                MAXIMUM CPS                   CONNECT
 DATE  HOUR USERS USERS            IN         OUT       TOTAL         HOURS
 
 
 920611   1    58    10        115.43      151.93      192.35          4.37
 920611   2    44     8        155.62       83.40      216.78          2.50
 920611   3    12     4         76.57       20.37       82.52          0.63
 920611   4     2     2          5.88        4.93       10.82          0.10
 920611   5     4     2         69.87       67.15      137.02          0.27
 920611   6     2     2         92.70       92.43      185.13          0.13
 920611   7     0     0          0.00        0.00        0.00          0.00
 920611   8     2     2         74.78       79.20      153.98          0.03
 920611   9     8     2         14.85       15.07       29.92          0.80
 920611  10    38    16        513.08      478.25      991.33          5.43
 920611  11    56    14        510.07      496.22     1006.28          8.33
 920611  12    78    16        504.73      475.35      980.08          9.43
 920611  13   126    30        822.10      726.18     1548.28         20.20
 920611  14   192    28        722.25      737.38     1459.63         20.00
 920611  15   144    26        254.47      331.68      586.15         17.97
 920611  16   184    24        365.82      396.50      717.57         18.13
 920611  17   216    28        287.98      372.68      660.67         19.93
 920611  18   226    22        293.88      323.50      617.38         16.17
 920611  19   250    36        238.05      404.82      642.87         20.17
 920611  20   266    28        234.13      269.22      468.93         18.60
 920611  21   200    26        349.38      272.97      527.90         17.13
 920611  22   242    24        299.67      223.12      500.97         14.23
 920611  23   158    24        293.23      227.27      492.78         10.17
 920611  24   106    16        189.87      195.55      385.42          6.47
1
 
                   MAX
            TOTAL  SIM                MAXIMUM CPS                   CONNECT
 DATE  HOUR USERS USERS            IN         OUT       TOTAL         HOURS
 
 
 920612   1    58    10        129.13      142.93      189.25          4.27
 920612   2    28     8         73.75       42.83      100.22          1.67
 920612   3    12     4        139.98      106.27      157.00          0.83
 920612   4     4     2         64.90       10.77       75.67          0.13
 920612   5     2     2          4.95       10.18       15.13          0.07
 920612   6     4     2         83.90       75.88      159.78          0.20
 920612   7     2     2          1.95        5.40        7.35          0.10
 920612   8     6     2          1.95        5.40        7.35          0.27
 920612   9    10     4        221.12      190.48      411.60          0.53
 920612  10    32    14        512.67      491.08     1003.75          4.13
 920612  11    68    18        596.88      571.78     1168.67          8.83
 920612  12    50    14        465.80      447.10      912.90          7.30
 920612  13   136    34        909.33      893.58     1802.92         22.97
 920612  14   140    24        405.82      489.85      893.27         16.80
 920612  15   176    28        326.00      460.32      767.62         19.63
 920612  16   180    26        340.07      449.10      710.97         17.60
 920612  17   162    20        206.42      255.38      430.20         14.83
 920612  18   156    22        298.57      331.02      585.50         14.50
 920612  19   214    26        185.88      281.33      439.93         16.80
 920612  20   204    26        230.98      253.40      484.38         14.83
 920612  21   198    26        313.82      362.62      657.00         13.97
 920612  22   210    20        312.30      303.15      599.60         13.13
 920612  23   120    18        381.75      270.27      652.02          8.60
 920612  24    88    14        261.27      234.50      431.93          6.30
1     MAXIMUM OF MAXIMUM SIMULTANEOUS USERS
 
 
                   MAX
            TOTAL  SIM                MAXIMUM CPS                   CONNECT
 DATE  HOUR USERS USERS            IN         OUT       TOTAL         HOURS
 
 920611  19   250    36        238.05      404.82      642.87         20.17
 
 
     MAXIMUM OF CONNECT HOURS
 
 
                   MAX
            TOTAL  SIM                MAXIMUM CPS                   CONNECT
 DATE  HOUR USERS USERS            IN         OUT       TOTAL         HOURS
 
 920608  16   286    30        386.57      490.02      847.03         23.43
1
  