1
 
                   MAX
            TOTAL  SIM                MAXIMUM CPS                   CONNECT
 DATE  HOUR USERS USERS            IN         OUT       TOTAL         HOURS
 
 
 920629   1    16     6         14.75       30.55       45.30          0.37
 920629   2     6     2          4.95       10.18       15.13          0.13
 920629   3     4     2          4.95       10.18       15.13          0.10
 920629   4     2     2          0.68        1.43        2.12          0.27
 920629   5     2     2          4.95       10.18       15.13          0.03
 920629   6     2     2        102.87      101.57      204.43          0.20
 920629   7     0     0          0.00        0.00        0.00          0.00
 920629   8     0     0          0.00        0.00        0.00          0.00
 920629   9     6     2          4.95       10.18       15.13          0.20
 920629  10    22     6         76.38       87.17      163.55          0.83
 920629  11    44    12        346.78      342.15      688.93          2.13
 920629  12    68    12        280.78      331.12      611.90          5.13
 920629  13   114    20        518.13      482.42     1000.55         10.97
 920629  14   168    22        367.93      534.63      770.85         16.08
 920629  15   196    26        502.33      681.38     1183.72         19.17
 920629  16   246    28        489.45      611.28     1100.73         19.03
 920629  17   220    24        260.45      385.53      645.98         17.37
 920629  18   244    24        285.10      425.28      625.95         17.03
 920629  19   352    32        238.03      449.18      632.40         23.20
 920629  20   262    28        214.58      316.87      479.67         19.72
 920629  21   252    28        264.22      311.63      507.50         20.67
 920629  22   200    32        324.17      348.25      672.42         16.07
 920629  23   158    18        263.45      183.73      405.68         11.07
 920629  24   114    18        306.87      204.15      492.20          9.80
1
 
                   MAX
            TOTAL  SIM                MAXIMUM CPS                   CONNECT
 DATE  HOUR USERS USERS            IN         OUT       TOTAL         HOURS
 
 
 920630   1    66    10        166.37      104.92      212.58          3.80
 920630   2    54     8        204.08       86.42      248.20          2.37
 920630   3    30     6         81.48      120.42      144.35          1.80
 920630   4    10     4         62.58      115.15      177.73          0.70
 920630   5     2     2          4.85       10.18       15.03          0.07
 920630   6     4     2          4.95       10.18       15.13          0.07
 920630   7     0     0          0.00        0.00        0.00          0.00
 920630   8     2     2          1.27        3.23        4.50          0.10
 920630   9     4     4        163.37      161.20      324.57          0.33
 920630  10    30    10        383.88      374.57      758.45          4.17
 920630  11    58    16        563.58      540.80     1102.27          9.17
 920630  12    74    16        564.02      536.80     1100.82          9.93
 920630  13   142    36        766.87      795.12     1536.10         22.33
 920630  14   196    26        740.32      732.70     1458.72         19.73
 920630  15   196    26        434.37      548.02      982.38         18.17
 920630  16   246    28        425.57      503.77      929.33         18.67
 920630  17   214    22        190.12      299.77      447.65         16.43
 920630  18   210    22        222.53      332.20      554.73         15.77
 920630  19   560    62        262.72      385.77      648.48         35.63
 920630  20   314    34        278.62      390.68      615.67         21.13
 920630  21   296    28        271.72      312.15      547.53         21.60
 920630  22   244    28        319.82      276.28      596.10         15.30
 920630  23   122    22        168.73      216.87      385.60         10.70
 920630  24   106    18        156.25      201.62      317.68          7.73
1
 
                   MAX
            TOTAL  SIM                MAXIMUM CPS                   CONNECT
 DATE  HOUR USERS USERS            IN         OUT       TOTAL         HOURS
 
 
 920701   1    62    10        178.05      122.57      257.77          3.90
 920701   2    42     8        267.05      104.10      371.15          1.73
 920701   3     4     2         71.00       10.18       77.25          0.10
 920701   4     6     2          4.95       10.18       15.13          0.13
 920701   5     0     0          0.00        0.00        0.00          0.00
 920701   6     2     2        105.17       95.83      201.00          0.07
 920701   7     6     4        105.17       95.83      201.00          0.33
 920701   8     2     2          1.27        3.23        4.50          0.10
 920701   9     2     2         70.37       66.23      136.60          0.17
 920701  10    34    14        536.95      510.73     1047.68          6.07
 920701  11    58    20        707.47      675.07     1382.53         12.80
 920701  12    84    22        723.73      700.97     1424.70         13.30
 920701  13   160    52        981.97      940.98     1922.95         35.97
 920701  14   348    58        791.45     1000.95     1785.68         41.63
 920701  15   274    42        804.85      872.73     1677.58         31.80
 920701  16   310    50        839.73      902.20     1698.52         32.90
 920701  17   228    34        588.08      730.07     1313.33         21.27
 920701  18   284    28        327.87      371.42      699.28         18.10
 920701  19   310    32        379.30      497.18      842.83         19.90
 920701  20   314    32        311.65      375.97      687.62         21.03
 920701  21   344    32        539.52      390.27      817.82         21.67
 920701  22   224    26        394.88      469.47      828.28         18.37
 920701  23   132    20        289.18      347.17      605.33         12.87
 920701  24   148    20        436.63      483.63      909.78         12.07
1
 
                   MAX
            TOTAL  SIM                MAXIMUM CPS                   CONNECT
 DATE  HOUR USERS USERS            IN         OUT       TOTAL         HOURS
 
 
 920702   1    70    14        491.42      407.03      898.45          5.37
 920702   2    30     8        299.55      243.93      543.48          3.43
 920702   3     6     2         75.00       67.88      142.88          0.27
 920702   4     0     0          0.00        0.00        0.00          0.00
 920702   5     0     0          0.00        0.00        0.00          0.00
 920702   6     0     0          0.00        0.00        0.00          0.00
 920702   7     0     0          0.00        0.00        0.00          0.00
 920702   8     0     0          0.00        0.00        0.00          0.00
 920702   9     2     2          1.95        5.40        7.35          0.10
 920702  10    52    28        904.62      860.32     1764.93          7.47
 920702  11   102    32        898.83      856.43     1755.27         18.70
 920702  12    80    24        842.17      834.23     1676.40         16.63
 920702  13   206    66        964.45      913.47     1877.92         46.20
 920702  14   374    72        982.52      968.23     1928.60         54.53
 920702  15   210    44        823.68      837.33     1657.72         27.57
 920702  16   204    30        504.95      564.53     1047.58         21.47
 920702  17   248    32        458.18      562.32     1020.50         18.07
 920702  18   226    26        155.82      244.60      376.10         17.17
 920702  19   260    34        260.57      403.93      592.53         19.20
 920702  20   304    30        327.65      406.62      730.88         17.83
 920702  21   256    24        291.42      295.25      525.12         17.03
 920702  22   290    28        390.53      329.42      690.27         15.93
 920702  23   104    20        316.70      187.73      448.40          7.77
 920702  24    82    12         82.00      211.13      274.68          4.63
1
 
                   MAX
            TOTAL  SIM                MAXIMUM CPS                   CONNECT
 DATE  HOUR USERS USERS            IN         OUT       TOTAL         HOURS
 
 
 920703   1    79    10        210.22       90.67      283.45          4.32
 920703   2    58     8        103.15      105.63      167.88          3.30
 920703   3     6     2         19.90       16.48       36.38          0.50
 920703   4     0     0          0.00        0.00        0.00          0.00
 920703   5     2     2          4.95       10.18       15.13          0.03
 920703   6     0     0          0.00        0.00        0.00          0.00
 920703   7     0     0          0.00        0.00        0.00          0.00
 920703   8     0     0          0.00        0.00        0.00          0.00
 920703   9     0     0          0.00        0.00        0.00          0.00
 920703  10    34     8        303.58      284.23      587.82          2.23
 920703  11    32    10        289.72      273.83      563.55          4.47
 920703  12    64    10        304.80      296.20      601.00          4.63
 920703  13   142    24        580.42      478.85     1059.27         10.03
 920703  14   140    16        165.93      181.08      347.02          7.33
 920703  15   162    16        266.47      273.50      539.50         10.50
 920703  16   220    18        121.98      142.20      263.62         11.20
 920703  17   166    16         86.90       98.43      176.15          8.33
 920703  18   110    16        102.83      192.98      286.12          8.25
 920703  19   128    20        268.73      218.72      430.65          9.80
 920703  20    64    16         80.55      137.27      210.27          7.40
 920703  21    58    10         70.45      169.88      240.33          4.57
 920703  22    52     8        170.55      191.93      362.48          4.13
 920703  23    68    10        359.45      336.03      695.48          4.33
 920703  24    34    10        310.05      303.28      613.33          2.57
1     MAXIMUM OF MAXIMUM SIMULTANEOUS USERS
 
 
                   MAX
            TOTAL  SIM                MAXIMUM CPS                   CONNECT
 DATE  HOUR USERS USERS            IN         OUT       TOTAL         HOURS
 
 920702  14   374    72        982.52      968.23     1928.60         54.53
 
 
     MAXIMUM OF CONNECT HOURS
 
 
                   MAX
            TOTAL  SIM                MAXIMUM CPS                   CONNECT
 DATE  HOUR USERS USERS            IN         OUT       TOTAL         HOURS
 
 920702  14   374    72        982.52      968.23     1928.60         54.53
1
  