1
 
                   MAX
            TOTAL  SIM                MAXIMUM CPS                   CONNECT
 DATE  HOUR USERS USERS            IN         OUT       TOTAL         HOURS
 
 
 920629   1    12     2          4.95       10.18       15.13          0.37
 920629   2     4     2          5.65       12.35       18.00          0.13
 920629   3     8     2         98.62       98.82      197.43          0.37
 920629   4     4     2          4.95       10.18       15.13          0.07
 920629   5     0     0          0.00        0.00        0.00          0.00
 920629   6     0     0          0.00        0.00        0.00          0.00
 920629   7     0     0          0.00        0.00        0.00          0.00
 920629   8     0     0          0.00        0.00        0.00          0.00
 920629   9     4     2          4.95       10.18       15.13          0.13
 920629  10    44     8         66.08       64.35      130.43          1.77
 920629  11    48     8        224.57      220.33      444.90          2.80
 920629  12    54    10        340.80      332.20      672.12          5.60
 920629  13   128    22        424.82      412.65      825.70         12.73
 920629  14   156    30        456.83      501.78      929.80         16.33
 920629  15   222    30        260.45      390.78      635.78         19.47
 920629  16   240    30        395.57      518.85      858.62         21.20
 920629  17   254    26        210.53      310.40      520.93         19.55
 920629  18   216    24        210.63      338.60      524.50         17.80
 920629  19   286    32        359.08      415.17      760.42         24.12
 920629  20   308    32        191.18      413.75      556.48         21.53
 920629  21   294    30        351.37      356.30      590.97         22.23
 920629  22   270    28        351.27      308.03      544.63         17.10
 920629  23   152    18        173.72      247.07      378.03         12.93
 920629  24   170    18        170.75      179.43      329.02         10.47
1
 
                   MAX
            TOTAL  SIM                MAXIMUM CPS                   CONNECT
 DATE  HOUR USERS USERS            IN         OUT       TOTAL         HOURS
 
 
 920630   1    86    10        254.45       97.28      307.02          4.73
 920630   2    50    10        116.95       84.22      196.18          3.37
 920630   3    12     4         44.97       24.78       55.75          1.83
 920630   4    18     4         94.92       96.95      191.87          0.67
 920630   5     2     2          1.27        3.08        4.35          0.03
 920630   6     0     0          0.00        0.00        0.00          0.00
 920630   7     2     2         60.98       61.63      122.62          0.17
 920630   8     0     0          0.00        0.00        0.00          0.00
 920630   9     4     2         62.37       61.90      124.27          0.37
 920630  10    38    14        488.47      472.25      960.72          4.73
 920630  11    60    16        557.83      540.58     1098.42          9.93
 920630  12    74    16        464.72      470.53      935.25         10.57
 920630  13   124    34        752.93      752.18     1505.12         21.53
 920630  14   176    30        547.28      597.13     1144.42         19.83
 920630  15   188    30        306.37      387.77      670.55         19.40
 920630  16   183    26        284.75      387.12      669.33         19.25
 920630  17   230    28        193.28      279.50      472.78         18.13
 920630  18   196    24        187.70      302.75      454.20         15.40
 920630  19   622    68        277.57      345.17      622.73         38.02
 920630  20   348    30        243.30      303.63      546.93         22.30
 920630  21   314    32        344.83      359.95      692.35         22.90
 920630  22   260    28        299.95      356.07      493.63         16.20
 920630  23   186    20        335.60      212.45      484.18         12.20
 920630  24   128    16        228.87      202.37      335.15          7.40
1
 
                   MAX
            TOTAL  SIM                MAXIMUM CPS                   CONNECT
 DATE  HOUR USERS USERS            IN         OUT       TOTAL         HOURS
 
 
 920701   1    66     8        176.15       99.27      192.85          4.77
 920701   2    50     8        150.77       75.57      173.80          2.63
 920701   3    10     4         11.93       63.48       75.42          0.40
 920701   4     4     2          4.95       43.82       46.57          0.17
 920701   5     6     4          9.80       20.37       30.17          0.10
 920701   6     2     2         79.95       74.00      153.95          0.07
 920701   7     4     2         84.52       74.00      153.95          0.30
 920701   8     0     0          0.00        0.00        0.00          0.00
 920701   9     2     2          1.75        4.10        5.85          0.10
 920701  10    36    16        581.57      549.87     1131.43          6.57
 920701  11    66    20        710.30      674.75     1385.05         11.90
 920701  12    64    20        650.75      619.78     1267.10         14.03
 920701  13   200    56       1022.13      969.77     1991.90         37.93
 920701  14   290    60        968.90      992.68     1961.58         42.50
 920701  15   239    42        763.65      956.85     1675.53         33.08
 920701  16   265    43        824.32      866.92     1690.40         34.85
 920701  17   280    36        625.55      710.30     1316.82         24.13
 920701  18   238    28        425.23      520.93      912.20         19.13
 920701  19   306    32        381.98      434.63      791.88         20.67
 920701  20   286    32        374.70      419.33      786.70         22.33
 920701  21   212    30        452.98      518.62      885.25         22.33
 920701  22   254    32        402.18      537.47      901.53         20.20
 920701  23   160    22        486.60      473.33      908.58         16.27
 920701  24   152    20        415.25      406.48      821.73         12.97
1
 
                   MAX
            TOTAL  SIM                MAXIMUM CPS                   CONNECT
 DATE  HOUR USERS USERS            IN         OUT       TOTAL         HOURS
 
 
 920702   1   102    18        488.75      455.45      944.20          8.33
 920702   2    36    10        225.93      244.33      460.57          4.47
 920702   3    14     4        106.18       88.63      193.08          0.93
 920702   4     2     2         74.82       75.32      150.13          0.23
 920702   5     6     4         85.77       74.45      160.22          0.33
 920702   6     0     0          0.00        0.00        0.00          0.00
 920702   7     2     2         63.45       58.78      122.23          0.37
 920702   8     6     6          5.85       16.20       22.05          0.30
 920702   9     2     2          1.95        5.40        7.35          0.13
 920702  10    78    32        935.45      894.93     1830.38          9.97
 920702  11    80    32        841.95      805.35     1647.30         18.87
 920702  12    88    24        676.62      647.33     1323.48         17.77
 920702  13   232    66        950.83      917.82     1860.62         49.07
 920702  14   290    68        930.92      913.68     1844.60         56.23
 920702  15   224    50        762.20      839.03     1601.23         29.73
 920702  16   274    36        458.52      541.73     1000.25         23.80
 920702  17   256    30        327.70      368.82      677.88         19.53
 920702  18   274    28        309.48      379.08      688.57         19.60
 920702  19   326    34        262.28      372.43      581.28         20.80
 920702  20   276    28        200.82      299.60      458.22         20.17
 920702  21   280    32        236.38      323.60      521.73         20.60
 920702  22   268    30        296.52      375.17      595.08         16.93
 920702  23   254    20        336.87      245.47      455.63         12.93
 920702  24   153    18        231.73      191.90      391.92          8.02
1
 
                   MAX
            TOTAL  SIM                MAXIMUM CPS                   CONNECT
 DATE  HOUR USERS USERS            IN         OUT       TOTAL         HOURS
 
 
 920703   1    65    10        128.82       78.05      203.63          3.33
 920703   2    54     8        160.10       79.08      218.23          2.97
 920703   3    38     8         75.08       92.25      135.93          2.53
 920703   4    14     4         33.20       32.18       65.38          0.57
 920703   5     6     2         22.60       17.32       39.92          0.17
 920703   6     0     0          0.00        0.00        0.00          0.00
 920703   7     0     0          0.00        0.00        0.00          0.00
 920703   8     4     4          3.90       10.80       14.70          0.23
 920703   9     6     6        229.42      222.28      451.70          0.60
 920703  10    38     8        312.13      300.20      612.33          3.83
 920703  11    58    12        409.15      389.78      798.93          4.43
 920703  12    58    12        335.17      325.48      660.65          4.40
 920703  13   164    24        454.30      446.05      900.35         12.13
 920703  14   196    22        368.47      357.70      726.17         11.30
 920703  15   226    18        289.17      299.43      588.60         13.60
 920703  16   188    20        408.73      405.13      813.87         13.13
 920703  17   178    18        180.52      206.58      387.10         10.07
 920703  18   151    16        126.62      206.55      256.70         10.55
 920703  19   153    22        286.27      279.87      526.02         12.02
 920703  20   125    16        146.90      168.48      265.27         10.13
 920703  21   116    16        155.23      184.70      318.55          8.63
 920703  22    94    14        251.62      247.18      498.80          6.97
 920703  23    82    14        328.25      330.17      658.42          6.17
 920703  24    50    10        231.92      244.98      476.90          3.80
1     MAXIMUM OF MAXIMUM SIMULTANEOUS USERS
 
 
                   MAX
            TOTAL  SIM                MAXIMUM CPS                   CONNECT
 DATE  HOUR USERS USERS            IN         OUT       TOTAL         HOURS
 
 920630  19   622    68        277.57      345.17      622.73         38.02
 
 
     MAXIMUM OF CONNECT HOURS
 
 
                   MAX
            TOTAL  SIM                MAXIMUM CPS                   CONNECT
 DATE  HOUR USERS USERS            IN         OUT       TOTAL         HOURS
 
 920702  14   290    68        930.92      913.68     1844.60         56.23
1
  