1
 
                   MAX
            TOTAL  SIM                MAXIMUM CPS                   CONNECT
 DATE  HOUR USERS USERS            IN         OUT       TOTAL         HOURS
 
 
 920608   1    10     4         12.85       23.77       32.85          0.20
 920608   2     8     4         66.20       71.92      138.12          0.40
 920608   3     0     0          0.00        0.00        0.00          0.00
 920608   4     0     0          0.00        0.00        0.00          0.00
 920608   5     2     2          4.85       10.18       15.03          0.07
 920608   6     0     0          0.00        0.00        0.00          0.00
 920608   7     2     2          1.27        3.23        4.50          0.10
 920608   8     6     4          2.53        6.47        9.00          0.33
 920608   9     8     2          5.25       10.18       15.43          0.37
 920608  10    28     4         23.18       32.90       56.08          0.70
 920608  11    44    12        321.95      336.68      658.63          2.57
 920608  12    59    16        522.98      600.28     1123.27          7.15
 920608  13   134    20        424.12      427.97      831.45         13.60
 920608  14   138    20        441.13      483.03      924.17         15.57
 920608  15   184    28        276.05      408.97      667.27         19.37
 920608  16   220    32        294.02      443.32      701.12         21.00
 920608  17   180    24        342.88      393.50      736.38         18.10
 920608  18   252    26        277.55      355.93      605.57         17.80
 920608  19   252    30        288.12      382.27      670.38         18.83
 920608  20   232    28        249.52      299.77      412.28         19.03
 920608  21   272    32       2510.63      519.40     3029.42         22.00
 920608  22   196    28        300.50      325.35      604.70         18.60
 920608  23   116    22        152.03      208.25      276.63         11.80
 920608  24    92    16        261.92      166.38      348.63          7.47
1
 
                   MAX
            TOTAL  SIM                MAXIMUM CPS                   CONNECT
 DATE  HOUR USERS USERS            IN         OUT       TOTAL         HOURS
 
 
 920609   1    58    10         99.87      113.10      193.18          4.00
 920609   2    28     8         77.50       56.35      124.88          1.70
 920609   3     4     2          4.95       10.18       15.13          0.10
 920609   4     6     2          4.95       10.18       15.03          0.27
 920609   5     0     0          0.00        0.00        0.00          0.00
 920609   6     0     0          0.00        0.00        0.00          0.00
 920609   7     2     2          1.95        5.40        7.35          0.10
 920609   8     6     2         90.23       88.98      179.22          0.23
 920609   9     6     2        110.28      106.18      216.47          0.97
 920609  10    34    14        540.98      527.08     1068.07          4.37
 920609  11    44    16        533.07      521.88     1054.95          6.03
 920609  12    66    14        609.77      555.57     1165.33          7.53
 920609  13   120    24        689.28      708.65     1397.93         15.50
 920609  14   174    24        505.87      617.28     1123.15         16.68
 920609  15   188    28        498.17      517.58      979.83         20.10
 920609  16   218    28        209.27      405.00      572.30         18.83
 920609  17   188    24        180.63      254.35      434.98         16.77
 920609  18   174    26        256.20      308.35      529.57         16.43
 920609  19   248    32        212.68      448.47      587.25         19.95
 920609  20   212    22        230.72      303.45      505.63         16.63
 920609  21   256    24        273.35      285.12      488.85         16.70
 920609  22   232    22        312.08      319.42      526.62         13.33
 920609  23   146    16        200.47      216.78      402.93          9.23
 920609  24   114    14        203.40      129.37      313.55          6.93
1
 
                   MAX
            TOTAL  SIM                MAXIMUM CPS                   CONNECT
 DATE  HOUR USERS USERS            IN         OUT       TOTAL         HOURS
 
 
 920610   1    20    10        157.47       63.92      209.70          2.17
 920610   2    16     6         89.85       94.85      184.35          0.77
 920610   3     8     2         28.25       15.87       39.03          0.43
 920610   4     4     2          6.43       52.82       59.25          0.17
 920610   5     0     0          0.00        0.00        0.00          0.00
 920610   6     0     0          0.00        0.00        0.00          0.00
 920610   7     0     0          0.00        0.00        0.00          0.00
 920610   8     4     2          1.95        5.40        7.35          0.23
 920610   9     6     4        177.15      171.85      349.00          0.63
 920610  10    36    12        505.10      480.55      985.65          5.50
 920610  11    64    18        616.63      591.83     1208.47          9.50
 920610  12    68    16        570.35      551.02     1121.37          9.47
 920610  13   166    30        829.13      798.10     1627.23         19.57
 920610  14   158    24        534.03      605.35     1139.38         18.52
 920610  15   180    28        366.77      597.70      870.82         19.10
 920610  16   208    26        219.60      386.00      544.82         18.67
 920610  17   214    26        223.25      364.37      587.62         17.40
 920610  18   236    28        178.07      348.68      521.12         17.97
 920610  19   292    32        362.92      412.87      650.72         19.13
 920610  20   296    28        299.58      336.35      635.93         18.83
 920610  21   198    24        199.53      234.57      419.83         15.27
 920610  22   228    26        291.52      286.38      525.33         13.00
 920610  23   178    16        166.27      225.68      351.98          9.37
 920610  24   116    14        176.77      173.45      286.33          7.33
1
 
                   MAX
            TOTAL  SIM                MAXIMUM CPS                   CONNECT
 DATE  HOUR USERS USERS            IN         OUT       TOTAL         HOURS
 
 
 920611   1    72    10        160.20      127.58      223.72          4.23
 920611   2    22     6        101.62       42.58      108.02          0.93
 920611   3     0     0          0.00        0.00        0.00          0.00
 920611   4     6     4         31.43       38.83       70.27          0.13
 920611   5     2     2         69.17       39.73      108.90          0.13
 920611   6     0     0          0.00        0.00        0.00          0.00
 920611   7     0     0          0.00        0.00        0.00          0.00
 920611   8     0     0          0.00        0.00        0.00          0.00
 920611   9    14     2         94.40       93.18      187.58          1.03
 920611  10    34    10        435.77      419.62      855.38          4.07
 920611  11    64    16        508.52      487.80      993.40          9.72
 920611  12    62    16        567.25      553.07     1120.32          8.80
 920611  13   134    28        819.17      781.12     1600.28         18.37
 920611  14   182    24        446.50      478.73      898.00         17.67
 920611  15   168    26        521.08      570.55     1065.07         16.97
 920611  16   196    26        265.75      308.45      531.98         17.73
 920611  17   210    32        284.90      395.42      680.32         18.20
 920611  18   220    22        172.23      275.92      407.58         15.57
 920611  19   302    28        229.88      343.95      532.82         19.47
 920611  20   248    24        218.05      266.03      448.65         17.47
 920611  21   222    26        311.70      260.65      489.40         16.97
 920611  22   192    22        216.05      305.77      421.55         11.70
 920611  23   138    18        227.82      149.45      334.28          9.87
 920611  24   112    12        156.33      172.92      237.78          6.50
1
 
                   MAX
            TOTAL  SIM                MAXIMUM CPS                   CONNECT
 DATE  HOUR USERS USERS            IN         OUT       TOTAL         HOURS
 
 
 920612   1    42    10         67.88      126.73      159.38          3.03
 920612   2    18     8        114.95       45.67      160.28          0.87
 920612   3     6     2         54.17       49.58       65.23          0.37
 920612   4     0     0          0.00        0.00        0.00          0.00
 920612   5     2     2          4.95       10.18       15.13          0.03
 920612   6     0     0          0.00        0.00        0.00          0.00
 920612   7     4     2         77.10       76.03      153.13          0.47
 920612   8     2     2          1.95        5.40        7.35          0.13
 920612   9     4     2         73.07       69.47      142.53          0.33
 920612  10    34    16        611.95      589.47     1201.42          4.03
 920612  11    68    16        622.88      597.57     1220.45          7.78
 920612  12    54    10        319.22      330.28      649.50          6.03
 920612  13   140    32        811.13      820.83     1631.97         20.63
 920612  14   146    24        575.10      586.03     1161.13         16.07
 920612  15   164    24        473.18      487.20      960.38         17.97
 920612  16   216    26        410.80      437.70      848.50         17.23
 920612  17   154    22        200.95      250.18      405.10         13.47
 920612  18   212    26        240.33      298.65      531.70         14.63
 920612  19   250    26        225.02      464.50      666.72         17.23
 920612  20   176    22        190.20      272.58      436.53         14.38
 920612  21   196    20        370.28      420.42      631.57         12.40
 920612  22   194    22        365.82      270.68      590.82         11.53
 920612  23   122    18        273.73      286.62      560.35          8.10
 920612  24    80    14        304.18      266.20      570.38          5.87
1     MAXIMUM OF MAXIMUM SIMULTANEOUS USERS
 
 
                   MAX
            TOTAL  SIM                MAXIMUM CPS                   CONNECT
 DATE  HOUR USERS USERS            IN         OUT       TOTAL         HOURS
 
 920608  16   220    32        294.02      443.32      701.12         21.00
 
 
     MAXIMUM OF CONNECT HOURS
 
 
                   MAX
            TOTAL  SIM                MAXIMUM CPS                   CONNECT
 DATE  HOUR USERS USERS            IN         OUT       TOTAL         HOURS
 
 920608  21   272    32       2510.63      519.40     3029.42         22.00
1
  