1
 
                   MAX
            TOTAL  SIM                MAXIMUM CPS                   CONNECT
 DATE  HOUR USERS USERS            IN         OUT       TOTAL         HOURS
 
 
 920608   1    12     2         24.33       41.92       47.30          0.33
 920608   2     2     2          4.95       10.18       15.13          0.03
 920608   3     2     2          4.95       10.18       15.13          0.03
 920608   4     0     0          0.00        0.00        0.00          0.00
 920608   5     0     0          0.00        0.00        0.00          0.00
 920608   6     0     0          0.00        0.00        0.00          0.00
 920608   7     2     2          1.27        3.23        4.50          0.07
 920608   8     6     2          1.27        3.23        4.50          0.23
 920608   9    14     4         87.93       86.82      174.75          0.87
 920608  10    28     8        170.28      166.30      336.58          2.37
 920608  11    48    10        224.22      222.10      446.32          2.60
 920608  12    64    14        426.93      412.28      835.32          6.80
 920608  13   128    22        628.83      602.82     1231.65         14.90
 920608  14   168    22        490.10      463.03      953.13         15.63
 920608  15   194    30        317.52      529.73      809.30         20.57
 920608  16   156    30        222.78      404.43      594.60         21.60
 920608  17   250    30        284.97      381.05      604.32         20.20
 920608  18   200    28        222.90      341.75      516.65         18.07
 920608  19   302    28        244.53      365.43      589.10         20.13
 920608  20   218    28        170.42      271.60      440.33         20.23
 920608  21   238    28        206.02      304.02      508.50         22.18
 920608  22   154    28        310.20      267.25      577.45         17.90
 920608  23   190    20        224.52      178.78      381.90         12.23
 920608  24    90    16        182.63      197.73      309.80          7.43
1
 
                   MAX
            TOTAL  SIM                MAXIMUM CPS                   CONNECT
 DATE  HOUR USERS USERS            IN         OUT       TOTAL         HOURS
 
 
 920609   1    64    12        155.10      121.22      256.33          4.43
 920609   2    30     4        174.18       40.45      191.80          1.40
 920609   3    22     4        101.05       58.60      107.15          1.03
 920609   4     7     2         10.13       30.57       31.07          0.30
 920609   5     0     0          0.00        0.00        0.00          0.00
 920609   6     2     2         15.52       20.65       36.17          0.07
 920609   7     0     0          0.00        0.00        0.00          0.00
 920609   8     8     4         43.03       41.43       84.47          0.30
 920609   9     6     2         75.32       74.75      150.07          0.27
 920609  10    42    14        485.53      454.82      940.35          4.60
 920609  11    62    14        491.13      460.48      951.62          7.27
 920609  12    58    12        401.12      388.38      788.63          7.67
 920609  13   136    26        688.25      685.20     1373.45         15.70
 920609  14   157    30        645.57      625.62     1252.23         17.93
 920609  15   178    28        420.97      592.77      984.70         20.98
 920609  16   188    28        295.58      455.98      717.18         20.53
 920609  17   208    26        262.08      318.53      566.67         17.47
 920609  18   188    26        240.53      290.90      484.35         17.13
 920609  19   324    36        203.15      426.87      552.68         22.27
 920609  20   246    24        209.70      283.95      434.53         18.47
 920609  21   256    24        314.50      263.07      540.45         16.57
 920609  22   202    26        309.33      296.12      521.57         15.10
 920609  23   130    14        264.85      237.73      502.58          8.50
 920609  24   102    16        164.68      154.90      253.22          6.90
1
 
                   MAX
            TOTAL  SIM                MAXIMUM CPS                   CONNECT
 DATE  HOUR USERS USERS            IN         OUT       TOTAL         HOURS
 
 
 920610   1    50    10        139.93      128.50      198.13          3.73
 920610   2    16     8        222.45       28.10      247.75          1.60
 920610   3    14     4         58.10       98.18      103.17          1.07
 920610   4     0     0          0.00        0.00        0.00          0.00
 920610   5     0     0          0.00        0.00        0.00          0.00
 920610   6     2     2         95.93       95.15      191.08          0.40
 920610   7     0     0          0.00        0.00        0.00          0.00
 920610   8     2     2          1.27        3.23        4.50          0.10
 920610   9     6     2         72.23       70.63      142.87          0.40
 920610  10    34    16        584.78      570.90     1155.68          5.53
 920610  11    66    18        668.45      659.08     1327.53          9.57
 920610  12    68    16        570.20      545.17     1115.37         10.10
 920610  13   148    34        805.47      862.90     1668.37         20.37
 920610  14   208    28        484.90      604.27     1089.17         20.63
 920610  15   192    24        446.38      561.38      963.55         18.87
 920610  16   218    28        420.18      578.80      985.10         19.60
 920610  17   188    28        161.68      419.70      581.38         18.77
 920610  18   238    26        339.25      342.87      650.22         17.63
 920610  19   282    28        262.32      363.73      585.70         20.50
 920610  20   216    26        257.12      288.10      469.00         17.47
 920610  21   304    28        374.80      371.10      745.90         17.75
 920610  22   214    20        316.22      254.52      488.35         13.50
 920610  23   110    18        196.87      155.48      269.53         10.93
 920610  24   102    14        169.80      120.50      237.17          7.57
1
 
                   MAX
            TOTAL  SIM                MAXIMUM CPS                   CONNECT
 DATE  HOUR USERS USERS            IN         OUT       TOTAL         HOURS
 
 
 920611   1    64    10        193.22      242.20      346.00          4.67
 920611   2    44     8        115.02       55.50      137.10          1.90
 920611   3     6     4         51.60       16.15       67.75          0.20
 920611   4     2     2          0.87       17.97       18.83          0.20
 920611   5     8     2         70.25       57.75      110.62          0.23
 920611   6     0     0          0.00        0.00        0.00          0.00
 920611   7     0     0          0.00        0.00        0.00          0.00
 920611   8     0     0          0.00        0.00        0.00          0.00
 920611   9     8     2         69.33       67.67      137.00          0.33
 920611  10    34    12        471.65      456.33      927.98          4.57
 920611  11    60    16        517.65      499.58     1017.23          7.80
 920611  12    72    16        541.77      520.25     1062.02          9.17
 920611  13   142    26        750.45      718.90     1469.35         18.20
 920611  14   166    26        500.10      613.72     1113.82         18.53
 920611  15   192    26        417.80      487.77      905.57         18.60
 920611  16   216    24        284.42      355.30      623.47         19.10
 920611  17   194    30        320.60      492.90      651.00         18.97
 920611  18   206    30        213.98      399.28      564.52         15.88
 920611  19   292    34        253.72      364.42      595.25         19.72
 920611  20   266    26        246.37      350.67      586.15         18.77
 920611  21   192    24        238.05      233.48      421.10         16.57
 920611  22   158    20        229.05      223.08      439.83         13.13
 920611  23   128    18        261.18      182.00      396.83         10.10
 920611  24    76    12        174.52      139.50      236.37          6.53
1
 
                   MAX
            TOTAL  SIM                MAXIMUM CPS                   CONNECT
 DATE  HOUR USERS USERS            IN         OUT       TOTAL         HOURS
 
 
 920612   1    46    10        121.75      147.82      255.20          3.53
 920612   2    30     8        170.58       66.38      183.12          1.87
 920612   3    12     4         59.70       28.62       71.07          0.67
 920612   4     6     2          4.95       28.62       30.17          0.23
 920612   5     4     2          4.95       10.18       15.13          0.10
 920612   6     0     0          0.00        0.00        0.00          0.00
 920612   7     0     0          0.00        0.00        0.00          0.00
 920612   8     0     0          0.00        0.00        0.00          0.00
 920612   9     8     4        174.50      175.20      349.70          0.50
 920612  10    46    12        457.00      440.83      897.83          4.77
 920612  11    62    16        519.48      500.15     1019.63          7.40
 920612  12    60    16        647.88      623.08     1270.97          7.83
 920612  13   140    32        769.52      805.75     1575.27         21.00
 920612  14   158    28        556.95      595.78     1152.73         17.23
 920612  15   214    28        564.03      587.10     1151.13         19.03
 920612  16   202    24        391.35      482.68      874.03         17.22
 920612  17   172    20        137.98      293.63      423.25         15.23
 920612  18   136    20        172.72      289.67      432.62         15.07
 920612  19   270    30        337.22      393.17      726.40         18.00
 920612  20   204    24        214.48      254.72      444.02         15.47
 920612  21   198    20        215.00      323.70      452.72         13.47
 920612  22   228    22        317.03      279.12      550.82         12.17
 920612  23   128    18        270.45      268.10      522.82          8.07
 920612  24    80    10        248.72      215.70      426.03          5.67
1     MAXIMUM OF MAXIMUM SIMULTANEOUS USERS
 
 
                   MAX
            TOTAL  SIM                MAXIMUM CPS                   CONNECT
 DATE  HOUR USERS USERS            IN         OUT       TOTAL         HOURS
 
 920609  19   324    36        203.15      426.87      552.68         22.27
 
 
     MAXIMUM OF CONNECT HOURS
 
 
                   MAX
            TOTAL  SIM                MAXIMUM CPS                   CONNECT
 DATE  HOUR USERS USERS            IN         OUT       TOTAL         HOURS
 
 920609  19   324    36        203.15      426.87      552.68         22.27
1
  