1
 
                   MAX
            TOTAL  SIM                MAXIMUM CPS                   CONNECT
 DATE  HOUR USERS USERS            IN         OUT       TOTAL         HOURS
 
 
 920608   1     2     2          1.43       12.12       13.55          0.43
 920608   2     2     2          3.27        9.05       12.32          0.10
 920608   3     4     2          7.67       16.87       24.53          0.77
 920608   4    10     4          8.78       66.68       69.27          1.10
 920608   5     2     2          1.32       30.88       32.20          0.27
 920608   6     0     0          0.00        0.00        0.00          0.00
 920608   7     2     2          2.87        8.80       11.67          0.03
 920608   8     0     0          0.00        0.00        0.00          0.00
 920608   9     0     0          0.00        0.00        0.00          0.00
 920608  10     0     0          0.00        0.00        0.00          0.00
 920608  11     2     2          3.77       48.07       51.83          0.10
 920608  12     2     2          0.70       19.32       20.02          0.50
 920608  13    16    10          6.23      208.73      214.97          5.03
 920608  14    18     8          5.17      118.63      122.00          4.20
 920608  15    14     8          4.85      146.97      151.82          3.87
 920608  16    20     8          4.70       93.97       98.32          4.97
 920608  17    20     8          4.90       62.53       66.82          6.43
 920608  18    16     8          4.65       98.68      102.67          5.93
 920608  19     4     4          1.02       39.73       40.75          3.87
 920608  20     6     4          1.97       25.73       27.70          2.47
 920608  21     8     6          2.08       44.48       46.38          2.63
 920608  22     4     2          2.12       32.32       34.43          0.60
 920608  23    10     6          8.63       66.12       69.43          2.73
 920608  24     6     2          2.23       18.72       19.98          0.47
1
 
                   MAX
            TOTAL  SIM                MAXIMUM CPS                   CONNECT
 DATE  HOUR USERS USERS            IN         OUT       TOTAL         HOURS
 
 
 920609   1     0     0          0.00        0.00        0.00          0.00
 920609   2    14     4          3.55       68.93       71.57          2.13
 920609   3    20     6          7.18      101.55      106.95          3.33
 920609   4     4     2          3.85       40.55       42.92          0.37
 920609   5     6     2          3.83       84.98       86.43          0.57
 920609   6     6     6          4.72      194.80      199.52          1.33
 920609   7    18     6          4.72      194.80      199.52          2.67
 920609   8     8     6          5.85       92.07       97.92          1.53
 920609   9    14     6          7.73      123.60      131.33          0.93
 920609  10     8     6          7.32       53.45       57.80          1.00
 920609  11    26     6         22.48       57.68       76.78          2.33
 920609  12     6     4          2.88       87.25       89.95          2.50
 920609  13    14     6          2.87       73.08       75.95          3.93
 920609  14    18     8          4.50      117.72      122.22          5.37
 920609  15    12    10          6.53      133.98      140.52          5.17
 920609  16    20     6          6.78      117.88      121.62          4.87
 920609  17    12     8          5.10       33.48       35.62          4.23
 920609  18    18    10          5.82      100.42      105.52          5.43
 920609  19    22    10          8.52      117.43      123.18          4.37
 920609  20    20     8          7.67       88.70       93.30          4.70
 920609  21    28    10         11.00       94.85      105.85          4.30
 920609  22    16     8          4.47      120.42      124.88          4.77
 920609  23    24     8          5.93       69.08       73.82          4.23
 920609  24    12     6          7.95       86.83       94.78          1.90
1
 
                   MAX
            TOTAL  SIM                MAXIMUM CPS                   CONNECT
 DATE  HOUR USERS USERS            IN         OUT       TOTAL         HOURS
 
 
 920610   1    16    12          6.15      149.95      156.10          3.43
 920610   2    22    12          6.15      149.95      156.10          6.27
 920610   3    32    10         27.13      152.92      162.75          6.30
 920610   4    10     4          3.57       61.52       63.23          1.47
 920610   5     6     4          3.57       38.48       42.05          0.53
 920610   6     8     4          5.55      128.05      133.60          0.60
 920610   7     4     2          3.50       13.58       17.08          0.13
 920610   8     0     0          0.00        0.00        0.00          0.00
 920610   9     0     0          0.00        0.00        0.00          0.00
 920610  10     0     0          0.00        0.00        0.00          0.00
 920610  11     2     2          1.92       10.95       12.87          0.63
 920610  12    18    10         30.13       92.53      122.67          4.47
 920610  13    18    10          5.17      158.98      164.15          5.10
 920610  14    16     6          3.87       80.43       83.62          4.00
 920610  15    14     6          4.90       84.27       89.17          3.50
 920610  16     8     6          1.48       38.12       39.60          4.23
 920610  17     8     6          2.08       41.73       43.82          4.10
 920610  18    14     8          2.80       98.70      101.20          5.57
 920610  19    36    12         25.80      152.35      159.63          7.73
 920610  20    14    10         21.10      121.65      134.92          6.50
 920610  21    24    14         10.15      164.83      171.23          7.60
 920610  22    30    12          5.45      143.52      148.35          6.73
 920610  23    10     4          4.07       50.97       52.53          2.10
 920610  24    10     4          3.40       41.82       43.17          0.97
1
 
                   MAX
            TOTAL  SIM                MAXIMUM CPS                   CONNECT
 DATE  HOUR USERS USERS            IN         OUT       TOTAL         HOURS
 
 
 920611   1     8     6          2.12       86.10       88.22          3.07
 920611   2    14    12          8.85      173.25      182.10          4.63
 920611   3     6     6          2.18       94.33       96.52          2.53
 920611   4    20     8          6.57      105.50      111.17          3.70
 920611   5    10     4          3.65       69.28       70.73          1.43
 920611   6     0     0          0.00        0.00        0.00          0.00
 920611   7     8     4          3.00      166.92      169.75          0.63
 920611   8     2     2          2.32       86.82       89.13          0.20
 920611   9     0     0          0.00        0.00        0.00          0.00
 920611  10     0     0          0.00        0.00        0.00          0.00
 920611  11     4     4          1.73       62.32       64.05          0.20
 920611  12    18     8          4.25      108.40      112.65          4.90
 920611  13    20    10          6.28      145.55      151.83          7.00
 920611  14    32    14         62.63      215.60      225.17          7.03
 920611  15    40    12         62.63      109.87      143.52         10.50
 920611  16    12    10          3.87       84.88       88.75          6.50
 920611  17    24    10          8.75       93.00       99.33          6.53
 920611  18    10     4          2.93       48.72       50.15          3.53
 920611  19    10     6          2.60       46.23       48.83          3.87
 920611  20     4     4          1.43       38.47       39.90          2.47
 920611  21     6     4          4.32       25.02       29.33          2.37
 920611  22     2     2          3.12        8.08       11.20          0.50
 920611  23     2     2          1.47       45.45       46.92          0.30
 920611  24     8     6          2.60       92.37       94.97          2.03
1
 
                   MAX
            TOTAL  SIM                MAXIMUM CPS                   CONNECT
 DATE  HOUR USERS USERS            IN         OUT       TOTAL         HOURS
 
 
 920612   1     8     4          1.95       51.00       52.57          0.80
 920612   2    10     4          4.33      106.60      109.85          2.10
 920612   3     6     2          6.07       41.87       43.18          1.07
 920612   4    10     6          6.48       83.55       88.08          2.43
 920612   5     4     2          2.65       35.05       36.90          0.70
 920612   6     4     2          2.35       27.22       29.57          0.60
 920612   7    10     2          4.77       52.62       55.20          0.50
 920612   8     2     2          1.72       78.40       80.12          0.90
 920612   9     2     2          1.32       49.55       50.87          1.07
 920612  10     6     4          2.60       85.35       87.53          2.07
 920612  11     2     2          1.73       43.67       45.40          2.00
 920612  12     6     2          1.73       43.67       45.40          0.70
 920612  13    12     8          5.75      148.07      153.82          3.47
 920612  14    18    14          5.63      205.15      210.78          6.23
 920612  15    26    12          6.25      174.42      180.67          7.20
 920612  16     6     4          1.58       43.20       44.78          3.10
 920612  17    10     8          5.12       85.10       90.22          5.50
 920612  18    14     8          4.65       66.62       69.10          6.20
 920612  19    20    10          4.68       75.75       80.43          7.07
 920612  20    20    12          4.28      122.93      127.22          8.80
 920612  21    12     8          2.08       38.75       39.87          4.10
 920612  22    20     8          8.68       91.02       95.42          3.90
 920612  23    10     4          3.35       67.45       70.80          1.80
 920612  24    10     6          4.80      124.82      129.62          2.27
1     MAXIMUM OF MAXIMUM SIMULTANEOUS USERS
 
 
                   MAX
            TOTAL  SIM                MAXIMUM CPS                   CONNECT
 DATE  HOUR USERS USERS            IN         OUT       TOTAL         HOURS
 
 920610  21    24    14         10.15      164.83      171.23          7.60
 
 
     MAXIMUM OF CONNECT HOURS
 
 
                   MAX
            TOTAL  SIM                MAXIMUM CPS                   CONNECT
 DATE  HOUR USERS USERS            IN         OUT       TOTAL         HOURS
 
 920611  15    40    12         62.63      109.87      143.52         10.50
1
  