1
 
                   MAX
            TOTAL  SIM                MAXIMUM CPS                   CONNECT
 DATE  HOUR USERS USERS            IN         OUT       TOTAL         HOURS
 
 
 940328   1   146    22        220.45      357.28      487.53          4.18
 940328   2   116    14        123.13      233.43      251.68          5.52
 940328   3    60     6        109.78      218.97      276.47          3.12
 940328   4    40     6        108.25      287.95      374.77          2.73
 940328   5    24     4        108.42      284.93      291.82          1.17
 940328   6     8     2          5.45      120.88      122.63          0.33
 940328   7    10     4         68.68       89.23       94.85          0.43
 940328   8     8     4        217.88       52.58      270.47          0.23
 940328   9    22     4        109.63       28.25      137.88          1.83
 940328  10    62    10        194.70      272.88      461.00          4.10
 940328  11   283    44        291.38     1791.53     2027.97         20.27
 940328  12   350    60        268.93     2534.17     2711.53         33.13
 940328  13   558   116        697.37     5170.75     5583.08         87.17
 940328  14  1132   171        761.17     6110.55     6822.22        147.57
 940328  15  1484   204        615.95     5339.95     5754.25        174.33
 940328  16  1906   251        859.98     5098.12     5958.10        211.00
 940328  17  2135   250        575.42     5410.27     5860.72        215.33
 940328  18  1950   211        490.33     3465.85     3834.72        168.57
 940328  19  2216   195        758.43     2993.77     3441.18        163.52
 940328  20  2716   242        901.07     3329.63     4133.33        190.73
 940328  21  2148   200        880.40     2763.98     3282.37        176.12
 940328  22  2177   218        923.83     2728.05     3405.97        171.13
 940328  23  2030   204       1185.75     2575.52     3451.15        154.48
 940328  24  1394   162       1325.77     1694.18     3019.95        114.88
1
 
                   MAX
            TOTAL  SIM                MAXIMUM CPS                   CONNECT
 DATE  HOUR USERS USERS            IN         OUT       TOTAL         HOURS
 
 
 940329   1   982   112        761.03     1340.30     1740.78         82.62
 940329   2   540    86        678.10     1032.57     1710.67         42.92
 940329   3   261    37        584.17      397.50      872.83         19.58
 940329   4    91    18        230.58      228.27      351.80          7.93
 940329   5    38    10         92.57       45.12      122.38          1.27
 940329   6    18     4         82.00       15.80       96.95          0.50
 940329   7    12     4         91.03      121.15      212.18          0.53
 940329   8    18     6        119.33      306.40      380.20          0.93
 940329   9    36     8        108.25       31.18      132.58          3.43
 940329  10    70    18        198.88      645.47      844.35          7.97
 940329  11   335    83        677.25     3898.98     4247.92         49.50
 940329  12   459   123        627.23     5502.47     5948.23         79.08
 940329  13   689   154        705.87     6689.77     7195.30        121.20
 940329  14  1266   214        895.12     7299.25     8174.17        178.22
 940329  15  2354   257        817.23     6380.78     6794.13        189.88
 940329  16  2050   256        745.20     4725.73     5168.65        220.27
 940329  17  1928   214        600.08     3562.53     3870.17        191.15
 940329  18  1888   189        663.22     2660.23     3091.95        154.88
 940329  19  2261   246        687.80     2459.47     2947.60        164.67
 940329  20  2697   241        988.93     2933.08     3700.67        181.43
 940329  21  2270   210        744.97     2866.83     3311.52        183.57
 940329  22  2082   209       1089.20     2563.83     3507.33        173.57
 940329  23  1784   183        990.18     2284.88     3151.80        136.52
 940329  24  1273   134        780.15     1996.12     2746.70        102.02
1
 
                   MAX
            TOTAL  SIM                MAXIMUM CPS                   CONNECT
 DATE  HOUR USERS USERS            IN         OUT       TOTAL         HOURS
 
 
 940330   1   903   113        752.48     1690.22     2413.17         73.05
 940330   2   519    70        729.92     1148.43     1878.35         39.93
 940330   3   234    40        340.28      556.28      868.92         17.92
 940330   4    82    18        209.98      326.22      535.72          6.32
 940330   5    40    14         71.40      235.63      305.68          2.12
 940330   6    26    10         54.57      111.35      127.50          1.50
 940330   7    20     6         61.27       70.08      123.28          0.67
 940330   8    28    10        251.17       87.60      338.77          1.37
 940330   9    44    10         86.85       28.97      114.13          4.27
 940330  10    68    18        271.07      655.12      926.18          7.27
 940330  11   330    92        598.98     4202.88     4735.70         48.75
 940330  12   494   224       1036.73     8629.17     9653.37        107.25
 940330  13  1064   285       1162.95     9600.03    10699.63        243.32
 940330  14  3195   347        852.02     9282.85    10102.13        288.75
 940330  15  3601   368       1119.22    10147.78    10899.65        338.67
 940330  16  2637   328       1123.13     8730.47     9649.52        288.07
 940330  17  2183   277        832.67     6985.87     7518.88        250.63
 940330  18  1911   247        755.52     4217.62     4733.45        199.17
 940330  19  2207   216        788.75     3759.43     4282.10        188.12
 940330  20  2609   209        785.58     2995.40     3617.78        176.02
 940330  21  2210   223        950.23     2901.28     3508.55        174.22
 940330  22  2099   208       1102.98     2941.68     3733.87        169.95
 940330  23  1846   188       1091.23     2829.42     3570.90        146.38
 940330  24  1188   146       1145.50     2847.65     3584.52        115.05
1
 
                   MAX
            TOTAL  SIM                MAXIMUM CPS                   CONNECT
 DATE  HOUR USERS USERS            IN         OUT       TOTAL         HOURS
 
 
 940331   1   998   132       1028.02     2477.52     3285.82         92.03
 940331   2   576   108        647.53     1774.72     2415.07         51.22
 940331   3   276    56        635.35     1240.12     1875.47         28.37
 940331   4   131    24        149.43      588.95      694.37         12.98
 940331   5    53    11         79.28      385.62      407.20          5.23
 940331   6    26     6         76.83      115.82      118.52          1.92
 940331   7    21     9         95.33      230.32      325.65          1.12
 940331   8    16     4        108.25      209.93      216.92          0.67
 940331   9    38    10        127.13       54.37      181.50          4.27
 940331  10    76    24        287.42     1015.85     1303.27          7.23
 940331  11   362    98        671.03     4312.77     4900.75         54.37
 940331  12   497   106        700.27     4220.55     4920.82         82.30
 940331  13   692   179        958.27     7066.35     8014.72        120.25
 940331  14  1277   258       1092.33     8930.47     9618.18        218.07
 940331  15  1498   198        796.40     6125.67     6922.07        178.45
 940331  16  1832   220        811.25     4780.43     5119.95        198.38
 940331  17  1840   208        579.52     4303.20     4759.33        180.08
 940331  18  1906   206        686.05     2959.15     3504.50        173.63
 940331  19  1923   197        681.20     2972.53     3518.27        161.30
 940331  20  2638   240       1010.00     2982.55     3992.55        174.33
 940331  21  2153   190        878.45     2545.78     3308.40        166.02
 940331  22  2162   200        986.47     2516.97     3157.15        172.05
 940331  23  2099   196        932.08     2580.93     3189.02        150.47
 940331  24  1258   132       1054.78     2040.20     2669.77        106.62
1
 
                   MAX
            TOTAL  SIM                MAXIMUM CPS                   CONNECT
 DATE  HOUR USERS USERS            IN         OUT       TOTAL         HOURS
 
 
 940401   1   990   108        974.70     1743.65     2428.43         77.18
 940401   2   642    88        714.67     1606.15     2288.92         54.92
 940401   3   340    48        400.38      965.90     1208.93         25.23
 940401   4   130    24        161.03      445.82      524.40          9.30
 940401   5    56    12         89.50      290.40      379.90          3.77
 940401   6    24     2         67.70      137.87      140.73          0.93
 940401   7    18     4         34.67      108.32      110.72          0.43
 940401   8    16     4        109.63       91.62      159.70          0.47
 940401   9    44    12        258.05       66.33      324.38          3.67
 940401  10   114    20        699.55      180.65      880.20          6.53
 940401  11   404   118        854.25     5384.33     5933.68         58.55
 940401  12   468    96        830.33     4136.45     4639.17         66.23
 940401  13   700   114       1152.35     4875.05     5603.60         89.92
 940401  14  1415   187       1391.53     5811.60     6476.20        142.35
 940401  15  1304   186        589.22     4316.53     4775.65        147.20
 940401  16  1501   190        404.03     4245.58     4537.48        161.75
 940401  17  1500   170        551.03     3680.00     4099.38        144.02
 940401  18  1472   174        560.72     3120.38     3672.10        126.80
 940401  19  1308   146        268.82     1890.75     2097.42        112.58
 940401  20  1700   180        615.45     2305.68     2921.13        130.77
 940401  21  1438   138        453.25     2432.45     2839.12        112.98
 940401  22  1375   146        562.95     1977.77     2432.98        111.22
 940401  23  1152   118        459.05     1956.32     2300.57         89.82
 940401  24   824   103        697.07     2674.55     3151.45         72.73
1     MAXIMUM OF MAXIMUM SIMULTANEOUS USERS
 
 
                   MAX
            TOTAL  SIM                MAXIMUM CPS                   CONNECT
 DATE  HOUR USERS USERS            IN         OUT       TOTAL         HOURS
 
 940330  15  3601   368       1119.22    10147.78    10899.65        338.67
 
 
     MAXIMUM OF CONNECT HOURS
 
 
                   MAX
            TOTAL  SIM                MAXIMUM CPS                   CONNECT
 DATE  HOUR USERS USERS            IN         OUT       TOTAL         HOURS
 
 940330  15  3601   368       1119.22    10147.78    10899.65        338.67
1
  