1
 
                   MAX
            TOTAL  SIM                MAXIMUM CPS                   CONNECT
 DATE  HOUR USERS USERS            IN         OUT       TOTAL         HOURS
 
 
 910211   1     6     2          2.13       72.13       72.98          1.10
 910211   2    14     6          5.63       72.13       72.98          2.13
 910211   3    16     4          4.53       49.08       53.62          1.93
 910211   4     0     0          0.00        0.00        0.00          0.00
 910211   5     0     0          0.00        0.00        0.00          0.00
 910211   6     0     0          0.00        0.00        0.00          0.00
 910211   7     0     0          0.00        0.00        0.00          0.00
 910211   8     4     2          4.17       38.85       43.02          0.17
 910211   9     0     0          0.00        0.00        0.00          0.00
 910211  10     0     0          0.00        0.00        0.00          0.00
 910211  11     0     0          0.00        0.00        0.00          0.00
 910211  12    12     6          7.45      100.43      105.10          0.90
 910211  13   114    26         32.60      546.08      566.33          9.73
 910211  14   486    66         60.65     1224.90     1278.45         42.33
 910211  15   790    86         97.52     1335.40     1420.70         69.43
 910211  16   740    98        107.68     1121.57     1188.80         77.02
 910211  17   758   100        108.57     1412.62     1497.17         79.50
 910211  18   590    90         75.17     1091.03     1164.15         61.92
 910211  19   580    88        105.42      894.58      943.90         69.58
 910211  20   658   108        125.22     1099.88     1225.10         79.35
 910211  21   600    94        128.75     1055.25     1130.20         68.17
 910211  22   558    90         79.48      901.93      981.42         60.63
 910211  23   324    48         42.00      529.75      565.97         33.57
 910211  24   182    38         25.17      362.18      386.22         26.23
1
 
                   MAX
            TOTAL  SIM                MAXIMUM CPS                   CONNECT
 DATE  HOUR USERS USERS            IN         OUT       TOTAL         HOURS
 
 
 910212   1   130    26         58.77      283.95      298.23         14.17
 910212   2    36    12          9.98      239.85      249.83          4.67
 910212   3    14     4          2.67       42.10       44.77          2.13
 910212   4     4     4          2.63       21.57       24.20          2.67
 910212   5     0     0          0.00        0.00        0.00          0.00
 910212   6     2     2          1.68       23.87       25.55          1.17
 910212   7     0     0          0.00        0.00        0.00          0.00
 910212   8     4     2          6.35       50.63       51.77          0.30
 910212   9     4     4          4.37       63.15       67.52          0.27
 910212  10     0     0          0.00        0.00        0.00          0.00
 910212  11     2     2          1.72       39.63       41.35          0.13
 910212  12    10     4          4.95      110.62      115.57          0.70
 910212  13   158    32         34.45      684.87      713.83         13.07
 910212  14   522    80         73.75     1363.18     1436.93         46.07
 910212  15   726    92         75.15     1426.57     1490.77         77.13
 910212  16   738   104         81.05     1309.85     1385.37         81.67
 910212  17   814   112        153.37     1436.13     1534.42         84.67
 910212  18   605    88         95.72     1013.52     1074.07         69.48
 910212  19   562    80        135.58      941.83     1038.40         63.72
 910212  20   610    92        115.42      894.07     1000.95         70.68
 910212  21   680   116        139.63      976.65     1051.02         83.07
 910212  22   546    80         94.15      824.55      900.93         63.92
 910212  23   238    50         99.77      477.87      516.43         27.60
 910212  24    20    20         11.05      148.75      159.80          7.50
1
 
                   MAX
            TOTAL  SIM                MAXIMUM CPS                   CONNECT
 DATE  HOUR USERS USERS            IN         OUT       TOTAL         HOURS
 
 
 910213   1   140    30         65.48      308.88      336.23         18.13
 910213   2    40    12          9.27      207.93      214.88          3.57
 910213   3     6     2          7.20       21.03       22.33          1.07
 910213   4     2     2          1.78       21.68       23.47          0.23
 910213   5     0     0          0.00        0.00        0.00          0.00
 910213   6     0     0          0.00        0.00        0.00          0.00
 910213   7     0     0          0.00        0.00        0.00          0.00
 910213   8     0     0          0.00        0.00        0.00          0.00
 910213   9     6     4          2.83       38.10       40.93          1.37
 910213  10    12     4          4.18      102.47      105.77          2.00
 910213  11     4     4          1.28       75.23       76.52          2.10
 910213  12     8     4          4.35      126.80      130.07          0.33
 910213  13   202    30         30.75      569.00      592.50         10.40
 910213  14   724    60         58.10     1204.48     1262.58         38.83
 910213  15   966    86         73.03     1460.83     1533.87         66.22
 910213  16   936    90         68.45     1115.65     1183.10         67.78
 910213  17   978   110        153.45     1150.95     1230.13         75.87
 910213  18   548    86        106.07     1141.97     1201.63         41.15
 910213  19   700    88        142.75     1008.68     1117.47         63.22
 910213  20   670   104        139.03     1034.37     1108.92         81.02
 910213  21   562    90         68.45      985.47     1053.92         63.68
 910213  22   514    80        159.90      931.30     1003.88         63.37
 910213  23   350    56        103.63      646.00      690.72         40.87
 910213  24   184    40         32.08      526.00      556.05         26.70
1
 
                   MAX
            TOTAL  SIM                MAXIMUM CPS                   CONNECT
 DATE  HOUR USERS USERS            IN         OUT       TOTAL         HOURS
 
 
 910214   1   130    26         32.35      231.42      256.53         15.33
 910214   2    40     8          9.55      128.38      137.82          2.87
 910214   3     8     4          4.80       86.82       90.18          0.73
 910214   4     2     2          4.05       19.38       23.43          0.07
 910214   5     8     4          3.68       59.25       62.93          2.30
 910214   6     8     4          3.68       59.25       62.93          0.83
 910214   7    10     4          4.47       41.98       43.40          0.47
 910214   8     4     4          2.85       82.43       85.28          2.27
 910214   9     6     4          3.98       46.52       50.50          2.03
 910214  10     2     2          1.60       83.65       85.25          0.33
 910214  11     6     2          2.15       10.60       12.75          0.27
 910214  12    22     4          4.85       26.67       30.67          1.03
 910214  13   184    28         34.40      296.70      331.10         12.02
 910214  14   642    76         70.57     1691.93     1757.22         45.88
 910214  15   556    80         75.52     1702.48     1769.65         54.18
 910214  16   290    90         77.12     1205.88     1278.65         26.80
 910214  17   750    94        151.93     1558.57     1634.83         76.02
 910214  18   610    88        169.07     1026.93     1122.73         69.67
 910214  19   434    72        104.38      773.88      857.55         46.92
 910214  20   548    82        142.03      967.60     1032.32         61.30
 910214  21   532    76        158.17      773.28      913.55         56.32
 910214  22   468    66        219.53      798.63     1017.23         48.12
 910214  23   312    54         99.73      562.05      623.05         37.77
 910214  24   166    34         84.90      336.52      386.48         22.23
1
 
                   MAX
            TOTAL  SIM                MAXIMUM CPS                   CONNECT
 DATE  HOUR USERS USERS            IN         OUT       TOTAL         HOURS
 
 
 910215   1   114    24         51.40      316.40      354.48         16.27
 910215   2    34     8         26.92       88.35      115.27          5.10
 910215   3     4     4         23.18       21.82       45.00          2.07
 910215   4     4     4         20.42       22.93       43.35          2.27
 910215   5     8     6         20.95       62.33       83.28          4.10
 910215   6    16    10         37.42      123.88      147.85          6.03
 910215   7    12     8         23.30      102.98      126.28          3.80
 910215   8    14     8         24.05       79.22      103.27          3.40
 910215   9     2     2         18.87        1.20       20.07          1.03
 910215  10     0     0          0.00        0.00        0.00          0.00
 910215  11     0     0          0.00        0.00        0.00          0.00
 910215  12     8     4          3.32      139.73      143.05          0.53
 910215  13   150    36         30.83      739.63      764.33         14.70
 910215  14   484    86         61.83     1638.52     1697.12         47.52
 910215  15   656    84         71.58     1413.40     1471.18         65.77
 910215  16   690    90         73.67     1236.08     1302.00         66.22
 910215  17   759   112        131.67     1522.07     1625.33         76.05
 910215  18   516    74        134.70      918.33      965.40         57.42
 910215  19   472    68         73.60      773.60      827.78         49.70
 910215  20   558    82        126.73     1028.18     1103.58         62.68
 910215  21   492    86         83.10      907.92      961.85         60.22
 910215  22   483    82         79.88      808.82      865.68         56.05
 910215  23   310    56         63.65      649.72      713.37         33.63
 910215  24    20    20         16.43      220.20      236.63          1.77
1     MAXIMUM OF MAXIMUM SIMULTANEOUS USERS
 
 
                   MAX
            TOTAL  SIM                MAXIMUM CPS                   CONNECT
 DATE  HOUR USERS USERS            IN         OUT       TOTAL         HOURS
 
 910212  21   680   116        139.63      976.65     1051.02         83.07
 
 
     MAXIMUM OF CONNECT HOURS
 
 
                   MAX
            TOTAL  SIM                MAXIMUM CPS                   CONNECT
 DATE  HOUR USERS USERS            IN         OUT       TOTAL         HOURS
 
 910212  17   814   112        153.37     1436.13     1534.42         84.67
1
  