1
 
                   MAX
            TOTAL  SIM                MAXIMUM CPS                   CONNECT
 DATE  HOUR USERS USERS            IN         OUT       TOTAL         HOURS
 
 
 920601   1    84    14        352.93      386.70      728.15          6.48
 920601   2    64    14        531.92      524.48     1056.40          3.83
 920601   3    24     8        237.67      235.55      473.22          2.97
 920601   4    10     4         97.33       98.50      195.83          0.87
 920601   5    12     4          9.90       20.37       30.27          0.33
 920601   6     6     2        102.92      100.62      203.53          0.47
 920601   7     8     6         70.98       70.12      141.10          0.43
 920601   8    24    10          6.33       16.17       22.50          1.07
 920601   9    46    12          6.20       15.50       21.70          2.97
 920601  10   510    50         32.13       27.58       58.02         19.77
 920601  11  1042    80         49.17      124.92      173.88         46.87
 920601  12  1338   142       3943.70     3871.15     7814.85         72.50
 920601  13  1093   250      16892.32    19608.38    36500.70        216.35
 920601  14  1300   240       5361.67     5453.87    10710.05        184.35
 920601  15  1600   214       3278.92     4192.90     7426.23        177.20
 920601  16  1618   190       2539.53     3488.47     6028.00        143.73
 920601  17  1426   146       1485.12     2337.65     3689.72        125.68
 920601  18  1658   146        967.07     2060.38     3003.17        116.60
 920601  19  2072   178       1345.32     1992.55     3337.87        135.42
 920601  20  2036   184      53662.72    20289.52    73896.27        141.20
 920601  21  2026   170       1259.47     1881.72     3068.18        139.73
 920601  22  1644   136       1120.00     1511.48     2582.68        105.57
 920601  23  1132   106       1201.75     1179.68     2354.23         75.07
 920601  24   856    96        955.15     1028.23     1929.02         63.92
1
 
                   MAX
            TOTAL  SIM                MAXIMUM CPS                   CONNECT
 DATE  HOUR USERS USERS            IN         OUT       TOTAL         HOURS
 
 
 920602   1   463    59        757.03      782.33     1539.37         34.87
 920602   2   223    29       6573.67     6711.07    13284.73         16.28
 920602   3    95    23        389.77      389.85      779.62          7.27
 920602   4    29     9        133.42      126.95      260.37          2.83
 920602   5    33     7         81.90       88.30      170.20          2.47
 920602   6    13     7        113.55      120.35      233.90          1.83
 920602   7    15     5        184.25      164.72      348.97          2.57
 920602   8    13     7          7.73       14.43       22.17          1.57
 920602   9    35    19        644.03      629.07     1273.10          4.57
 920602  10   267    85       3141.83     3093.72     6235.55         40.60
 920602  11   459   119       4235.45     4088.80     8324.25         76.97
 920602  12   503    85       2966.33     2906.52     5872.85         67.15
 920602  13   979   183       4683.65     4735.17     9418.82        140.93
 920602  14  1215   167       3881.00     4126.87     8007.87        129.93
 920602  15  1417   167       2037.57     2955.60     4782.93        138.42
 920602  16  1601   179       1527.50     2289.08     3621.85        135.45
 920602  17  1622   171        995.37     2145.38     3054.63        131.17
 920602  18  1737   137       1067.17     1697.63     2764.80        115.02
 920602  19  2239   165       1314.25     1900.52     3173.20        132.35
 920602  20  2083   165       1256.48     1907.82     3018.78        139.27
 920602  21  2205   169       1239.27     1941.38     3002.25        144.93
 920602  22  1849   143       1194.40     1629.08     2655.73        108.67
 920602  23  1191   113        654.17     1018.70     1647.62         77.37
 920602  24   909    81        623.00      770.77     1276.80         57.28
1
 
                   MAX
            TOTAL  SIM                MAXIMUM CPS                   CONNECT
 DATE  HOUR USERS USERS            IN         OUT       TOTAL         HOURS
 
 
 920603   1   527    69        555.58      539.25      998.68         31.45
 920603   2   281    37        324.15      439.45      763.60         15.60
 920603   3    91    17        120.75      127.22      225.12          5.77
 920603   4    51     9        102.90       79.25      155.33          3.17
 920603   5    33     5         47.25       34.02       80.77          1.80
 920603   6     9     3         22.85       16.55       39.40          1.27
 920603   7     5     3         92.02       74.70      166.72          1.10
 920603   8    15     5        110.22       96.65      206.87          1.63
 920603   9    37    13        435.85      432.10      867.95          3.30
 920603  10   275    49       1697.67     1639.25     3336.92         23.53
 920603  11   413    87       2975.40     2937.82     5913.22         50.53
 920603  12   563   119       3997.07     4001.48     7997.35        104.77
 920603  13  1055   269       5707.62     5862.37    11569.98        201.30
 920603  14  1326   264       5416.92     5677.30    11094.22        196.00
 920603  15  1411   200       2890.03     3716.45     6606.48        169.22
 920603  16  2070   234       1965.90     3061.95     5027.85        171.50
 920603  17  1462   182       2539.07     3511.32     6050.38        133.75
 920603  18  1501   147       3900.63     2992.87     6887.92        125.63
 920603  19  2131   272       1142.95     1782.47     2891.82        175.53
 920603  20  1690   182       1118.53     1943.03     2967.62        140.03
 920603  21  1544   142       1154.47     1626.18     2725.30        124.83
 920603  22  1314   144       1271.83     1772.73     2937.20        102.83
 920603  23   935   123       1485.90     1859.02     3344.92         84.85
 920603  24   724    92       2077.80     1931.65     4009.45         64.45
1
 
                   MAX
            TOTAL  SIM                MAXIMUM CPS                   CONNECT
 DATE  HOUR USERS USERS            IN         OUT       TOTAL         HOURS
 
 
 920604   1   366    68       1141.27     1366.97     2505.18         32.13
 920604   2   190    32        720.55      685.23     1307.93         14.03
 920604   3    64    20        378.42      453.38      708.92          6.30
 920604   4    25     6        159.20      135.88      295.08          1.42
 920604   5    20    10        329.62      333.32      662.93          0.97
 920604   6     6     4        164.08      148.73      312.82          0.27
 920604   7     8     4        173.10      164.18      337.28          1.13
 920604   8     8     6          3.80        9.70       13.50          0.27
 920604   9    51    18         16.13       44.73       60.87          3.00
 920604  10   426    94       3291.15     3187.23     6478.38         42.42
 920604  11   435    94       3259.47     3114.15     6373.62         60.03
 920604  12   460    92       3190.80     3092.27     6283.07         61.17
 920604  13   934   160       4317.52     4307.52     8611.78        129.10
 920604  14  1094   152       3389.30     3541.17     6930.47        120.10
 920604  15  1244   164       1895.48     2724.63     4620.12        131.17
 920604  16  1404   162       1431.70     2431.48     3863.18        135.70
 920604  17  1400   172        971.47     1999.68     2913.10        119.90
 920604  18  1534   144        951.13     1769.52     2560.75        117.70
 920604  19  1828   160       1066.43     1792.48     2858.92        130.42
 920604  20  1676   158        863.32     1811.85     2595.42        122.53
 920604  21  1520   142       1124.48     1467.70     2558.13        112.32
 920604  22  1290   130       1056.52     1419.42     2425.77         90.27
 920604  23   933   106        789.62     1017.52     1654.98         72.45
 920604  24   620    70        568.12      561.30     1018.28         40.72
1
 
                   MAX
            TOTAL  SIM                MAXIMUM CPS                   CONNECT
 DATE  HOUR USERS USERS            IN         OUT       TOTAL         HOURS
 
 
 920605   1   344    56        486.57      539.82      971.87         24.97
 920605   2   180    22        310.22      196.83      486.85          8.67
 920605   3    58    10        168.93      119.92      221.60          3.07
 920605   4    40    10         13.80      139.43      153.23          2.50
 920605   5    16     2          4.95       13.90       16.23          0.43
 920605   6     6     2         73.13       62.22      135.35          0.13
 920605   7     6     2         81.58       77.80      159.38          0.20
 920605   8    12     4          3.90       10.80       14.70          0.60
 920605   9    50    16        585.07      566.05     1151.12          4.87
 920605  10   264    90       3305.73     3204.98     6510.72         43.90
 920605  11   446   102       3692.05     3586.90     7278.95         71.03
 920605  12   508   104       3696.50     3597.95     7294.45         81.97
 920605  13   918   204       5298.60     5303.95    10602.55        150.87
 920605  14  1114   174       4143.80     4372.32     8516.12        138.93
 920605  15  1144   164       3981.48     4776.90     8758.38        133.10
 920605  16  1321   162       1932.78     2643.85     4576.63        115.57
 920605  17  1294   128       1430.98     1790.30     3221.28        110.82
 920605  18  1341   132        810.77     1295.82     2031.03         98.22
 920605  19  1686   148        944.57     1571.03     2489.52        116.87
 920605  20  1579   154       1042.28     1713.63     2528.90        125.43
 920605  21  1600   148       1157.73     1551.23     2630.20        123.70
 920605  22  1266   120       1252.43     1387.05     2561.72         89.13
 920605  23   846    98       1129.62     1000.67     2056.87         57.97
 920605  24   591    56        869.28      700.78     1450.40         35.78
1     MAXIMUM OF MAXIMUM SIMULTANEOUS USERS
 
 
                   MAX
            TOTAL  SIM                MAXIMUM CPS                   CONNECT
 DATE  HOUR USERS USERS            IN         OUT       TOTAL         HOURS
 
 920603  19  2131   272       1142.95     1782.47     2891.82        175.53
 
 
     MAXIMUM OF CONNECT HOURS
 
 
                   MAX
            TOTAL  SIM                MAXIMUM CPS                   CONNECT
 DATE  HOUR USERS USERS            IN         OUT       TOTAL         HOURS
 
 920601  13  1093   250      16892.32    19608.38    36500.70        216.35
1
  