1
 
                   MAX
            TOTAL  SIM                MAXIMUM CPS                   CONNECT
 DATE  HOUR USERS USERS            IN         OUT       TOTAL         HOURS
 
 
 931011   1    60    21        153.10      509.23      662.33          6.45
 931011   2    70    15        467.80      901.75     1369.55          7.10
 931011   3    32     9        276.52      544.00      820.52          2.18
 931011   4     9     3        112.20      217.87      330.07          0.45
 931011   5    10     6        136.77      275.93      412.68          0.52
 931011   6    60     9          7.33       42.25       49.58          2.08
 931011   7    45     6          6.17       33.15       39.32          1.27
 931011   8    54     9         11.27       57.53       68.80          2.18
 931011   9    27     6         11.22       57.53       68.75          1.30
 931011  10   312    42        880.42     1892.25     2772.67         17.95
 931011  11   213    42       1103.20     2339.22     3442.42         21.65
 931011  12   171    57       1565.50     2890.47     4455.97         37.12
 931011  13   402   108       1535.58     3916.27     5306.50         84.30
 931011  14   564   106       1257.92     3417.08     4617.30         84.55
 931011  15   781   124       1203.62     3186.37     4300.27         97.75
 931011  16   810   111       1069.95     3024.20     4032.23         91.78
 931011  17   702   105        612.57     2481.93     3089.28         76.30
 931011  18   736   102        580.18     1644.57     2159.73         63.70
 931011  19  1120   136        627.75     2147.23     2642.45        101.88
 931011  20   994   115        559.72     2710.92     3106.10         92.03
 931011  21   871   106        862.63     2100.07     2688.62         88.15
 931011  22   893   103        702.23     1972.75     2510.02         79.77
 931011  23   579    78        474.77     1350.17     1791.12         57.72
 931011  24   427    60        597.37     1223.13     1525.45         43.58
1
 
                   MAX
            TOTAL  SIM                MAXIMUM CPS                   CONNECT
 DATE  HOUR USERS USERS            IN         OUT       TOTAL         HOURS
 
 
 931012   1   289    54        478.10      829.55     1264.73         24.98
 931012   2   111    28        634.57      600.77     1235.33         12.10
 931012   3    69    12        146.60      297.12      304.65          6.48
 931012   4    15     6        176.18       58.52      234.70          1.12
 931012   5    17     6         37.72       69.13      106.85          0.45
 931012   6    15     6        166.65      296.13      462.78          0.60
 931012   7     9     6          2.45       14.47       16.92          0.42
 931012   8    12     4          2.33       12.62       14.95          0.83
 931012   9    21     9        261.75      473.40      735.15          1.83
 931012  10   162    40       1055.07     2127.23     3101.62         18.57
 931012  11   225    48        949.68     2169.70     3108.35         26.48
 931012  12   273    46       1082.85     2142.88     3210.92         31.23
 931012  13   600   154       1611.22     3865.88     5477.10         89.80
 931012  14   792   155       1615.33     3749.63     5364.97        142.87
 931012  15   863   138       1348.72     3627.88     4947.78        120.88
 931012  16   825   142       1167.82     3229.83     4214.55        107.32
 931012  17   847   118        998.60     2514.22     3195.35         92.07
 931012  18  1023   107        545.37     2303.53     2786.10         86.75
 931012  19  1058   106        709.50     2210.70     2758.27         88.13
 931012  20   937   115        659.65     2304.27     2715.33         93.05
 931012  21   987   121        919.73     2849.82     3708.22         95.15
 931012  22   921   116       1053.08     2503.42     3242.12         86.32
 931012  23   580    97        809.38     2266.45     3015.63         70.40
 931012  24   440    87        956.35     2140.68     2963.77         57.68
1
 
                   MAX
            TOTAL  SIM                MAXIMUM CPS                   CONNECT
 DATE  HOUR USERS USERS            IN         OUT       TOTAL         HOURS
 
 
 931013   1   246    66       1102.33     1864.30     2818.85         34.55
 931013   2   121    28        388.98      781.83     1170.82         13.07
 931013   3    39    12        193.52      328.43      521.95          5.13
 931013   4    28    18        199.60      514.07      713.67          3.23
 931013   5    15     3          6.23       22.78       29.02          0.85
 931013   6    12     4          6.22       27.47       31.25          0.32
 931013   7     6     3         39.13       76.35      115.48          0.25
 931013   8    24     9       2412.03     1265.32     3677.35          2.12
 931013   9    27    12          9.23       50.13       59.03          1.20
 931013  10   216    45       1190.97     2252.18     3443.15         19.28
 931013  11   216    42       1014.22     2230.82     2984.32         26.78
 931013  12   253    63       1310.62     2841.78     4152.40         37.38
 931013  13   444   141       1704.17     3969.93     5674.10        113.90
 931013  14   654   145       1522.62     3681.73     5204.35        115.42
 931013  15   750   127       1233.38     2884.02     4117.40         99.75
 931013  16   832   117        948.17     2875.70     3632.70         99.08
 931013  17   863   115        644.43     2523.28     3084.22         88.25
 931013  18   907   115        544.68     2167.98     2569.35         88.95
 931013  19  1017   126        487.73     2442.63     2873.35         95.52
 931013  20   970   129        731.93     2175.90     2836.00         98.15
 931013  21   842   107        767.48     2096.00     2531.67         89.32
 931013  22   718   108        963.38     1981.63     2870.00         75.83
 931013  23   585    75        724.77     1784.80     2509.57         59.13
 931013  24   506    63       1097.22     1894.83     2683.58         43.87
1
 
                   MAX
            TOTAL  SIM                MAXIMUM CPS                   CONNECT
 DATE  HOUR USERS USERS            IN         OUT       TOTAL         HOURS
 
 
 931014   1   222    57        927.87     1854.87     2782.73         26.17
 931014   2    96    24        387.52      561.88      949.40         10.12
 931014   3    66    18        257.10      431.85      688.95          9.03
 931014   4    24     6        179.37      378.18      533.82          2.02
 931014   5    18     6        204.90      413.02      617.92          0.80
 931014   6     6     3         98.78      191.87      290.65          0.40
 931014   7     9     3        111.53      223.13      334.67          0.50
 931014   8     6     3          2.38       10.45       12.83          0.55
 931014   9    30     6          4.50       25.07       29.57          1.65
 931014  10   348    43         40.55      203.38      243.93         17.95
 931014  11   384    63       1381.52     2758.45     4139.97         41.98
 931014  12   273    72       1541.82     3395.67     4937.48         52.15
 931014  13   486   103       1639.13     3539.25     5037.42         80.65
 931014  14   564   105       1535.38     3368.77     4866.32         78.40
 931014  15   670    93        833.65     2393.38     3143.50         72.52
 931014  16   648    94        672.08     1994.35     2469.57         76.40
 931014  17   681    85        513.03     1488.93     1896.13         66.67
 931014  18   833    80        560.73     1588.85     2058.10         66.03
 931014  19  1613   168        720.38     1941.37     2661.75        108.07
 931014  20   144    75        341.83     1446.45     1780.38          6.57
 931014  21     0     0          0.00        0.00        0.00          0.00
 931014  22     0     0          0.00        0.00        0.00          0.00
 931014  23     0     0          0.00        0.00        0.00          0.00
 931014  24   198    36        510.57      826.08     1203.45         14.00
1
 
                   MAX
            TOTAL  SIM                MAXIMUM CPS                   CONNECT
 DATE  HOUR USERS USERS            IN         OUT       TOTAL         HOURS
 
 
 931015   1   330    48        576.28      730.32     1069.55         21.53
 931015   2   174    24        465.25      577.10      888.10         11.08
 931015   3    45    15        345.72      367.00      712.72          2.87
 931015   4    12     6         19.75       51.77       54.27          0.42
 931015   5    18     6         11.57       40.37       51.93          0.55
 931015   6     6     3         50.67      107.07      157.73          0.20
 931015   7    21     3        119.70      175.75      295.45          1.20
 931015   8    69     9         12.35       58.07       70.42          2.62
 931015   9    81     9        233.27      442.93      676.20          3.70
 931015  10   171    48       1070.85     2604.22     3675.07         21.38
 931015  11   237    58       1291.08     2742.37     4026.60         30.15
 931015  12   255    90       1491.23     2854.23     4345.47         55.45
 931015  13   653   193       1712.65     3903.25     5615.90        144.87
 931015  14   977   225       1717.42     3788.67     5422.08        193.47
 931015  15  1045   190       1413.93     3736.52     5106.70        127.95
 931015  16   869   111       1287.50     3346.82     4634.32         92.43
 931015  17   820    95        511.25     1972.50     2359.93         70.72
 931015  18   765    76        497.13     1873.25     2216.25         58.37
 931015  19   999   103        681.13     1771.87     2303.23         67.92
 931015  20   715    78        514.02     1456.90     1732.10         56.80
 931015  21   694    65        691.73     1343.18     1849.08         49.67
 931015  22   573    73        831.83     1546.78     2232.32         42.42
 931015  23   400    52        727.30     1163.45     1797.17         31.30
 931015  24   297    45        674.12     1055.60     1610.02         28.65
1     MAXIMUM OF MAXIMUM SIMULTANEOUS USERS
 
 
                   MAX
            TOTAL  SIM                MAXIMUM CPS                   CONNECT
 DATE  HOUR USERS USERS            IN         OUT       TOTAL         HOURS
 
 931015  14   977   225       1717.42     3788.67     5422.08        193.47
 
 
     MAXIMUM OF CONNECT HOURS
 
 
                   MAX
            TOTAL  SIM                MAXIMUM CPS                   CONNECT
 DATE  HOUR USERS USERS            IN         OUT       TOTAL         HOURS
 
 931015  14   977   225       1717.42     3788.67     5422.08        193.47
1
  