1
 
                   MAX
            TOTAL  SIM                MAXIMUM CPS                   CONNECT
 DATE  HOUR USERS USERS            IN         OUT       TOTAL         HOURS
 
 
 920601   1     2     2          3.60        8.40       12.00          0.10
 920601   2    10     2          8.68       32.35       37.25          0.50
 920601   3     2     2          3.18       17.62       20.80          0.13
 920601   4     4     2          3.85       10.82       14.67          0.17
 920601   5     4     2          2.82       27.92       28.95          0.70
 920601   6     6     4          4.75        9.83       14.58          0.17
 920601   7    18     2          2.23       36.73       38.78          0.70
 920601   8     0     0          0.00        0.00        0.00          0.00
 920601   9     4     2          3.18       52.28       54.35          0.27
 920601  10     2     2          3.18       37.22       40.40          0.03
 920601  11    20     4          3.80       22.67       26.47          1.67
 920601  12    36    12          8.12      126.03      134.05          4.33
 920601  13    38    16         11.07      214.80      223.93          7.60
 920601  14    50    18          8.73      221.42      228.70         10.90
 920601  15    34    12          8.07      171.43      177.25          5.67
 920601  16    18     8          2.78       71.37       73.97          4.43
 920601  17    18     6          5.13       89.20       92.37          4.00
 920601  18    28    10          6.35      146.02      148.80          6.07
 920601  19    32    16          6.05      157.92      161.58         11.07
 920601  20    16    12          1.47       46.05       47.52          6.60
 920601  21    40    14          8.28      233.10      237.70          8.13
 920601  22    58    12          6.68      233.10      237.70          4.23
 920601  23    26    12          5.85       85.25       91.10          6.73
 920601  24    18     8          3.43      122.02      125.45          3.17
1
 
                   MAX
            TOTAL  SIM                MAXIMUM CPS                   CONNECT
 DATE  HOUR USERS USERS            IN         OUT       TOTAL         HOURS
 
 
 920602   1    20    10          7.05      156.58      163.63          4.20
 920602   2    20     8          5.35      146.05      151.40          4.27
 920602   3    12     4          7.40       82.25       84.40          1.77
 920602   4    14     8          6.62      152.55      159.17          2.10
 920602   5    14     6          4.40      120.13      122.35          2.93
 920602   6    28     8          5.38      137.35      142.73          4.27
 920602   7     8     6          3.55       95.87       99.42          0.67
 920602   8     0     0          0.00        0.00        0.00          0.00
 920602   9     0     0          0.00        0.00        0.00          0.00
 920602  10     0     0          0.00        0.00        0.00          0.00
 920602  11     2     2          0.48       20.50       20.98          0.47
 920602  12     4     2          0.97       41.38       42.35          1.17
 920602  13    10     8          3.32       92.17       95.48          3.27
 920602  14    38    12          5.65      139.68      145.33          6.47
 920602  15    28    12          5.37      137.10      142.47          6.47
 920602  16    20    12          2.07       90.87       92.93          8.83
 920602  17    24    18          6.25      168.08      173.32         12.53
 920602  18    36    14          5.33      101.73      107.07          9.10
 920602  19    58    22          8.47      174.58      179.22         14.63
 920602  20    34    20          3.87      125.52      129.38         14.33
 920602  21    56    34          8.87      297.48      306.35         22.93
 920602  22    72    36         10.23      331.63      341.87         25.37
 920602  23    68    30         33.60      226.55      234.32         22.53
 920602  24    58    24         47.12      225.53      233.15         15.53
1
 
                   MAX
            TOTAL  SIM                MAXIMUM CPS                   CONNECT
 DATE  HOUR USERS USERS            IN         OUT       TOTAL         HOURS
 
 
 920603   1    64    30         47.65      164.63      171.27         21.27
 920603   2    58    30          8.78      217.97      224.03         20.60
 920603   3    40    22          5.83      170.25      175.20         14.07
 920603   4    34    16          5.87      147.75      153.62         10.63
 920603   5    16    10          2.60       86.10       88.70          6.73
 920603   6    16     6          5.08      131.13      136.22          3.37
 920603   7     8     2          3.87       53.10       54.42          1.07
 920603   8     2     2          1.57       40.12       41.68          0.63
 920603   9     0     0          0.00        0.00        0.00          0.00
 920603  10     0     0          0.00        0.00        0.00          0.00
 920603  11     2     2          1.17       67.12       68.28          0.20
 920603  12     2     2          1.17       67.12       68.28          0.37
 920603  13     8     4         19.17       64.90       67.42          2.20
 920603  14    48    12         21.62      174.98      183.85          6.90
 920603  15     8     6          2.05       85.53       87.58          3.00
 920603  16     8     6          2.38       39.17       41.55          3.93
 920603  17     4     4          0.53       16.02       16.55          2.30
 920603  18     4     4          1.37       35.23       36.60          1.73
 920603  19    22    12          8.60      146.60      150.90          7.83
 920603  20    22    12          5.02      103.78      107.37          8.50
 920603  21    16     8          3.67       98.73      101.70          6.30
 920603  22    22     8          6.15       92.47       96.13          3.03
 920603  23    34    18          9.50      156.47      162.83          6.83
 920603  24    32    18         44.12      158.05      164.97          6.00
1
 
                   MAX
            TOTAL  SIM                MAXIMUM CPS                   CONNECT
 DATE  HOUR USERS USERS            IN         OUT       TOTAL         HOURS
 
 
 920604   1    20     8         37.07      104.53      141.60          3.87
 920604   2    18     6          6.38      135.90      142.28          1.77
 920604   3    14     4          7.87       95.13      103.00          1.50
 920604   4    16     6         11.88      105.55      114.47          3.00
 920604   5     8     2          2.45       36.97       38.20          0.70
 920604   6     2     2          0.88       30.18       31.07          0.30
 920604   7     4     2          2.42       56.02       58.43          0.73
 920604   8    12     2          3.48       82.02       83.17          1.33
 920604   9     2     2          1.15       82.02       83.17          0.60
 920604  10     0     0          0.00        0.00        0.00          0.00
 920604  11     0     0          0.00        0.00        0.00          0.00
 920604  12     6     4          3.23       81.55       84.78          0.73
 920604  13    18    10          8.92       81.55       84.78          4.47
 920604  14    36    12          7.67      105.68      113.35          6.90
 920604  15    10     6          2.98       96.57       98.93          2.53
 920604  16    14     8          4.22      109.37      112.40          5.70
 920604  17    18     6          3.80       95.83       99.63          4.23
 920604  18    14     8          3.80       95.83       99.63          4.83
 920604  19    30    16          5.88       62.95       64.68          8.77
 920604  20    30    18          5.80      160.00      164.08         11.53
 920604  21    22    10          8.88      119.28      121.42          2.40
 920604  22     6     4         82.28       29.55      111.17          3.27
 920604  23     8     8         83.03       29.73      112.77          2.77
 920604  24     8     4          3.23       81.72       84.55          1.40
1
 
                   MAX
            TOTAL  SIM                MAXIMUM CPS                   CONNECT
 DATE  HOUR USERS USERS            IN         OUT       TOTAL         HOURS
 
 
 920605   1     8     4          3.58      102.57      106.15          1.27
 920605   2     4     2          3.73       56.50       58.87          0.27
 920605   3     2     2          1.63       60.55       62.18          0.17
 920605   4     4     4          5.40      102.80      108.20          1.90
 920605   5     2     2          1.98       64.25       66.23          0.17
 920605   6     8     4          3.88       99.23      103.03          3.40
 920605   7     6     4          3.05       91.07       94.12          0.70
 920605   8     0     0          0.00        0.00        0.00          0.00
 920605   9    12     4         20.78       74.32       78.42          0.80
 920605  10     0     0          0.00        0.00        0.00          0.00
 920605  11     0     0          0.00        0.00        0.00          0.00
 920605  12     2     2          1.37       36.57       37.93          0.60
 920605  13    12     6          2.65      133.68      136.33          3.33
 920605  14    10     8          3.40      173.83      177.23          4.17
 920605  15    14     6          4.82      110.25      115.07          3.33
 920605  16    18    16          6.50      139.25      145.75         10.37
 920605  17    20    14          5.30      120.88      125.82         11.37
 920605  18    16    10          3.45       62.53       65.98          7.43
 920605  19    16     8         15.55       68.70       71.77          4.90
 920605  20     8     4          2.98       35.43       38.42          1.67
 920605  21     8     4          2.98       49.65       51.98          3.23
 920605  22    14     6          2.87       64.32       66.73          3.93
 920605  23     6     4          7.18       78.97       86.15          0.33
 920605  24     2     2          0.28        9.00        9.28          1.20
1     MAXIMUM OF MAXIMUM SIMULTANEOUS USERS
 
 
                   MAX
            TOTAL  SIM                MAXIMUM CPS                   CONNECT
 DATE  HOUR USERS USERS            IN         OUT       TOTAL         HOURS
 
 920602  22    72    36         10.23      331.63      341.87         25.37
 
 
     MAXIMUM OF CONNECT HOURS
 
 
                   MAX
            TOTAL  SIM                MAXIMUM CPS                   CONNECT
 DATE  HOUR USERS USERS            IN         OUT       TOTAL         HOURS
 
 920602  22    72    36         10.23      331.63      341.87         25.37
1
  