1
 
                   MAX
            TOTAL  SIM                MAXIMUM CPS                   CONNECT
 DATE  HOUR USERS USERS            IN         OUT       TOTAL         HOURS
 
 
 910116   1    92    22         17.77      172.15      189.92         11.13
 910116   2    74    10         53.18       86.60      139.78          6.87
 910116   3    16     8          9.25       62.82       72.07          4.40
 910116   4    16     8          5.93       46.05       51.98          3.07
 910116   5    14     8          6.15       42.28       48.37          2.67
 910116   6    10     8          6.15       42.22       48.37          2.23
 910116   7     2     2          0.00        0.10        0.10          2.00
 910116   8     2     2          0.00        0.10        0.10          2.00
 910116   9     4     2          3.17        7.32       10.48          0.33
 910116  10     2     2          2.12       53.85       55.97          0.27
 910116  11     2     2          0.78        8.13        8.92          0.13
 910116  12    22    10          8.22      125.05      128.32          2.20
 910116  13    94    24         22.50      567.62      587.57          8.60
 910116  14   368    56         52.88      975.30     1028.18         31.33
 910116  15   522    70         58.30     1116.87     1167.67         54.15
 910116  16   392    62         50.37     1009.87     1059.53         40.90
 910116  17    72    16         11.65      251.85      263.45          8.17
 910116  18   257    58         41.43      706.92      745.82         31.57
 910116  19   190    50         74.78      644.77      685.23         22.47
 910116  20   488    78        128.75     1023.13     1080.13         56.20
 910116  21   534    80         82.98      924.53      987.38         68.77
 910116  22   364    64         50.05      636.48      686.53         50.30
 910116  23   274    54         37.45      571.50      607.52         39.93
 910116  24   156    38         58.13      336.68      394.82         24.27
1
 
                   MAX
            TOTAL  SIM                MAXIMUM CPS                   CONNECT
 DATE  HOUR USERS USERS            IN         OUT       TOTAL         HOURS
 
 
 910117   1    66    24         14.00      233.98      247.95         13.70
 910117   2    24    14          6.55      121.85      128.27          6.17
 910117   3     8     6          5.18       32.97       38.15          4.13
 910117   4     4     4          0.48       10.62       11.10          2.27
 910117   5     2     2          0.00        0.03        0.03          2.00
 910117   6     8     6          4.78       24.03       25.12          2.07
 910117   7    10     2          2.23       24.03       25.12          0.70
 910117   8     0     0          0.00        0.00        0.00          0.00
 910117   9     0     0          0.00        0.00        0.00          0.00
 910117  10     0     0          0.00        0.00        0.00          0.00
 910117  11     2     2          1.33       71.60       72.93          0.27
 910117  12     4     2          2.07       90.35       92.42          0.37
 910117  13    76    22         19.78      514.08      533.87          6.53
 910117  14   448    63         50.58     1069.55     1113.00         42.27
 910117  15   396    62         48.45      947.97      991.88         43.90
 910117  16   428    70         62.90     1031.40     1086.83         45.60
 910117  17   672    80        104.02     1117.45     1182.67         64.43
 910117  18   456    70         50.17      883.10      929.75         55.58
 910117  19   494    66         92.30      815.38      867.97         51.83
 910117  20   514    64         95.78      757.28      851.08         52.58
 910117  21   536    68         63.92      726.37      779.58         53.55
 910117  22   312    62         53.13      662.35      710.03         31.57
 910117  23   250    36         67.75      348.82      376.55         23.20
 910117  24   150    36         86.22      342.02      413.67         15.97
1
 
                   MAX
            TOTAL  SIM                MAXIMUM CPS                   CONNECT
 DATE  HOUR USERS USERS            IN         OUT       TOTAL         HOURS
 
 
 910118   1    98    20         59.75      198.00      246.22         13.32
 910118   2    24     8         62.85      113.12      175.97          3.37
 910118   3     0     0          0.00        0.00        0.00          0.00
 910118   4     2     2          2.23        4.20        6.43          0.03
 910118   5     6     4          2.15       74.57       76.72          2.33
 910118   6     4     2          1.37       20.17       21.53          1.30
 910118   7     0     0          0.00        0.00        0.00          0.00
 910118   8     0     0          0.00        0.00        0.00          0.00
 910118   9     0     0          0.00        0.00        0.00          0.00
 910118  10     0     0          0.00        0.00        0.00          0.00
 910118  11     0     0          0.00        0.00        0.00          0.00
 910118  12     8     2          4.42       27.95       30.65          0.33
 910118  13   106    20         23.08      473.47      496.55          8.38
 910118  14   488    62         57.07     1198.12     1243.90         44.62
 910118  15   614    74         63.27     1261.17     1319.73         58.97
 910118  16   528    76         54.20     1023.10     1072.13         57.85
 910118  17   676    88         72.92     1096.07     1160.87         62.23
 910118  18   428    58         53.65      898.28      941.47         44.70
 910118  19   474    72        106.77      878.67      929.95         51.80
 910118  20   518    68         56.52      881.08      931.57         54.27
 910118  21   524    74        132.40      888.03      953.02         53.50
 910118  22   502    64        123.23      722.92      846.15         48.93
 910118  23   348    48        298.85      474.48      713.25         31.77
 910118  24   108    28        289.40      297.68      526.18         15.43
1
 
                   MAX
            TOTAL  SIM                MAXIMUM CPS                   CONNECT
 DATE  HOUR USERS USERS            IN         OUT       TOTAL         HOURS
 
 
 910119   1   104    24        239.45      172.42      409.17         12.07
 910119   2    54    10         14.87       94.03      108.90          2.40
 910119   3     4     2          7.03        6.33       13.37          0.20
 910119   4     4     2          1.92       31.52       32.95          0.27
 910119   5     2     2          4.75       66.93       71.68          0.10
 910119   6     0     0          0.00        0.00        0.00          0.00
 910119   7     0     0          0.00        0.00        0.00          0.00
 910119   8     4     2          3.15       92.25       93.80          0.57
 910119   9     4     2          4.05       71.80       73.08          0.47
 910119  10     2     2          1.38       63.17       64.55          1.90
 910119  11     4     2          3.17       63.17       64.55          1.30
 910119  12     0     0          0.00        0.00        0.00          0.00
 910119  13     2     2          0.95       62.43       63.38          0.47
 910119  14     8     6          4.17      121.50      125.67          0.73
 910119  15    24     4          7.62       89.65       97.27          1.33
 910119  16    16     4          5.37       53.37       58.50          0.73
 910119  17    26     6          6.67       48.58       51.53          2.17
 910119  18    12     2          4.33       45.27       48.33          0.40
 910119  19    24     4          5.30      104.97      108.07          1.40
 910119  20    14     4          5.15       21.32       25.63          0.50
 910119  21     6     4          3.52       67.03       70.55          0.93
 910119  22     0     0          0.00        0.00        0.00          0.00
 910119  23     4     2          4.48       36.70       41.18          0.10
 910119  24     6     2          3.93       31.60       33.58          0.30
1     MAXIMUM OF MAXIMUM SIMULTANEOUS USERS
 
 
                   MAX
            TOTAL  SIM                MAXIMUM CPS                   CONNECT
 DATE  HOUR USERS USERS            IN         OUT       TOTAL         HOURS
 
 910118  17   676    88         72.92     1096.07     1160.87         62.23
 
 
     MAXIMUM OF CONNECT HOURS
 
 
                   MAX
            TOTAL  SIM                MAXIMUM CPS                   CONNECT
 DATE  HOUR USERS USERS            IN         OUT       TOTAL         HOURS
 
 910116  21   534    80         82.98      924.53      987.38         68.77
1
