1
 
                   MAX
            TOTAL  SIM                MAXIMUM CPS                   CONNECT
 DATE  HOUR USERS USERS            IN         OUT       TOTAL         HOURS
 
 
 910112   1    68    22         42.37      252.68      267.60         10.80
 910112   2    18     4          6.55       63.82       70.37          1.60
 910112   3     2     2          2.38       33.25       35.63          0.17
 910112   4     0     0          0.00        0.00        0.00          0.00
 910112   5     0     0          0.00        0.00        0.00          0.00
 910112   6     4     4          3.93       50.45       54.38          1.80
 910112   7     2     2          0.92       39.62       40.53          0.60
 910112   8     2     2          1.37       44.70       46.07          0.90
 910112   9     0     0          0.00        0.00        0.00          0.00
 910112  10     4     2          4.72       34.47       35.40          0.90
 910112  11     4     4          2.67       50.07       52.73          1.73
 910112  12     2     2          4.32       15.45       19.77          0.07
 910112  13    10     4          3.08      103.40      106.28          1.03
 910112  14    22     6         11.97       77.27       80.88          0.87
 910112  15    18     6          4.30       91.13       94.25          1.37
 910112  16    18     6          5.88      162.82      168.70          1.43
 910112  17    18     4          4.63      120.12      122.15          1.77
 910112  18    12     4          5.57       78.37       81.48          0.33
 910112  19    22     4          5.00       84.12       89.12          1.27
 910112  20    10     6          5.07       71.05       76.12          0.70
 910112  21    12     4          4.13       75.23       78.27          0.60
 910112  22     8     2          4.52       56.27       58.32          0.40
 910112  23     4     2          2.38       52.62       53.50          0.50
 910112  24     4     4          6.92      174.03      180.95          0.23
1
 
                   MAX
            TOTAL  SIM                MAXIMUM CPS                   CONNECT
 DATE  HOUR USERS USERS            IN         OUT       TOTAL         HOURS
 
 
 910113   1     6     2          4.03       40.60       43.12          0.27
 910113   2     8     6          2.73       64.23       66.97          1.97
 910113   3     4     2          1.22       43.90       45.12          1.03
 910113   4     6     2          1.80       50.30       52.10          1.47
 910113   5     0     0          0.00        0.00        0.00          0.00
 910113   6     2     2          3.62       36.45       40.07          0.20
 910113   7     2     2          3.62       36.45       40.07          1.70
 910113   8     0     0          0.00        0.00        0.00          0.00
 910113   9     2     2          1.08       49.82       50.90          0.23
 910113  10     0     0          0.00        0.00        0.00          0.00
 910113  11     0     0          0.00        0.00        0.00          0.00
 910113  12     0     0          0.00        0.00        0.00          0.00
 910113  13     0     0          0.00        0.00        0.00          0.00
 910113  14     0     0          0.00        0.00        0.00          0.00
 910113  15     0     0          0.00        0.00        0.00          0.00
 910113  16     0     0          0.00        0.00        0.00          0.00
 910113  17     0     0          0.00        0.00        0.00          0.00
 910113  18     0     0          0.00        0.00        0.00          0.00
 910113  19     4     2          3.93       13.88       17.82          0.10
 910113  20     6     4          3.92       63.10       65.48          0.70
 910113  21     8     4          4.55       35.12       39.67          0.90
 910113  22     4     2          2.32       25.08       27.40          0.40
 910113  23     2     2          2.90       25.97       28.87          0.20
 910113  24     0     0          0.00        0.00        0.00          0.00
1
 
                   MAX
            TOTAL  SIM                MAXIMUM CPS                   CONNECT
 DATE  HOUR USERS USERS            IN         OUT       TOTAL         HOURS
 
 
 910114   1    10     4          3.95       60.43       63.13          1.70
 910114   2     6     4          2.67       48.82       50.17          1.07
 910114   3     2     2          1.00       23.22       24.22          2.00
 910114   4     4     2          3.33       23.22       24.22          0.13
 910114   5     0     0          0.00        0.00        0.00          0.00
 910114   6     0     0          0.00        0.00        0.00          0.00
 910114   7     0     0          0.00        0.00        0.00          0.00
 910114   8    12     4         12.52      124.57      137.08          1.17
 910114   9     2     2          0.45       17.42       17.87          1.27
 910114  10     0     0          0.00        0.00        0.00          0.00
 910114  11     2     2          0.90       46.43       47.33          0.17
 910114  12    14     4          8.07       52.50       55.95          1.03
 910114  13    90    18         18.82      387.07      405.88          8.30
 910114  14   320    48         41.85      942.05      983.90         27.80
 910114  15   482    62         51.02     1175.18     1222.82         47.00
 910114  16   488    62         98.75      891.68      937.63         49.62
 910114  17   464    66         48.10      948.72      996.82         50.20
 910114  18   354    54         42.95      736.18      779.08         37.60
 910114  19   368    58         89.38      646.08      688.10         38.77
 910114  20   502    72         99.87      886.73      945.12         55.72
 910114  21   430    64         55.68      702.28      742.95         48.73
 910114  22   374    66         45.17      730.38      769.48         48.70
 910114  23   246    42         35.97      502.13      538.10         27.47
 910114  24   130    28         66.87      274.58      291.62         15.50
1
 
                   MAX
            TOTAL  SIM                MAXIMUM CPS                   CONNECT
 DATE  HOUR USERS USERS            IN         OUT       TOTAL         HOURS
 
 
 910115   1    86    24         71.25      243.82      315.07         15.77
 910115   2    18    10          5.75       88.15       93.10          5.87
 910115   3     6     4          1.40       32.58       33.57          2.33
 910115   4     6     4          0.98       37.05       37.95          3.40
 910115   5     4     4          4.48       41.17       45.65          2.10
 910115   6     2     2          0.00        0.25        0.25          2.00
 910115   7     2     2          0.00        0.25        0.25          2.00
 910115   8    22     6          5.27       57.48       59.80          2.83
 910115   9     2     2          0.00        0.25        0.25          2.00
 910115  10     2     2          0.00        0.25        0.25          2.00
 910115  11     4     4          1.63       67.80       69.43          3.50
 910115  12    16    10          6.40      240.48      246.88          3.53
 910115  13   108    26         25.48      398.50      421.98         11.17
 910115  14   384    52         52.25     1302.02     1349.95         36.57
 910115  15   429    60         46.68     1102.67     1142.95         45.42
 910115  16   525    76        116.82     1286.78     1341.57         60.03
 910115  17   585    80         58.50     1090.02     1148.05         63.22
 910115  18   837    62         62.28      644.60      706.88         36.95
 910115  19   499    80         70.62      744.53      815.15         58.25
 910115  20   466    78         84.55      741.07      790.00         52.37
 910115  21    16    16          6.63      187.87      194.50          3.13
 910115  22   378    56         71.53      564.72      616.53         36.60
 910115  23   248    46         36.07      470.17      506.08         28.15
 910115  24   132    28         67.48      310.15      377.63         16.33
1
 
                   MAX
            TOTAL  SIM                MAXIMUM CPS                   CONNECT
 DATE  HOUR USERS USERS            IN         OUT       TOTAL         HOURS
 
 
 910116   1    92    22         17.77      172.15      189.92         11.13
 910116   2    74    10         53.18       86.60      139.78          6.87
 910116   3    16     8          9.25       62.82       72.07          4.40
 910116   4    16     8          5.93       46.05       51.98          3.07
 910116   5    14     8          6.15       42.28       48.37          2.67
 910116   6    10     8          6.15       42.22       48.37          2.23
 910116   7     2     2          0.00        0.10        0.10          2.00
 910116   8     2     2          0.00        0.10        0.10          2.00
 910116   9     4     2          3.17        7.32       10.48          0.33
 910116  10     2     2          2.12       53.85       55.97          0.27
 910116  11     2     2          0.78        8.13        8.92          0.13
 910116  12    22    10          8.22      125.05      128.32          2.20
 910116  13    94    24         22.50      567.62      587.57          8.60
 910116  14   368    56         52.88      975.30     1028.18         31.33
 910116  15   522    70         58.30     1116.87     1167.67         54.15
 910116  16   392    62         50.37     1009.87     1059.53         40.90
 910116  17    72    16         11.65      251.85      263.45          8.17
 910116  18   257    58         41.43      706.92      745.82         31.57
 910116  19   190    50         74.78      644.77      685.23         22.47
 910116  20   488    78        128.75     1023.13     1080.13         56.20
 910116  21   534    80         82.98      924.53      987.38         68.77
 910116  22   364    64         50.05      636.48      686.53         50.30
 910116  23   270    54         37.45      571.50      607.52         39.27
 910116  24   140    32         57.15      325.82      382.97         17.50
1     MAXIMUM OF MAXIMUM SIMULTANEOUS USERS
 
 
                   MAX
            TOTAL  SIM                MAXIMUM CPS                   CONNECT
 DATE  HOUR USERS USERS            IN         OUT       TOTAL         HOURS
 
 910115  17   585    80         58.50     1090.02     1148.05         63.22
 
 
     MAXIMUM OF CONNECT HOURS
 
 
                   MAX
            TOTAL  SIM                MAXIMUM CPS                   CONNECT
 DATE  HOUR USERS USERS            IN         OUT       TOTAL         HOURS
 
 910116  21   534    80         82.98      924.53      987.38         68.77
1
  