1
 
                   MAX
            TOTAL  SIM                MAXIMUM CPS                   CONNECT
 DATE  HOUR USERS USERS            IN         OUT       TOTAL         HOURS
 
 
 920713   1    10     4          2.98       83.63       85.67          2.27
 920713   2     8     4         12.05       95.22      107.27          0.73
 920713   3     4     4          2.58       57.45       60.03          1.73
 920713   4    10     8          5.02      133.98      139.00          3.77
 920713   5    14     8          5.02      133.98      139.00          2.93
 920713   6    14     4          3.83       51.37       54.92          1.07
 920713   7     2     2          2.55        6.50        9.05          0.03
 920713   8     2     2          1.38       52.25       53.63          0.83
 920713   9     2     2          1.38       52.25       53.63          0.83
 920713  10     2     2          3.83       10.82       14.65          0.07
 920713  11     4     4          1.83       53.65       55.48          0.67
 920713  12    12     6          2.15       92.27       94.42          1.43
 920713  13    18    10          4.58      115.92      119.25          6.90
 920713  14    20    10          5.15       94.13       99.28          5.43
 920713  15    28    12          6.72      158.33      162.68          8.57
 920713  16    14     8          4.30      100.33      104.63          6.00
 920713  17    12    12          4.10       99.63      103.73          6.30
 920713  18    12     4          4.17       59.32       61.35          2.53
 920713  19    12     6          3.33       82.97       86.28          3.53
 920713  20    28     8          6.82      103.13      109.95          5.67
 920713  21    20     8         10.73       77.58       88.32          4.65
 920713  22    10     6          2.58       65.30       67.48          2.63
 920713  23    16     8          3.80       75.58       78.17          3.30
 920713  24    10     6          2.67       34.58       35.52          4.80
1
 
                   MAX
            TOTAL  SIM                MAXIMUM CPS                   CONNECT
 DATE  HOUR USERS USERS            IN         OUT       TOTAL         HOURS
 
 
 920714   1    14     8          2.17       99.97      102.13          3.97
 920714   2    38    18          9.90      198.75      208.65          9.60
 920714   3    28    14          9.57      203.38      212.95          9.13
 920714   4    14    12          9.48      173.05      182.53          3.03
 920714   5     8     4          5.28       83.63       86.20          0.37
 920714   6     6     4          3.53       79.77       83.30          1.10
 920714   7    10     4          4.27       83.70       87.97          1.63
 920714   8     4     2          1.28       65.92       67.07          0.63
 920714   9     2     2          1.15       65.92       67.07          0.70
 920714  10     0     0          0.00        0.00        0.00          0.00
 920714  11     0     0          0.00        0.00        0.00          0.00
 920714  12    14     8          7.30       70.98       78.28          3.13
 920714  13    22    14          5.93      177.08      183.02          7.13
 920714  14    32    12         17.20      141.75      148.30          4.83
 920714  15    26    14          5.38      130.12      135.50          7.97
 920714  16    46    24         14.05      147.42      161.47         13.30
 920714  17    22    16          7.12       80.28       85.97          5.27
 920714  18    78    44         24.15      228.08      251.03         24.57
 920714  19    66    26         12.98      322.42      334.92         14.57
 920714  20    46    26         12.98      313.95      326.93          5.03
 920714  21    10     6          4.70       57.78       62.48          4.13
 920714  22     8     4          2.82       54.55       56.20          1.90
 920714  23    14    10          3.55      126.78      130.33          3.83
 920714  24    24    10          7.70      177.57      185.27          4.57
1
 
                   MAX
            TOTAL  SIM                MAXIMUM CPS                   CONNECT
 DATE  HOUR USERS USERS            IN         OUT       TOTAL         HOURS
 
 
 920715   1    14    10          6.28      164.58      170.87          4.53
 920715   2    26    14          7.65      227.45      235.10          8.10
 920715   3    22     8          8.72      182.67      189.88          5.00
 920715   4    22    10          9.82      172.02      181.83          5.90
 920715   5    10     4          4.98      147.60      152.58          3.03
 920715   6    10     6          5.20      122.47      127.67          3.13
 920715   7     2     2          1.05       34.52       35.57          0.23
 920715   8     2     2          1.05       34.52       35.57          0.23
 920715   9     0     0          0.00        0.00        0.00          0.00
 920715  10     0     0          0.00        0.00        0.00          0.00
 920715  11     6     4          1.88       37.35       39.23          1.13
 920715  12     8     6          4.00      107.00      111.00          3.07
 920715  13    28    16          7.12      238.40      245.37          8.83
 920715  14    28    14          6.38      132.38      137.02          9.87
 920715  15    20    10          4.12      107.00      111.12          6.83
 920715  16    24    10          5.65      114.47      117.40          6.27
 920715  17    12     6          5.65       70.63       76.28          3.83
 920715  18    18    12          7.83      154.48      162.32          4.47
 920715  19     7     5          1.13       48.80       49.92          3.77
 920715  20     7     7          2.17       84.73       86.90          5.53
 920715  21    33    14          7.10      144.38      151.48          6.90
 920715  22    28    12          7.92      179.88      187.80          6.93
 920715  23    12     8          2.05       57.23       59.28          3.57
 920715  24     4     4          1.40       41.65       43.05          0.70
1
 
                   MAX
            TOTAL  SIM                MAXIMUM CPS                   CONNECT
 DATE  HOUR USERS USERS            IN         OUT       TOTAL         HOURS
 
 
 920716   1     8     4          2.67       90.17       92.83          1.60
 920716   2    16     8          4.22      114.17      117.97          3.17
 920716   3    16     6          4.00       98.22      101.25          3.80
 920716   4     8     6          3.40       72.17       75.57          1.47
 920716   5     6     4          5.00       52.83       57.83          0.87
 920716   6     2     2          1.37       29.82       31.18          0.47
 920716   7     4     2          1.87       33.07       34.93          1.17
 920716   8     2     2          2.23        4.20        6.43          0.07
 920716   9     0     0          0.00        0.00        0.00          0.00
 920716  10     0     0          0.00        0.00        0.00          0.00
 920716  11     4     2          2.55        1.73        4.28          0.17
 920716  12    30     4          3.38        2.30        5.68          1.60
 920716  13    36    10         12.63      114.87      122.97          4.43
 920716  14    40    28         28.67      123.45      152.12          6.03
 920716  15    32    14          8.20      149.73      157.93         10.02
 920716  16    42    22         11.10      138.87      144.50         15.80
 920716  17    28    12          5.15      105.15      109.05          6.07
 920716  18    88    34         17.13      335.88      352.47         19.73
 920716  19    50    24          9.35      150.25      159.60         10.63
 920716  20    16     8          3.32       82.52       85.45          3.87
 920716  21    10     6          3.52       81.78       85.30          4.03
 920716  22     8     6          2.38       47.70       50.08          3.13
 920716  23    18    10          3.00       71.30       73.72          3.60
 920716  24     8     4          2.95      106.82      109.77          3.60
1
 
                   MAX
            TOTAL  SIM                MAXIMUM CPS                   CONNECT
 DATE  HOUR USERS USERS            IN         OUT       TOTAL         HOURS
 
 
 920717   1    10     4          2.97      106.82      109.77          0.73
 920717   2    24    10          8.33       84.38       92.38          4.57
 920717   3    20    10          6.47      100.13      104.25          4.43
 920717   4    16     4          3.58      124.50      128.08          2.07
 920717   5    16     6          6.42      178.03      184.45          3.63
 920717   6    16     8          9.13      144.92      154.05          3.47
 920717   7    10     4          4.82       91.50       96.32          1.73
 920717   8     0     0          0.00        0.00        0.00          0.00
 920717   9     2     2          0.87       49.33       50.20          0.10
 920717  10     2     2          0.87       49.33       50.20          1.00
 920717  11     8     4          3.38       81.13       84.52          0.80
 920717  12    12     6          2.80       86.42       89.22          1.90
 920717  13    24    16          6.57      156.85      163.42          7.90
 920717  14    26    14          6.02      135.97      141.98          6.33
 920717  15    24    12          5.93      185.17      191.10          7.13
 920717  16    32    14          7.08      132.00      139.08          9.00
 920717  17    28    14          7.67      204.60      211.43          8.30
 920717  18    16     8          2.72       82.08       84.68          3.20
 920717  19    10     8          6.05      127.53      133.58          6.17
 920717  20    10     8         11.02       28.62       34.53          5.07
 920717  21    20    10          5.50      166.45      171.10          6.17
 920717  22    10     6          3.52       91.52       95.03          0.87
 920717  23     2     2          2.97       43.92       46.88          0.10
 920717  24     4     2          2.17       53.10       55.27          0.37
1     MAXIMUM OF MAXIMUM SIMULTANEOUS USERS
 
 
                   MAX
            TOTAL  SIM                MAXIMUM CPS                   CONNECT
 DATE  HOUR USERS USERS            IN         OUT       TOTAL         HOURS
 
 920714  18    78    44         24.15      228.08      251.03         24.57
 
 
     MAXIMUM OF CONNECT HOURS
 
 
                   MAX
            TOTAL  SIM                MAXIMUM CPS                   CONNECT
 DATE  HOUR USERS USERS            IN         OUT       TOTAL         HOURS
 
 920714  18    78    44         24.15      228.08      251.03         24.57
1
  