1
 
                   MAX
            TOTAL  SIM                MAXIMUM CPS                   CONNECT
 DATE  HOUR USERS USERS            IN         OUT       TOTAL         HOURS
 
 
 920720   1     4     4          1.77       91.67       93.43          2.43
 920720   2     4     2          2.05      113.53      115.58          0.33
 920720   3     8     2          6.25       12.58       15.25          0.70
 920720   4     6     4          3.08       55.73       58.82          1.27
 920720   5     6     4          3.08       78.07       79.83          1.17
 920720   6     4     2          1.87        6.15        8.02          0.20
 920720   7     6     4          4.67       76.30       80.97          1.80
 920720   8     8     4          7.38      132.40      139.78          1.40
 920720   9     6     2          2.70       93.33       95.50          0.57
 920720  10     6     4          4.93       48.93       51.65          1.13
 920720  11     0     0          0.00        0.00        0.00          0.00
 920720  12    20    10          5.97      127.95      133.92          3.90
 920720  13    18    10          3.25      105.30      108.55          6.87
 920720  14    44    22         65.73      361.40      425.25         11.27
 920720  15    24    12         55.20      137.20      192.40          9.53
 920720  16    34    10          7.67      164.35      172.02          7.47
 920720  17    20    10          4.40      177.27      181.10          6.87
 920720  18    14     8          3.32       95.22       98.53          4.00
 920720  19    14     8          3.05      100.67      103.72          5.67
 920720  20    10     8          3.30       75.85       79.15          6.20
 920720  21    20     8          3.85      120.63      124.35          5.83
 920720  22    26    10          4.30      125.98      129.92          7.20
 920720  23    24     8          4.52       87.33       91.78          3.80
 920720  24    16    10          2.83       95.10       97.93          5.10
1
 
                   MAX
            TOTAL  SIM                MAXIMUM CPS                   CONNECT
 DATE  HOUR USERS USERS            IN         OUT       TOTAL         HOURS
 
 
 920721   1    30     8          7.57      101.43      109.00          4.87
 920721   2    20     6          5.77       83.13       86.93          3.70
 920721   3     8     6          4.92      138.83      143.75          2.70
 920721   4     8     4          3.23      113.37      116.45          0.70
 920721   5    12     6          6.42      163.87      167.72          3.23
 920721   6    14     4          3.85      104.73      107.15          3.83
 920721   7    10     6          4.25       95.38       98.35          3.30
 920721   8     4     4          4.25       63.05       67.30          2.03
 920721   9     6     4          2.27      115.40      117.55          2.63
 920721  10     8     6          2.95      112.25      114.78          3.20
 920721  11     4     2          1.88       27.95       29.32          0.57
 920721  12    12    10          5.12      146.10      151.22          3.07
 920721  13    70    38         16.42      256.45      272.87         21.15
 920721  14    44    26         12.63      223.82      236.00         13.33
 920721  15    44    18         12.47      224.33      230.75         10.37
 920721  16    58    38         14.77      467.28      482.05         15.73
 920721  17    26    20          9.40      208.33      217.73         11.53
 920721  18    44    28         20.73      389.80      410.53         13.93
 920721  19     4     4          1.70       38.57       40.27          4.00
 920721  20     4     4          1.70       38.57       40.27          0.40
 920721  21     4     4          1.78       30.63       32.42          0.77
 920721  22    34    12          9.07      145.38      151.63          7.27
 920721  23    20    10          5.97      106.82      109.35          2.80
 920721  24    18    10          4.97      155.57      159.63          6.00
1
 
                   MAX
            TOTAL  SIM                MAXIMUM CPS                   CONNECT
 DATE  HOUR USERS USERS            IN         OUT       TOTAL         HOURS
 
 
 920722   1    18     8          3.55      112.40      115.95          6.00
 920722   2    16     8          3.72      131.18      134.90          3.63
 920722   3    32    10         10.88      141.15      145.77          6.95
 920722   4    22     8          9.33       96.60      103.67          4.47
 920722   5     6     4          4.22       36.68       40.90          2.23
 920722   6    10     4          3.80       86.20       88.23          3.03
 920722   7     4     4          2.12       74.72       76.83          2.03
 920722   8     6     2          1.78       63.07       64.47          1.03
 920722   9     2     2          4.25        5.85       10.10          0.20
 920722  10     8     6          4.62      131.77      136.38          2.87
 920722  11    18     6          5.10      138.85      143.95          3.53
 920722  12    26    10          4.85      106.63      111.48          4.97
 920722  13    38    18          9.90      229.88      236.97          9.83
 920722  14    24    12          5.92      193.08      199.00          6.80
 920722  15    18     8          4.82      128.10      132.92          3.73
 920722  16    22    10          6.68      120.92      127.60          4.80
 920722  17    18     8          4.12       94.28       97.33          5.37
 920722  18    40    18          9.52      197.23      206.75          7.93
 920722  19    46    20          9.15      171.98      176.60         13.37
 920722  20    20    12          4.27      129.37      133.63          9.13
 920722  21    22    10          4.40      121.13      124.65          7.80
 920722  22    26     8          6.08       87.17       92.55          4.77
 920722  23    10     6          8.13       67.20       71.88          1.60
 920722  24    16    10          8.68      129.57      134.70          3.03
1
 
                   MAX
            TOTAL  SIM                MAXIMUM CPS                   CONNECT
 DATE  HOUR USERS USERS            IN         OUT       TOTAL         HOURS
 
 
 920723   1    12     6          3.82       80.90       83.50          3.17
 920723   2    16     6          2.60       80.90       83.50          2.63
 920723   3    20    10          9.18      165.83      175.02          6.50
 920723   4    12     6          6.35       92.82       99.17          0.73
 920723   5    10     4          3.63      106.62      109.58          2.27
 920723   6    16     8          7.73      146.25      153.98          2.83
 920723   7     0     0          0.00        0.00        0.00          0.00
 920723   8     2     2          1.67       68.08       69.75          0.73
 920723   9     6     2          1.67       68.08       69.75          0.73
 920723  10    10     4          2.92       36.00       38.18          1.70
 920723  11    10     6          2.22      115.38      117.60          3.17
 920723  12    24     8          4.77      138.95      141.73          5.30
 920723  13    38    18          9.47      298.18      307.58         12.00
 920723  14    26    10          6.40      152.35      157.62          6.90
 920723  15    18     6          3.32      100.87      103.07          4.53
 920723  16    16     8          3.32      124.67      127.77          4.77
 920723  17    16    10          4.43      152.13      156.57          3.67
 920723  18    12     6          2.77      128.80      131.23          4.23
 920723  19     8     4          2.53       93.37       95.15          2.27
 920723  20     4     4          1.53       58.30       59.83          3.47
 920723  21     6     6          2.57       59.78       62.35          2.80
 920723  22     4     2          1.50       24.22       25.72          0.37
 920723  23     2     2          2.37       29.38       31.75          0.77
 920723  24     4     4          6.25       58.45       64.70          0.30
1     MAXIMUM OF MAXIMUM SIMULTANEOUS USERS
 
 
                   MAX
            TOTAL  SIM                MAXIMUM CPS                   CONNECT
 DATE  HOUR USERS USERS            IN         OUT       TOTAL         HOURS
 
 920721  13    70    38         16.42      256.45      272.87         21.15
 
 
     MAXIMUM OF CONNECT HOURS
 
 
                   MAX
            TOTAL  SIM                MAXIMUM CPS                   CONNECT
 DATE  HOUR USERS USERS            IN         OUT       TOTAL         HOURS
 
 920721  13    70    38         16.42      256.45      272.87         21.15
1
