1
 
                   MAX
            TOTAL  SIM                MAXIMUM CPS                   CONNECT
 DATE  HOUR USERS USERS            IN         OUT       TOTAL         HOURS
 
 
 910610   1     4     3         11.90       81.42       93.32          0.48
 910610   2     8     3         25.63      145.07      166.18          0.67
 910610   3     4     2         20.90       70.32       85.45          1.38
 910610   4     1     1          1.55        6.78        8.33          0.18
 910610   5     0     0          0.00        0.00        0.00          0.00
 910610   6     1     1          0.00        0.00        0.00          0.02
 910610   7     2     1         10.38       32.22       42.60          0.23
 910610   8     4     3         36.73       64.82      101.55          1.13
 910610   9     7     3         25.68       37.55       60.43          1.78
 910610  10    10     2         25.68       62.63       83.33          1.47
 910610  11     2     2         15.17       36.40       51.57          0.15
 910610  12     0     0          0.00        0.00        0.00          0.00
 910610  13     0     0          0.00        0.00        0.00          0.00
 910610  14     4     3         20.83       44.87       65.70          1.03
 910610  15     1     1          8.70       24.05       32.75          0.05
 910610  16     1     1         12.47       18.92       31.38          0.17
 910610  17     1     1          2.65       10.45       13.10          1.00
 910610  18     1     1          2.65       10.45       13.10          0.80
 910610  19     0     0          0.00        0.00        0.00          0.00
 910610  20     0     0          0.00        0.00        0.00          0.00
 910610  21     1     1          6.87       32.45       39.32          0.18
 910610  22     0     0          0.00        0.00        0.00          0.00
 910610  23     0     0          0.00        0.00        0.00          0.00
 910610  24     1     1         11.92       71.58       83.50          0.07
1
 
                   MAX
            TOTAL  SIM                MAXIMUM CPS                   CONNECT
 DATE  HOUR USERS USERS            IN         OUT       TOTAL         HOURS
 
 
 910611   1    11     3         20.00       94.87      114.87          1.03
 910611   2     6     3         23.77      134.10      157.87          0.70
 910611   3     2     1          4.72       35.67       40.27          0.42
 910611   4     0     0          0.00        0.00        0.00          0.00
 910611   5     0     0          0.00        0.00        0.00          0.00
 910611   6     4     2         11.93       22.37       34.30          0.60
 910611   7     7     3         25.33       52.98       78.32          2.13
 910611   8     7     2         14.25       40.68       54.92          1.15
 910611   9     1     1          6.35       18.33       24.68          0.48
 910611  10     2     1         20.57       44.73       61.28          0.18
 910611  11     0     0          0.00        0.00        0.00          0.00
 910611  12     2     1         20.15       29.07       49.22          0.38
 910611  13     1     1          2.62       18.75       21.37          0.32
 910611  14     3     1          9.30       55.30       64.60          0.37
 910611  15     2     1          7.03       12.40       18.93          0.07
 910611  16     2     1          9.43       20.73       30.17          0.67
 910611  17     1     1          5.60       11.88       17.48          0.73
 910611  18     1     1          5.60       11.88       17.48          0.18
 910611  19     0     0          0.00        0.00        0.00          0.00
 910611  20     0     0          0.00        0.00        0.00          0.00
 910611  21     0     0          0.00        0.00        0.00          0.00
 910611  22     0     0          0.00        0.00        0.00          0.00
 910611  23     1     1          7.07       35.13       42.20          0.08
 910611  24     0     0          0.00        0.00        0.00          0.00
1
 
                   MAX
            TOTAL  SIM                MAXIMUM CPS                   CONNECT
 DATE  HOUR USERS USERS            IN         OUT       TOTAL         HOURS
 
 
 910612   1     7     2         28.37       84.40      112.77          0.97
 910612   2     3     2         30.37      135.97      166.33          0.23
 910612   3     1     1          8.02       11.78       19.80          0.15
 910612   4     2     2         15.00       44.03       59.03          0.58
 910612   5     0     0          0.00        0.00        0.00          0.00
 910612   6     1     1         10.87       13.18       24.05          0.23
 910612   7     2     1          5.22       21.37       26.58          0.27
 910612   8     4     2         13.22       43.18       56.40          0.38
 910612   9     7     4         44.95      114.45      159.40          2.08
 910612  10     3     2         26.78       60.37       87.15          1.15
 910612  11     0     0          0.00        0.00        0.00          0.00
 910612  12     0     0          0.00        0.00        0.00          0.00
 910612  13     2     1          4.03       24.80       28.83          0.22
 910612  14     2     1          5.82       19.53       25.35          0.42
 910612  15     1     1          0.02        0.45        0.47          1.00
 910612  16     1     1          0.02        0.45        0.47          1.00
 910612  17     1     1          0.02        0.45        0.47          1.00
 910612  18     1     1          0.02        0.45        0.47          1.00
 910612  19     1     1          0.02        0.45        0.47          1.00
 910612  20     1     1          0.02        0.45        0.47          1.00
 910612  21     1     1          0.02        0.45        0.47          1.00
 910612  22     2     2          0.12        0.82        0.93          1.07
 910612  23     1     1          0.02        0.45        0.47          1.00
 910612  24     1     1          0.02        0.45        0.47          0.98
1
 
                   MAX
            TOTAL  SIM                MAXIMUM CPS                   CONNECT
 DATE  HOUR USERS USERS            IN         OUT       TOTAL         HOURS
 
 
 910613   1    25     4         29.25      106.20      135.45          2.28
 910613   2     7     5         30.75      169.87      200.62          1.78
 910613   3     1     1          0.02        0.45        0.47          1.00
 910613   4     1     1          0.02        0.45        0.47          1.00
 910613   5     1     1          0.02        0.45        0.47          1.00
 910613   6     4     2          6.08       32.65       38.67          1.45
 910613   7     6     4         12.20       87.77       98.80          2.48
 910613   8     6     3         25.05       82.85      107.90          1.83
 910613   9     9     5         55.08      116.10      171.18          3.58
 910613  10     8     6         30.30      104.15      134.45          2.42
 910613  11     1     1          0.02        0.45        0.47          1.00
 910613  12     1     1          0.02        0.45        0.47          1.00
 910613  13     1     1          0.02        0.45        0.47          1.00
 910613  14     2     2         19.37       37.63       57.00          1.15
 910613  15     4     3          8.62       24.08       32.70          1.95
 910613  16     3     2          4.63       24.48       29.12          1.13
 910613  17     1     1          0.02        0.45        0.47          1.00
 910613  18     1     1          0.02        0.45        0.47          1.00
 910613  19     1     1          0.02        0.45        0.47          1.00
 910613  20     1     1          0.02        0.45        0.47          0.73
 910613  21     0     0          0.00        0.00        0.00          0.00
 910613  22     0     0          0.00        0.00        0.00          0.00
 910613  23     0     0          0.00        0.00        0.00          0.00
 910613  24     0     0          0.00        0.00        0.00          0.00
1
 
                   MAX
            TOTAL  SIM                MAXIMUM CPS                   CONNECT
 DATE  HOUR USERS USERS            IN         OUT       TOTAL         HOURS
 
 
 910614   1    16     2         20.07       54.42       73.18          0.85
 910614   2     8     6         51.95      257.67      309.62          1.37
 910614   3     0     0          0.00        0.00        0.00          0.00
 910614   4     1     1         19.05       29.60       48.65          0.17
 910614   5     1     1         19.05       29.60       48.65          0.07
 910614   6     3     2         14.55       44.75       59.30          0.37
 910614   7     2     1          8.75       18.88       23.63          0.98
 910614   8    11     3         54.38       93.98      148.37          1.28
 910614   9     9     3         54.38       93.98      148.37          1.88
 910614  10     6     3         29.75       80.08      109.83          0.85
 910614  11     1     1          0.08        0.85        0.93          0.40
 910614  12     1     1          0.08        0.85        0.93          1.00
 910614  13     1     1          0.08        0.85        0.93          1.00
 910614  14     2     2          6.05       28.95       35.00          1.30
 910614  15     4     3         15.17       53.55       68.72          2.03
 910614  16     3     3         15.17       53.55       68.72          1.33
 910614  17     0     0          0.00        0.00        0.00          0.00
 910614  18     0     0          0.00        0.00        0.00          0.00
 910614  19     0     0          0.00        0.00        0.00          0.00
 910614  20     0     0          0.00        0.00        0.00          0.00
 910614  21     0     0          0.00        0.00        0.00          0.00
 910614  22     0     0          0.00        0.00        0.00          0.00
 910614  23     0     0          0.00        0.00        0.00          0.00
 910614  24     0     0          0.00        0.00        0.00          0.00
1     MAXIMUM OF MAXIMUM SIMULTANEOUS USERS
 
 
                   MAX
            TOTAL  SIM                MAXIMUM CPS                   CONNECT
 DATE  HOUR USERS USERS            IN         OUT       TOTAL         HOURS
 
 910613  10     8     6         30.30      104.15      134.45          2.42
 
 
     MAXIMUM OF CONNECT HOURS
 
 
                   MAX
            TOTAL  SIM                MAXIMUM CPS                   CONNECT
 DATE  HOUR USERS USERS            IN         OUT       TOTAL         HOURS
 
 910613   9     9     5         55.08      116.10      171.18          3.58
1
  