1
 
                   MAX
            TOTAL  SIM                MAXIMUM CPS                   CONNECT
 DATE  HOUR USERS USERS            IN         OUT       TOTAL         HOURS
 
 
 910527   1     0     0          0.00        0.00        0.00          0.00
 910527   2     0     0          0.00        0.00        0.00          0.00
 910527   3     0     0          0.00        0.00        0.00          0.00
 910527   4     0     0          0.00        0.00        0.00          0.00
 910527   5     0     0          0.00        0.00        0.00          0.00
 910527   6     0     0          0.00        0.00        0.00          0.00
 910527   7     0     0          0.00        0.00        0.00          0.00
 910527   8     0     0          0.00        0.00        0.00          0.00
 910527   9     0     0          0.00        0.00        0.00          0.00
 910527  10     0     0          0.00        0.00        0.00          0.00
 910527  11     0     0          0.00        0.00        0.00          0.00
 910527  12     0     0          0.00        0.00        0.00          0.00
 910527  13     0     0          0.00        0.00        0.00          0.00
 910527  14     1     1          0.40        6.45        6.85          0.05
 910527  15     1     1          0.67        9.73       10.40          0.03
 910527  16     1     1          0.67        9.73       10.40          0.02
 910527  17     1     1          0.42        9.67       10.08          0.03
 910527  18     2     1          0.42       14.00       14.38          0.17
 910527  19     0     0          0.00        0.00        0.00          0.00
 910527  20     0     0          0.00        0.00        0.00          0.00
 910527  21     0     0          0.00        0.00        0.00          0.00
 910527  22     0     0          0.00        0.00        0.00          0.00
 910527  23     0     0          0.00        0.00        0.00          0.00
 910527  24     0     0          0.00        0.00        0.00          0.00
1
 
                   MAX
            TOTAL  SIM                MAXIMUM CPS                   CONNECT
 DATE  HOUR USERS USERS            IN         OUT       TOTAL         HOURS
 
 
 910528   1     0     0          0.00        0.00        0.00          0.00
 910528   2     0     0          0.00        0.00        0.00          0.00
 910528   3     0     0          0.00        0.00        0.00          0.00
 910528   4     0     0          0.00        0.00        0.00          0.00
 910528   5     0     0          0.00        0.00        0.00          0.00
 910528   6     1     1          0.53       63.42       63.95          0.10
 910528   7     0     0          0.00        0.00        0.00          0.00
 910528   8     0     0          0.00        0.00        0.00          0.00
 910528   9     0     0          0.00        0.00        0.00          0.00
 910528  10     0     0          0.00        0.00        0.00          0.00
 910528  11     0     0          0.00        0.00        0.00          0.00
 910528  12     3     1          0.82       12.20       13.02          0.08
 910528  13     0     0          0.00        0.00        0.00          0.00
 910528  14     0     0          0.00        0.00        0.00          0.00
 910528  15     0     0          0.00        0.00        0.00          0.00
 910528  16     2     1          0.65        9.48       10.13          0.08
 910528  17     2     2          1.38       26.12       27.50          0.30
 910528  18     2     1          0.48       16.08       16.57          0.18
 910528  19     1     1          0.72       19.05       19.77          0.10
 910528  20     1     1          1.07       18.73       19.80          0.03
 910528  21     0     0          0.00        0.00        0.00          0.00
 910528  22     0     0          0.00        0.00        0.00          0.00
 910528  23     0     0          0.00        0.00        0.00          0.00
 910528  24     0     0          0.00        0.00        0.00          0.00
1
 
                   MAX
            TOTAL  SIM                MAXIMUM CPS                   CONNECT
 DATE  HOUR USERS USERS            IN         OUT       TOTAL         HOURS
 
 
 910529   1     0     0          0.00        0.00        0.00          0.00
 910529   2     0     0          0.00        0.00        0.00          0.00
 910529   3     1     1          2.27       34.57       36.83          0.18
 910529   4     1     1          2.27       34.57       36.83          0.45
 910529   5     2     2         14.38       60.28       74.67          0.12
 910529   6     0     0          0.00        0.00        0.00          0.00
 910529   7     1     1          2.55       42.47       45.02          0.05
 910529   8     1     1          2.55       42.47       45.02          0.63
 910529   9     1     1          0.00        0.00        0.00          0.02
 910529  10     0     0          0.00        0.00        0.00          0.00
 910529  11     0     0          0.00        0.00        0.00          0.00
 910529  12     0     0          0.00        0.00        0.00          0.00
 910529  13     0     0          0.00        0.00        0.00          0.00
 910529  14     0     0          0.00        0.00        0.00          0.00
 910529  15     2     1          1.03       17.70       18.73          0.08
 910529  16     0     0          0.00        0.00        0.00          0.00
 910529  17     0     0          0.00        0.00        0.00          0.00
 910529  18     0     0          0.00        0.00        0.00          0.00
 910529  19     1     1          0.48        8.33        8.82          0.05
 910529  20     1     1          1.07       18.80       19.87          0.03
 910529  21     1     1          0.20        7.10        7.30          0.10
 910529  22     0     0          0.00        0.00        0.00          0.00
 910529  23     0     0          0.00        0.00        0.00          0.00
 910529  24     0     0          0.00        0.00        0.00          0.00
1
 
                   MAX
            TOTAL  SIM                MAXIMUM CPS                   CONNECT
 DATE  HOUR USERS USERS            IN         OUT       TOTAL         HOURS
 
 
 910530   1     0     0          0.00        0.00        0.00          0.00
 910530   2     0     0          0.00        0.00        0.00          0.00
 910530   3     0     0          0.00        0.00        0.00          0.00
 910530   4     0     0          0.00        0.00        0.00          0.00
 910530   5     0     0          0.00        0.00        0.00          0.00
 910530   6     0     0          0.00        0.00        0.00          0.00
 910530   7     0     0          0.00        0.00        0.00          0.00
 910530   8     0     0          0.00        0.00        0.00          0.00
 910530   9     0     0          0.00        0.00        0.00          0.00
 910530  10     0     0          0.00        0.00        0.00          0.00
 910530  11     0     0          0.00        0.00        0.00          0.00
 910530  12     0     0          0.00        0.00        0.00          0.00
 910530  13     1     1          0.42        2.55        2.97          0.28
 910530  14     1     1          0.47       19.25       19.72          0.08
 910530  15     0     0          0.00        0.00        0.00          0.00
 910530  16     2     1          1.07       18.65       19.72          0.10
 910530  17     0     0          0.00        0.00        0.00          0.00
 910530  18     0     0          0.00        0.00        0.00          0.00
 910530  19     2     1          0.48       17.15       17.58          0.17
 910530  20     2     1          1.08       18.42       19.50          0.05
 910530  21     0     0          0.00        0.00        0.00          0.00
 910530  22     0     0          0.00        0.00        0.00          0.00
 910530  23     0     0          0.00        0.00        0.00          0.00
 910530  24     0     0          0.00        0.00        0.00          0.00
1
 
                   MAX
            TOTAL  SIM                MAXIMUM CPS                   CONNECT
 DATE  HOUR USERS USERS            IN         OUT       TOTAL         HOURS
 
 
 910531   1     0     0          0.00        0.00        0.00          0.00
 910531   2     0     0          0.00        0.00        0.00          0.00
 910531   3     0     0          0.00        0.00        0.00          0.00
 910531   4     0     0          0.00        0.00        0.00          0.00
 910531   5     0     0          0.00        0.00        0.00          0.00
 910531   6     0     0          0.00        0.00        0.00          0.00
 910531   7     0     0          0.00        0.00        0.00          0.00
 910531   8     0     0          0.00        0.00        0.00          0.00
 910531   9     0     0          0.00        0.00        0.00          0.00
 910531  10     0     0          0.00        0.00        0.00          0.00
 910531  11     0     0          0.00        0.00        0.00          0.00
 910531  12     0     0          0.00        0.00        0.00          0.00
 910531  13     2     1          2.67       23.05       25.72          0.83
 910531  14     2     1          0.45        9.27        9.72          0.12
 910531  15     0     0          0.00        0.00        0.00          0.00
 910531  16     0     0          0.00        0.00        0.00          0.00
 910531  17     0     0          0.00        0.00        0.00          0.00
 910531  18     0     0          0.00        0.00        0.00          0.00
 910531  19     1     1          0.18        3.35        3.53          0.10
 910531  20     2     1          1.08       18.53       19.62          0.08
 910531  21     0     0          0.00        0.00        0.00          0.00
 910531  22     0     0          0.00        0.00        0.00          0.00
 910531  23     0     0          0.00        0.00        0.00          0.00
 910531  24     0     0          0.00        0.00        0.00          0.00
1     MAXIMUM OF MAXIMUM SIMULTANEOUS USERS
 
 
                   MAX
            TOTAL  SIM                MAXIMUM CPS                   CONNECT
 DATE  HOUR USERS USERS            IN         OUT       TOTAL         HOURS
 
 910528  17     2     2          1.38       26.12       27.50          0.30
 
 
     MAXIMUM OF CONNECT HOURS
 
 
                   MAX
            TOTAL  SIM                MAXIMUM CPS                   CONNECT
 DATE  HOUR USERS USERS            IN         OUT       TOTAL         HOURS
 
 910531  13     2     1          2.67       23.05       25.72          0.83
1
  