1
 
                   MAX
            TOTAL  SIM                MAXIMUM CPS                   CONNECT
 DATE  HOUR USERS USERS            IN         OUT       TOTAL         HOURS
 
 
 910503   1    10     3          4.42       43.23       47.65          0.72
 910503   2     2     1          3.18       45.32       45.62          0.22
 910503   3     3     2          5.80       51.17       56.97          0.75
 910503   4     4     2          4.22       52.35       56.57          0.75
 910503   5     0     0          0.00        0.00        0.00          0.00
 910503   6     3     2          0.87       10.38       11.25          0.15
 910503   7     0     0          0.00        0.00        0.00          0.00
 910503   8     0     0          0.00        0.00        0.00          0.00
 910503   9     1     1          1.05        5.95        7.00          0.03
 910503  10     0     0          0.00        0.00        0.00          0.00
 910503  11     3     1          4.42       35.48       38.65          0.10
 910503  12     3     1          0.52        4.15        4.67          0.10
 910503  13     9     2          4.98       37.88       42.87          0.88
 910503  14    27    10          5.92      103.70      109.62          3.48
 910503  15    51     8          9.63      107.95      115.28          5.37
 910503  16    39    10          7.30       81.95       89.25          5.12
 910503  17    36     8          7.92      108.35      116.27          4.18
 910503  18    22     7          5.73       65.55       69.92          2.78
 910503  19    18     8          9.83      124.08      133.92          4.05
 910503  20    27     9         14.07      148.12      162.18          3.13
 910503  21    73    13         26.33      240.35      265.97          7.57
 910503  22    26     6          9.97      112.82      122.78          2.80
 910503  23    15     5          6.83       84.82       90.73          2.12
 910503  24     7     2          1.62       13.93       15.55          0.42
1
 
                   MAX
            TOTAL  SIM                MAXIMUM CPS                   CONNECT
 DATE  HOUR USERS USERS            IN         OUT       TOTAL         HOURS
 
 
 910504   1     9     1          4.82       45.78       50.60          0.37
 910504   2     4     3          7.40       57.02       64.42          0.48
 910504   3     5     2          7.75       58.42       66.17          0.47
 910504   4     1     1          0.55        7.53        8.08          0.05
 910504   5     2     1          3.18       38.87       42.05          0.12
 910504   6     2     2          3.77       40.47       44.23          0.57
 910504   7     1     1          3.27       35.77       39.03          0.43
 910504   8     0     0          0.00        0.00        0.00          0.00
 910504   9     0     0          0.00        0.00        0.00          0.00
 910504  10     0     0          0.00        0.00        0.00          0.00
 910504  11     0     0          0.00        0.00        0.00          0.00
 910504  12     0     0          0.00        0.00        0.00          0.00
 910504  13     0     0          0.00        0.00        0.00          0.00
 910504  14     0     0          0.00        0.00        0.00          0.00
 910504  15     1     1          0.60        6.68        7.28          0.03
 910504  16     0     0          0.00        0.00        0.00          0.00
 910504  17     0     0          0.00        0.00        0.00          0.00
 910504  18     1     1          0.75        6.18        6.93          0.03
 910504  19     3     1          1.50       12.08       13.58          0.08
 910504  20     1     1          1.50       12.08       13.58          0.03
 910504  21     0     0          0.00        0.00        0.00          0.00
 910504  22     1     1          0.33        4.98        5.32          0.07
 910504  23     0     0          0.00        0.00        0.00          0.00
 910504  24     0     0          0.00        0.00        0.00          0.00
1
 
                   MAX
            TOTAL  SIM                MAXIMUM CPS                   CONNECT
 DATE  HOUR USERS USERS            IN         OUT       TOTAL         HOURS
 
 
 910505   1     0     0          0.00        0.00        0.00          0.00
 910505   2     0     0          0.00        0.00        0.00          0.00
 910505   3     0     0          0.00        0.00        0.00          0.00
 910505   4     0     0          0.00        0.00        0.00          0.00
 910505   5     0     0          0.00        0.00        0.00          0.00
 910505   6     0     0          0.00        0.00        0.00          0.00
 910505   7     0     0          0.00        0.00        0.00          0.00
 910505   8     0     0          0.00        0.00        0.00          0.00
 910505   9     0     0          0.00        0.00        0.00          0.00
 910505  10     0     0          0.00        0.00        0.00          0.00
 910505  11     0     0          0.00        0.00        0.00          0.00
 910505  12     0     0          0.00        0.00        0.00          0.00
 910505  13     0     0          0.00        0.00        0.00          0.00
 910505  14     0     0          0.00        0.00        0.00          0.00
 910505  15     0     0          0.00        0.00        0.00          0.00
 910505  16     0     0          0.00        0.00        0.00          0.00
 910505  17     0     0          0.00        0.00        0.00          0.00
 910505  18     0     0          0.00        0.00        0.00          0.00
 910505  19     0     0          0.00        0.00        0.00          0.00
 910505  20     0     0          0.00        0.00        0.00          0.00
 910505  21     1     1          0.78        7.45        8.23          0.08
 910505  22     0     0          0.00        0.00        0.00          0.00
 910505  23     0     0          0.00        0.00        0.00          0.00
 910505  24     0     0          0.00        0.00        0.00          0.00
1
 
                   MAX
            TOTAL  SIM                MAXIMUM CPS                   CONNECT
 DATE  HOUR USERS USERS            IN         OUT       TOTAL         HOURS
 
 
 910506   1     0     0          0.00        0.00        0.00          0.00
 910506   2     0     0          0.00        0.00        0.00          0.00
 910506   3     0     0          0.00        0.00        0.00          0.00
 910506   4     0     0          0.00        0.00        0.00          0.00
 910506   5     0     0          0.00        0.00        0.00          0.00
 910506   6     0     0          0.00        0.00        0.00          0.00
 910506   7     1     1          5.83       22.38       28.22          0.15
 910506   8     0     0          0.00        0.00        0.00          0.00
 910506   9     0     0          0.00        0.00        0.00          0.00
 910506  10     1     1          3.03       33.98       37.02          0.03
 910506  11     1     1          0.52        3.35        3.87          0.03
 910506  12     3     1          0.52        4.12        4.63          0.10
 910506  13     8     3          5.95       45.48       51.43          0.87
 910506  14    25    10          5.15       82.78       87.93          3.67
 910506  15    49    11         12.38      165.52      177.90          6.52
 910506  16    32     9          9.40      125.60      134.90          4.65
 910506  17    38     7          7.83      102.23      108.95          4.12
 910506  18    32     7          4.22       73.18       77.23          5.17
 910506  19    43     9         10.58      122.17      132.75          6.82
 910506  20    37     8         10.18      125.80      133.62          5.15
 910506  21    66    14         20.40      205.03      223.53          8.43
 910506  22    27     8          9.87       78.80       88.67          1.97
 910506  23    10     4          3.53       46.18       49.55          0.77
 910506  24     8     2          4.30       39.22       43.52          0.52
1
 
                   MAX
            TOTAL  SIM                MAXIMUM CPS                   CONNECT
 DATE  HOUR USERS USERS            IN         OUT       TOTAL         HOURS
 
 
 910507   1    10     3          7.38       87.28       91.98          0.50
 910507   2     1     1          4.42       30.10       34.52          0.03
 910507   3     2     1          3.47       38.00       41.47          0.83
 910507   4     4     1          3.47       38.00       41.47          0.25
 910507   5     0     0          0.00        0.00        0.00          0.00
 910507   6     2     1          3.17       38.88       42.05          0.08
 910507   7     2     1          3.17       38.88       42.05          0.10
 910507   8     1     1          3.88       36.40       40.28          0.22
 910507   9     0     0          0.00        0.00        0.00          0.00
 910507  10     1     1          3.03       34.03       37.07          0.02
 910507  11     1     1          0.52        3.35        3.87          0.02
 910507  12     4     1          0.53        5.58        6.12          0.07
 910507  13    11     6          6.32       56.85       63.17          1.62
 910507  14    25     9         12.63      110.10      122.73          3.88
 910507  15    47    11         14.72      179.08      193.80          6.30
 910507  16    53    10         12.22      141.53      151.70          5.93
 910507  17    47     9         10.70      128.63      139.33          4.50
 910507  18    37     9          7.78      104.72      112.20          5.93
 910507  19    38     9          9.22      107.58      115.38          5.43
 910507  20    41     8         12.07      144.07      156.13          5.72
 910507  21    75    13         26.28      235.32      261.60          8.02
 910507  22    18     7          4.00       42.42       46.42          1.42
 910507  23     0     0          0.00        0.00        0.00          0.00
 910507  24     0     0          0.00        0.00        0.00          0.00
1     MAXIMUM OF MAXIMUM SIMULTANEOUS USERS
 
 
                   MAX
            TOTAL  SIM                MAXIMUM CPS                   CONNECT
 DATE  HOUR USERS USERS            IN         OUT       TOTAL         HOURS
 
 910506  21    66    14         20.40      205.03      223.53          8.43
 
 
     MAXIMUM OF CONNECT HOURS
 
 
                   MAX
            TOTAL  SIM                MAXIMUM CPS                   CONNECT
 DATE  HOUR USERS USERS            IN         OUT       TOTAL         HOURS
 
 910506  21    66    14         20.40      205.03      223.53          8.43
1
  