1
 
                   MAX
            TOTAL  SIM                MAXIMUM CPS                   CONNECT
 DATE  HOUR USERS USERS            IN         OUT       TOTAL         HOURS
 
 
 910429   1     0     0          0.00        0.00        0.00          0.00
 910429   2     0     0          0.00        0.00        0.00          0.00
 910429   3     0     0          0.00        0.00        0.00          0.00
 910429   4     0     0          0.00        0.00        0.00          0.00
 910429   5     0     0          0.00        0.00        0.00          0.00
 910429   6     1     1          1.00        5.97        6.97          0.02
 910429   7     1     1          5.88       22.55       28.43          0.15
 910429   8     1     1          0.40        3.45        3.85          0.05
 910429   9     0     0          0.00        0.00        0.00          0.00
 910429  10     0     0          0.00        0.00        0.00          0.00
 910429  11     2     1          3.17       36.65       39.82          0.05
 910429  12     4     2          0.53        5.92        6.45          0.62
 910429  13     7     2          5.02       40.10       45.12          0.28
 910429  14    22     7         10.63       95.82      106.30          3.00
 910429  15    76    12         17.02      182.57      199.17          6.95
 910429  16   142    12         15.52       97.95      111.20          6.92
 910429  17   145    10          9.98      106.10      116.08          6.10
 910429  18    46    12         13.75      173.23      186.98          5.35
 910429  19    53    10          7.58      132.02      139.60          6.22
 910429  20    49    12         12.13      147.47      153.67          7.95
 910429  21    82    14         19.88      197.57      215.40          8.70
 910429  22    28     7          7.03       84.17       88.87          3.45
 910429  23    14     5          2.22       23.82       26.03          1.53
 910429  24    10     4          3.53       27.75       31.28          1.45
1
 
                   MAX
            TOTAL  SIM                MAXIMUM CPS                   CONNECT
 DATE  HOUR USERS USERS            IN         OUT       TOTAL         HOURS
 
 
 910430   1     9     2          3.78       69.37       72.07          0.62
 910430   2     2     1          4.82       46.98       51.80          0.07
 910430   3     2     2          6.00       59.17       65.17          1.05
 910430   4     1     1          3.18       39.12       42.30          0.07
 910430   5     2     1          1.38       15.05       16.43          0.08
 910430   6     0     0          0.00        0.00        0.00          0.00
 910430   7     0     0          0.00        0.00        0.00          0.00
 910430   8     1     1          1.02        5.82        6.83          0.02
 910430   9     2     1          4.28       40.40       44.68          0.23
 910430  10     1     1          0.60        5.02        5.62          0.07
 910430  11     2     1          3.30       36.38       39.68          0.05
 910430  12     4     1          0.67        4.15        4.67          0.07
 910430  13     8     3          2.90       36.78       39.68          0.98
 910430  14    31    13         11.80      157.08      168.88          5.83
 910430  15    53    12         17.37      226.27      243.17          8.72
 910430  16    46    11         15.52      179.15      194.67          6.82
 910430  17    44    10         19.15      201.70      217.70          6.62
 910430  18    45     8         17.30      175.02      190.43          5.43
 910430  19    56    11         13.00      157.63      170.63          8.20
 910430  20    48    10         14.12      175.83      189.38          7.38
 910430  21    72    21         34.37      368.68      403.05          9.37
 910430  22    29    10          8.95      110.18      119.13          2.92
 910430  23     3     2          3.12       41.77       44.88          0.27
 910430  24     2     2          1.27        6.48        7.75          0.08
1
 
                   MAX
            TOTAL  SIM                MAXIMUM CPS                   CONNECT
 DATE  HOUR USERS USERS            IN         OUT       TOTAL         HOURS
 
 
 910501   1    10     2          8.72       84.17       92.88          0.62
 910501   2     1     1          4.42       30.23       34.65          0.03
 910501   3     3     3         10.88       88.78       99.67          1.35
 910501   4     4     2          3.18       39.17       42.35          0.33
 910501   5     0     0          0.00        0.00        0.00          0.00
 910501   6     1     1          4.27       40.45       44.72          0.22
 910501   7     0     0          0.00        0.00        0.00          0.00
 910501   8     0     0          0.00        0.00        0.00          0.00
 910501   9     0     0          0.00        0.00        0.00          0.00
 910501  10     1     1          1.07        6.00        7.07          0.03
 910501  11     2     1          3.17       35.35       38.52          0.05
 910501  12     5     1          3.77       27.58       31.35          0.17
 910501  13    11     4          9.72      100.03      109.75          1.43
 910501  14    28    10         12.23      151.65      163.88          4.05
 910501  15    22    10         15.28      175.57      190.43          5.55
 910501  16    54    12         16.75      189.55      206.30          7.67
 910501  17    48    12         17.07      199.15      216.22          6.60
 910501  18    40    10         11.43      131.07      142.47          6.25
 910501  19    31    10          9.70      126.30      136.00          6.35
 910501  20    51    11         16.45      195.68      209.43          6.33
 910501  21    66    12         19.60      204.07      223.67          7.18
 910501  22    40     8          6.97       84.13       90.63          3.83
 910501  23    10     3          2.77       76.00       78.77          0.88
 910501  24     7     2          2.43       12.17       14.48          0.32
1
 
                   MAX
            TOTAL  SIM                MAXIMUM CPS                   CONNECT
 DATE  HOUR USERS USERS            IN         OUT       TOTAL         HOURS
 
 
 910502   1     6     1          5.08       19.43       24.52          0.13
 910502   2     4     1          4.42       30.32       34.73          0.27
 910502   3     2     2          4.20       36.80       41.00          0.18
 910502   4     2     1          1.58       14.78       16.18          0.15
 910502   5     0     0          0.00        0.00        0.00          0.00
 910502   6     0     0          0.00        0.00        0.00          0.00
 910502   7     2     2         92.30      109.65      201.95          0.50
 910502   8     2     2         91.90       98.88      190.78          0.72
 910502   9     0     0          0.00        0.00        0.00          0.00
 910502  10     0     0          0.00        0.00        0.00          0.00
 910502  11     2     1          3.17       33.88       37.05          0.03
 910502  12     3     1          0.52        4.18        4.70          0.18
 910502  13    10     3          8.85       82.33       91.18          1.88
 910502  14    32    10          8.07      107.05      113.20          4.27
 910502  15    62    12         11.70      162.00      173.25          8.72
 910502  16    44    13         14.23      158.10      172.33          6.93
 910502  17    39    10          7.72      129.18      135.33          5.50
 910502  18    35     9          8.93      138.37      147.30          4.53
 910502  19    51    10         10.92      125.48      136.40          5.52
 910502  20    44     9         10.28      131.55      141.83          6.07
 910502  21    70    16         25.72      254.48      280.20          7.08
 910502  22    23     6          5.27       58.53       63.80          2.33
 910502  23    11     3          2.42       32.15       34.57          1.03
 910502  24     9     2          1.87       17.77       19.63          1.27
1
 
                   MAX
            TOTAL  SIM                MAXIMUM CPS                   CONNECT
 DATE  HOUR USERS USERS            IN         OUT       TOTAL         HOURS
 
 
 910503   1    10     3          4.42       43.23       47.65          0.72
 910503   2     2     1          3.18       45.32       45.62          0.22
 910503   3     3     2          5.80       51.17       56.97          0.75
 910503   4     4     2          4.22       52.35       56.57          0.75
 910503   5     0     0          0.00        0.00        0.00          0.00
 910503   6     3     2          0.87       10.38       11.25          0.15
 910503   7     0     0          0.00        0.00        0.00          0.00
 910503   8     0     0          0.00        0.00        0.00          0.00
 910503   9     1     1          1.05        5.95        7.00          0.03
 910503  10     0     0          0.00        0.00        0.00          0.00
 910503  11     3     1          4.42       35.48       38.65          0.10
 910503  12     3     1          0.52        4.15        4.67          0.10
 910503  13     9     2          4.98       37.88       42.87          0.88
 910503  14    27    10          5.92      103.70      109.62          3.48
 910503  15    51     8          9.63      107.95      115.28          5.37
 910503  16    39    10          7.30       81.95       89.25          5.12
 910503  17    36     8          7.92      108.35      116.27          4.18
 910503  18    22     7          5.73       65.55       69.92          2.78
 910503  19    18     8          9.83      124.08      133.92          4.05
 910503  20    27     9         14.07      148.12      162.18          3.13
 910503  21    73    13         26.33      240.35      265.97          7.57
 910503  22    26     6          9.97      112.82      122.78          2.80
 910503  23    15     5          6.83       84.82       90.73          2.12
 910503  24     6     2          0.85       12.38       13.23          0.38
1     MAXIMUM OF MAXIMUM SIMULTANEOUS USERS
 
 
                   MAX
            TOTAL  SIM                MAXIMUM CPS                   CONNECT
 DATE  HOUR USERS USERS            IN         OUT       TOTAL         HOURS
 
 910430  21    72    21         34.37      368.68      403.05          9.37
 
 
     MAXIMUM OF CONNECT HOURS
 
 
                   MAX
            TOTAL  SIM                MAXIMUM CPS                   CONNECT
 DATE  HOUR USERS USERS            IN         OUT       TOTAL         HOURS
 
 910430  21    72    21         34.37      368.68      403.05          9.37
1
  