1
 
                   MAX
            TOTAL  SIM                MAXIMUM CPS                   CONNECT
 DATE  HOUR USERS USERS            IN         OUT       TOTAL         HOURS
 
 
 910617   1     0     0          0.00        0.00        0.00          0.00
 910617   2     0     0          0.00        0.00        0.00          0.00
 910617   3     0     0          0.00        0.00        0.00          0.00
 910617   4     0     0          0.00        0.00        0.00          0.00
 910617   5     0     0          0.00        0.00        0.00          0.00
 910617   6     0     0          0.00        0.00        0.00          0.00
 910617   7     0     0          0.00        0.00        0.00          0.00
 910617   8     0     0          0.00        0.00        0.00          0.00
 910617   9     0     0          0.00        0.00        0.00          0.00
 910617  10     0     0          0.00        0.00        0.00          0.00
 910617  11     0     0          0.00        0.00        0.00          0.00
 910617  12     2     2          0.40       18.23       18.63          0.13
 910617  13     6     6          0.63       29.20       29.83          4.55
 910617  14    10     8          0.97       52.53       53.50          6.13
 910617  15     8     8          0.97       52.53       53.50          7.50
 910617  16     6     6          0.43       20.83       21.27          6.00
 910617  17     8     8         42.38       52.32       94.70          6.07
 910617  18     8     8          0.98       28.70       29.68          6.33
 910617  19     8     8          0.98       28.70       29.68          8.00
 910617  20     8     8          0.98       28.70       29.68          6.57
 910617  21     8     6         30.60       27.83       49.47          2.90
 910617  22    14     6        104.23       62.68      166.92          2.33
 910617  23     0     0          0.00        0.00        0.00          0.00
 910617  24     2     2          1.72      116.87      118.58          0.60
1
 
                   MAX
            TOTAL  SIM                MAXIMUM CPS                   CONNECT
 DATE  HOUR USERS USERS            IN         OUT       TOTAL         HOURS
 
 
 910618   1     0     0          0.00        0.00        0.00          0.00
 910618   2     0     0          0.00        0.00        0.00          0.00
 910618   3     0     0          0.00        0.00        0.00          0.00
 910618   4     0     0          0.00        0.00        0.00          0.00
 910618   5     0     0          0.00        0.00        0.00          0.00
 910618   6     0     0          0.00        0.00        0.00          0.00
 910618   7     0     0          0.00        0.00        0.00          0.00
 910618   8     0     0          0.00        0.00        0.00          0.00
 910618   9     0     0          0.00        0.00        0.00          0.00
 910618  10     0     0          0.00        0.00        0.00          0.00
 910618  11     0     0          0.00        0.00        0.00          0.00
 910618  12     2     2          0.22       13.32       13.53          0.10
 910618  13     6     6          3.18       37.37       40.55          3.80
 910618  14     6     6         94.80       74.23      169.03          4.07
 910618  15     6     6          1.88       28.65       30.53          4.93
 910618  16    10     6         97.68       70.82      168.50          4.20
 910618  17     6     6          0.42       18.93       19.35          4.67
 910618  18     6     6          0.58       28.52       29.10          4.13
 910618  19     6     6          0.58       28.52       29.10          5.40
 910618  20    22     8          3.90      117.93      121.18          5.75
 910618  21    12     4        108.60       67.47      172.08          2.58
 910618  22     6     6         97.65       86.62      184.27          2.80
 910618  23     0     0          0.00        0.00        0.00          0.00
 910618  24     0     0          0.00        0.00        0.00          0.00
1
 
                   MAX
            TOTAL  SIM                MAXIMUM CPS                   CONNECT
 DATE  HOUR USERS USERS            IN         OUT       TOTAL         HOURS
 
 
 910619   1     0     0          0.00        0.00        0.00          0.00
 910619   2     0     0          0.00        0.00        0.00          0.00
 910619   3     0     0          0.00        0.00        0.00          0.00
 910619   4     0     0          0.00        0.00        0.00          0.00
 910619   5     0     0          0.00        0.00        0.00          0.00
 910619   6     0     0          0.00        0.00        0.00          0.00
 910619   7     0     0          0.00        0.00        0.00          0.00
 910619   8     0     0          0.00        0.00        0.00          0.00
 910619   9     0     0          0.00        0.00        0.00          0.00
 910619  10     0     0          0.00        0.00        0.00          0.00
 910619  11     0     0          0.00        0.00        0.00          0.00
 910619  12     0     0          0.00        0.00        0.00          0.00
 910619  13     3     2          0.25       13.50       13.75          1.85
 910619  14     6     4         78.18       63.27      141.45          2.10
 910619  15     4     4          1.48       77.28       78.77          2.33
 910619  16     6     6        131.02      153.45      284.47          2.47
 910619  17     2     2          0.25       13.50       13.75          2.00
 910619  18     2     2          0.25       13.50       13.75          2.00
 910619  19    10     6         53.28       84.90      103.62          2.30
 910619  20     6     6          8.22       84.58       92.80          3.78
 910619  21    10     4        154.78      117.97      272.75          2.60
 910619  22     2     2          2.10       33.10       35.20          2.00
 910619  23     8     4         99.15       88.03      187.18          2.12
 910619  24     2     2          2.43       29.83       32.27          1.97
1
 
                   MAX
            TOTAL  SIM                MAXIMUM CPS                   CONNECT
 DATE  HOUR USERS USERS            IN         OUT       TOTAL         HOURS
 
 
 910620   1     4     4        109.08       89.80      198.88          2.10
 910620   2     2     2          2.43       29.83       32.27          0.93
 910620   3     0     0          0.00        0.00        0.00          0.00
 910620   4    33     6          3.63       60.52       64.15          0.87
 910620   5     0     0          0.00        0.00        0.00          0.00
 910620   6     0     0          0.00        0.00        0.00          0.00
 910620   7     0     0          0.00        0.00        0.00          0.00
 910620   8     0     0          0.00        0.00        0.00          0.00
 910620   9     0     0          0.00        0.00        0.00          0.00
 910620  10     0     0          0.00        0.00        0.00          0.00
 910620  11     0     0          0.00        0.00        0.00          0.00
 910620  12     2     2          0.40       21.98       22.38          0.13
 910620  13    10     8        145.92      107.20      253.12          5.22
 910620  14    10     8         42.97       68.75      111.72          6.68
 910620  15    14    12          6.67      196.00      202.67         10.92
 910620  16    18    16         53.42      244.02      293.67         13.08
 910620  17    16    16         11.65      225.63      237.28         11.32
 910620  18    12    12          7.33      146.90      154.23         10.27
 910620  19    10    10          4.17       50.10       54.27         10.00
 910620  20    12    12         55.03       86.38      141.42          9.90
 910620  21    14    10        155.87      129.05      284.92          7.60
 910620  22    10     8        101.38       98.82      200.20          6.17
 910620  23     6     6          3.18       39.07       42.25          6.00
 910620  24     6     6          3.18       39.07       42.25          5.90
1
 
                   MAX
            TOTAL  SIM                MAXIMUM CPS                   CONNECT
 DATE  HOUR USERS USERS            IN         OUT       TOTAL         HOURS
 
 
 910621   1     6     6          3.18       39.07       42.25          5.93
 910621   2     4     4          0.00        1.00        1.00          4.00
 910621   3     4     4          0.00        1.00        1.00          4.00
 910621   4     4     4          0.00        1.00        1.00          4.00
 910621   5     4     4          0.00        1.00        1.00          4.00
 910621   6     4     4          0.00        1.00        1.00          4.00
 910621   7     4     4          0.00        1.00        1.00          4.00
 910621   8     4     4          0.00        1.00        1.00          4.00
 910621   9     4     4          0.00        1.00        1.00          4.00
 910621  10     4     4          0.00        1.00        1.00          4.00
 910621  11     4     4          0.00        1.00        1.00          4.00
 910621  12     6     6          0.33       21.53       21.87          4.13
 910621  13     8     6          0.37       22.00       22.37          5.80
 910621  14     4     4          0.37       21.12       21.48          4.00
 910621  15     6     6        102.28       82.57      184.85          4.07
 910621  16     8     6         47.42      114.77      116.77          4.37
 910621  17     4     4          0.37       21.12       21.48          4.00
 910621  18     6     4          1.75       77.23       78.98          2.23
 910621  19     2     2          0.80       43.48       44.28          0.77
 910621  20     4     2          3.92      161.15      165.07          1.25
 910621  21    10     5         79.85       52.75      126.97          1.03
 910621  22     8     4        130.67       78.72      209.38          2.00
 910621  23     0     0          0.00        0.00        0.00          0.00
 910621  24     0     0          0.00        0.00        0.00          0.00
1     MAXIMUM OF MAXIMUM SIMULTANEOUS USERS
 
 
                   MAX
            TOTAL  SIM                MAXIMUM CPS                   CONNECT
 DATE  HOUR USERS USERS            IN         OUT       TOTAL         HOURS
 
 910620  16    18    16         53.42      244.02      293.67         13.08
 
 
     MAXIMUM OF CONNECT HOURS
 
 
                   MAX
            TOTAL  SIM                MAXIMUM CPS                   CONNECT
 DATE  HOUR USERS USERS            IN         OUT       TOTAL         HOURS
 
 910620  16    18    16         53.42      244.02      293.67         13.08
1
  