1
 
                   MAX
            TOTAL  SIM                MAXIMUM CPS                   CONNECT
 DATE  HOUR USERS USERS            IN         OUT       TOTAL         HOURS
 
 
 920928   1    72    10        104.87      117.62      222.48          2.27
 920928   2    86    18        224.15      259.07      483.22          3.37
 920928   3    48     8        104.02      139.85      243.87          3.10
 920928   4    16     8         29.17       73.58      102.75          2.83
 920928   5    14     4         99.83      104.05      203.88          0.67
 920928   6    10     4        140.78      143.28      284.07          1.20
 920928   7    12     4          2.53       35.93       37.17          0.83
 920928   8    22    12          7.60       19.40       27.00          1.13
 920928   9    48     6        167.88      169.73      337.62          2.20
 920928  10   260    42       1474.92     1455.68     2930.60         17.63
 920928  11   400    82       2719.78     2703.28     5420.92         34.03
 920928  12   478   124       3844.72     3842.40     7687.12         57.90
 920928  13   972   168       4508.83     4519.08     9027.92        138.33
 920928  14  1282   192       3474.70     3936.70     7361.78        159.05
 920928  15  1739   218       2418.68     3700.25     5928.33        192.13
 920928  16  1826   216       1824.63     3677.73     5349.55        182.23
 920928  17  1799   198       1322.68     2727.33     3901.42        167.57
 920928  18  1849   184        912.65     2219.80     3104.12        150.97
 920928  19  2352   218       1517.00     2578.42     4046.37        179.58
 920928  20  2096   210       1251.12     2294.82     3506.02        174.78
 920928  21  2074   228       1321.60     2389.13     3421.18        170.15
 920928  22  1844   196       1362.48     2153.28     3474.78        146.17
 920928  23  1164   130       1206.43     1492.88     2666.05        103.00
 920928  24   907   108        945.88     1136.28     1978.47         73.33
1
 
                   MAX
            TOTAL  SIM                MAXIMUM CPS                   CONNECT
 DATE  HOUR USERS USERS            IN         OUT       TOTAL         HOURS
 
 
 920929   1   518    80        556.63      824.03     1375.23         42.37
 920929   2   304    48        579.50      641.35     1119.50         21.00
 920929   3    66    16        127.07      249.70      376.77          4.57
 920929   4    54    10        108.75      203.85      256.65          3.83
 920929   5    28     6         73.37       62.87       92.50          0.90
 920929   6     8     4         72.47       94.00      159.27          1.60
 920929   7    18     4         72.47       69.70      142.17          1.23
 920929   8    22     8          5.07       12.93       18.00          1.07
 920929   9    46    10        366.68      352.73      719.42          3.88
 920929  10   266    82       3149.33     2997.30     6146.63         40.28
 920929  11   426   100       3556.23     3402.55     6958.78         65.60
 920929  12   624   114       3823.22     3656.57     7479.78         79.20
 920929  13  1544   230       5428.77     5306.03    10734.80        169.92
 920929  14  2572   214       3930.15     4162.98     8058.12        173.78
 920929  15  3244   222       1940.53     2733.20     4592.63        182.83
 920929  16  3981   242       1445.57     2264.03     3651.82        199.28
 920929  17  3101   188       1057.80     1804.92     2862.72        152.43
 920929  18  3256   194        870.75     1523.70     2343.37        157.32
 920929  19  3235   284       1347.05     2826.13     3662.60        200.77
 920929  20  2658   316       1288.63     3441.72     4730.35        275.93
 920929  21  2440   281       1224.50     3112.02     4171.47        232.88
 920929  22  1983   222       1609.68     2304.93     3660.82        163.23
 920929  23  1176   146       1207.88     1303.98     2369.43        102.10
 920929  24   986   100        952.90     1166.55     1969.17         79.40
1
 
                   MAX
            TOTAL  SIM                MAXIMUM CPS                   CONNECT
 DATE  HOUR USERS USERS            IN         OUT       TOTAL         HOURS
 
 
 920930   1   494    76        919.10      926.38     1774.97         41.05
 920930   2   298    52        777.17      617.18     1394.35         19.47
 920930   3    88    18        103.68      203.80      263.90          9.50
 920930   4    36    10         85.03      109.97      195.00          2.30
 920930   5    16     6        113.50      107.02      220.52          0.73
 920930   6     8     2         72.72       70.25      142.97          0.27
 920930   7    18     4         72.72       70.25      142.97          1.00
 920930   8    18     6          3.85       10.80       14.65          1.00
 920930   9    46    20        703.32      677.37     1380.68          3.77
 920930  10   290    70       2637.52     2492.38     5129.90         38.48
 920930  11   438   100       3569.60     3469.43     7039.03         68.05
 920930  12   472   104       3371.02     3386.27     6688.87         71.80
 920930  13  1156   238       5065.40     5074.38    10084.32        167.85
 920930  14  1594   226       4156.30     4552.80     8709.10        199.85
 920930  15  1670   258       2185.15     3838.08     6019.92        201.37
 920930  16  1826   232       1278.58     2856.58     4055.10        192.13
 920930  17  1566   171        955.00     2111.23     3046.85        150.73
 920930  18  1734   186        882.32     1820.68     2581.92        154.02
 920930  19  2228   206       1328.58     2235.20     3523.82        162.68
 920930  20  2044   186       1054.62     2033.62     3088.23        164.60
 920930  21  2036   204       1212.85     2237.10     3124.47        158.80
 920930  22  1698   166       1036.00     1742.07     2700.52        125.20
 920930  23  1181   127       1019.15     1486.95     2506.10         91.03
 920930  24   854   100        774.00      991.17     1754.52         66.52
1
 
                   MAX
            TOTAL  SIM                MAXIMUM CPS                   CONNECT
 DATE  HOUR USERS USERS            IN         OUT       TOTAL         HOURS
 
 
 921001   1   470    60        604.52      607.28     1095.42         37.57
 921001   2   250    34        438.18      378.32      668.67         15.07
 921001   3    74    16        108.15      128.55      224.85          6.53
 921001   4    34     6         28.70       40.17       65.17          2.30
 921001   5    26     6         84.98       95.27      180.25          3.10
 921001   6    16     4         68.28       90.38      158.67          2.53
 921001   7    24     6         71.08       98.63      169.72          1.83
 921001   8    20     6          3.80        9.70       13.50          1.10
 921001   9    54    14        454.33      433.10      887.43          4.00
 921001  10   280    80       2920.58     2720.32     5640.90         40.30
 921001  11   430    90       3274.10     3108.23     6382.33         58.85
 921001  12   494    80       2749.42     2623.33     5372.75         55.63
 921001  13  1096   174       4821.05     4556.55     9367.48        126.30
 921001  14  1432   150       3369.83     3429.62     6799.45        125.10
 921001  15  1842   206       1808.42     2772.45     4454.85        161.83
 921001  16  1756   228       1885.87     3251.57     5133.57        172.90
 921001  17  1482   166       1201.38     2406.20     3607.58        127.13
 921001  18  1706   230       1083.85     2385.18     3469.03        145.18
 921001  19  2706   308       1519.07     2958.08     4471.03        193.23
 921001  20  2070   236       1717.75     3060.18     4761.48        167.17
 921001  21  1906   188       1423.58     2455.93     3879.52        153.10
 921001  22  1648   166       1521.60     2039.80     3533.40        128.40
 921001  23  1070   116       1816.63     2073.57     3890.20         79.20
 921001  24   788    90       1544.35     1672.68     3217.03         62.37
1
 
                   MAX
            TOTAL  SIM                MAXIMUM CPS                   CONNECT
 DATE  HOUR USERS USERS            IN         OUT       TOTAL         HOURS
 
 
 921002   1   416    98       1502.75     1654.82     3157.57         36.87
 921002   2   272    40        864.73      761.78     1561.33         19.10
 921002   3    66    14        149.12      208.57      352.17          4.93
 921002   4    40     8         83.63       91.27      174.90          1.97
 921002   5    28    10        125.57      154.37      279.93          1.02
 921002   6    10     2         71.28       62.70      133.98          0.37
 921002   7    12     2        100.83       97.35      198.18          0.93
 921002   8    20     6         10.13       16.20       22.05          0.97
 921002   9    74    10          6.47       19.80       26.27          4.50
 921002  10   498   152       4561.30     4357.90     8919.20         46.10
 921002  11   498   130       3948.10     3746.60     7694.70         66.57
 921002  12   532    90       2945.35     2846.93     5792.28         66.30
 921002  13  1110   282       5032.07     5183.68    10215.75        177.80
 921002  14  1722   310       5028.65     5280.48    10172.45        235.12
 921002  15  1646   220       2950.15     3724.43     6674.58        186.60
 921002  16  1644   176       2185.73     2938.92     4960.67        149.45
 921002  17  1526   160       2372.77     3591.82     5964.58        127.03
 921002  18  1558   158       2405.95     3161.50     5567.45        124.13
 921002  19  2140   210       1235.18     2346.77     3403.07        145.47
 921002  20  1952   172       1463.13     2101.82     3557.00        135.63
 921002  21  2052   166       1361.17     1834.02     2974.55        143.35
 921002  22  1798   152       1654.03     1831.30     3485.33        109.93
 921002  23  1138   130       1824.13     1787.45     3611.58         76.27
 921002  24   834    87       1566.48     1623.48     3189.97         55.28
1     MAXIMUM OF MAXIMUM SIMULTANEOUS USERS
 
 
                   MAX
            TOTAL  SIM                MAXIMUM CPS                   CONNECT
 DATE  HOUR USERS USERS            IN         OUT       TOTAL         HOURS
 
 920929  20  2658   316       1288.63     3441.72     4730.35        275.93
 
 
     MAXIMUM OF CONNECT HOURS
 
 
                   MAX
            TOTAL  SIM                MAXIMUM CPS                   CONNECT
 DATE  HOUR USERS USERS            IN         OUT       TOTAL         HOURS
 
 920929  20  2658   316       1288.63     3441.72     4730.35        275.93
1
  