1
 
                   MAX
            TOTAL  SIM                MAXIMUM CPS                   CONNECT
 DATE  HOUR USERS USERS            IN         OUT       TOTAL         HOURS
 
 
 920914   1    80    12         17.60       89.50      102.15          4.33
 920914   2    78    12         79.03       80.50      159.53          3.20
 920914   3    40     6        107.02      121.37      228.38          1.60
 920914   4    18     6         10.58       21.80       32.38          1.07
 920914   5    12     6         71.75       79.95      151.70          0.67
 920914   6    14     4          4.95       10.18       15.13          0.53
 920914   7    14     4          2.53        6.47        9.00          0.57
 920914   8    14     6          3.80        9.70       13.50          0.63
 920914   9    34     6         78.53       86.17      164.70          1.10
 920914  10   242    30        479.45      498.72      978.17         10.13
 920914  11   330    38        671.42      685.68     1357.10         15.67
 920914  12   396    84       2753.35     2759.85     5493.85         46.07
 920914  13   899   138       3360.63     3431.95     6792.58        104.43
 920914  14  1211   210       2774.42     3911.00     6685.42        158.52
 920914  15  1508   198       1830.23     2932.68     4625.75        166.90
 920914  16  1394   182       1622.37     2642.42     4225.03        145.27
 920914  17  1668   196       1112.60     2432.32     3523.23        149.70
 920914  18  1778   188       1055.17     2213.97     3201.35        146.30
 920914  19  2102   208       1250.48     2345.97     3517.78        161.18
 920914  20  1884   192        990.97     1992.38     2936.40        150.67
 920914  21  1906   204       1221.60     2093.58     3101.87        154.40
 920914  22  1602   174       1596.53     2068.02     3664.55        124.27
 920914  23  1098   144       1069.20     1293.12     2362.32         87.67
 920914  24   840   104        849.78      922.27     1772.05         59.10
1
 
                   MAX
            TOTAL  SIM                MAXIMUM CPS                   CONNECT
 DATE  HOUR USERS USERS            IN         OUT       TOTAL         HOURS
 
 
 920915   1   452    72        734.53      789.75     1452.25         38.07
 920915   2   212    36        371.58      423.68      795.27         15.57
 920915   3    80    14        130.37      162.62      267.97          6.03
 920915   4    26     8         69.93       55.40      119.10          1.37
 920915   5    16     4         11.12       20.37       30.17          0.40
 920915   6    18     4        128.65      129.75      258.40          1.00
 920915   7     8     6        204.32      158.97      363.28          0.43
 920915   8    12     4          2.53        6.47        9.00          0.57
 920915   9    36     8        321.53      312.37      633.90          2.87
 920915  10   274    70       2542.82     2426.23     4969.05         33.27
 920915  11   430   120       4189.67     4092.60     8282.27         73.17
 920915  12   518   106       3712.90     3646.02     7358.92         87.97
 920915  13  1012   228       5159.43     5302.60    10462.03        164.00
 920915  14  1422   190       3580.28     4060.83     7641.12        167.92
 920915  15  1453   184       2147.02     3082.77     5148.53        157.45
 920915  16  1544   188       1395.67     2475.00     3694.13        151.85
 920915  17  1500   170       1184.92     2125.25     3310.17        133.35
 920915  18  1596   168        843.75     1778.58     2593.68        136.78
 920915  19  2153   212       1194.47     2541.22     3735.68        160.93
 920915  20  1984   202       1304.10     2364.55     3405.38        161.72
 920915  21  1888   170       1179.97     1847.55     3008.90        134.77
 920915  22  1596   170       1674.42     2304.17     3978.58        123.80
 920915  23  1042   130       1145.33     1466.12     2534.10         82.67
 920915  24   831    98        805.78     1244.70     2035.38         60.82
1
 
                   MAX
            TOTAL  SIM                MAXIMUM CPS                   CONNECT
 DATE  HOUR USERS USERS            IN         OUT       TOTAL         HOURS
 
 
 920916   1   364    46        699.63      601.48     1267.20         28.33
 920916   2   244    42        571.68      477.58     1008.48         15.07
 920916   3    66    14        229.77      161.97      391.73          5.00
 920916   4    32    10         35.27      138.43      152.17          2.67
 920916   5    22     4         86.13       88.72      174.85          0.83
 920916   6    12     4         75.50       72.92      148.42          0.57
 920916   7     8     4         72.70       71.50      144.20          0.53
 920916   8    14     6          3.80        9.70       13.50          0.73
 920916   9    60    10          6.33       16.17       22.50          3.50
 920916  10   616    86         51.45      131.12      182.57         32.93
 920916  11   778   130       4185.75     3967.57     8153.32         63.23
 920916  12   530   144       3841.22     3737.25     7578.47         69.23
 920916  13  1200   266       5163.50     5131.62    10283.05        220.85
 920916  14  1422   248       4716.90     4899.68     9616.58        182.93
 920916  15  1458   186       2441.27     3326.15     5722.98        157.13
 920916  16  1464   168       1384.45     2052.93     3402.38        139.35
 920916  17  1484   174       1004.05     2073.28     3077.33        130.23
 920916  18  1543   158        887.83     1848.45     2602.42        125.55
 920916  19  2078   198       1142.28     2267.03     3409.32        157.13
 920916  20  1761   168        987.72     1948.58     2798.07        143.27
 920916  21  1880   188       1497.88     2146.18     3441.12        151.73
 920916  22  1540   168       1453.75     1931.33     3297.88        114.67
 920916  23   970   102       1404.88     1533.73     2938.62         77.63
 920916  24   844   114       1724.00     1956.32     3680.32         74.37
1
 
                   MAX
            TOTAL  SIM                MAXIMUM CPS                   CONNECT
 DATE  HOUR USERS USERS            IN         OUT       TOTAL         HOURS
 
 
 920917   1   402    72        908.38     1047.53     1924.98         36.03
 920917   2   232    34        532.87      451.30      942.17         17.60
 920917   3    64    14        175.22      195.38      336.47          4.87
 920917   4    26    10         68.98       53.17       74.78          1.27
 920917   5    18     6        232.55      240.43      472.98          1.30
 920917   6    10     4        153.93      163.63      317.57          0.43
 920917   7    10     4        150.97      149.77      300.73          0.70
 920917   8    12     6          3.80        9.70       13.50          0.60
 920917   9    50    10          8.33       23.13       31.47          3.13
 920917  10   338    62       2267.50     2191.68     4459.18         31.67
 920917  11   410    72       2511.32     2457.25     4968.57         45.27
 920917  12   604    80       2223.22     2195.57     4418.78         52.57
 920917  13  1094   170       4003.83     3907.65     7911.48        110.23
 920917  14  1575   162       3134.65     3269.17     6403.82        133.83
 920917  15  1652   180       1654.45     2669.92     4135.43        149.70
 920917  16  1740   192       2049.83     3041.35     5091.18        166.83
 920917  17  1664   192       1225.85     2353.07     3578.92        154.82
 920917  18  1676   166       1049.87     2052.45     2765.12        136.23
 920917  19  2210   208       1300.80     2491.43     3512.20        160.95
 920917  20  1832   198       1126.68     2367.13     3344.55        147.28
 920917  21  1608   160       1407.10     1967.63     3374.73        132.27
 920917  22  1482   156       1453.35     1931.95     3284.02        112.87
 920917  23  1036   128       1514.28     1721.42     3234.75         92.70
 920917  24   724    94       1491.58     1786.77     3261.62         59.07
1     MAXIMUM OF MAXIMUM SIMULTANEOUS USERS
 
 
                   MAX
            TOTAL  SIM                MAXIMUM CPS                   CONNECT
 DATE  HOUR USERS USERS            IN         OUT       TOTAL         HOURS
 
 920916  13  1200   266       5163.50     5131.62    10283.05        220.85
 
 
     MAXIMUM OF CONNECT HOURS
 
 
                   MAX
            TOTAL  SIM                MAXIMUM CPS                   CONNECT
 DATE  HOUR USERS USERS            IN         OUT       TOTAL         HOURS
 
 920916  13  1200   266       5163.50     5131.62    10283.05        220.85
1
