1
 
                   MAX
            TOTAL  SIM                MAXIMUM CPS                   CONNECT
 DATE  HOUR USERS USERS            IN         OUT       TOTAL         HOURS
 
 
 920817   1   296    34        130.37      161.23      280.32         14.13
 920817   2   176    24        198.17      185.13      383.30          8.03
 920817   3    16     6        143.85      138.45      282.30          0.63
 920817   4    16     4         86.83       86.33      173.17          0.77
 920817   5    16     8         96.62      106.70      203.32          1.20
 920817   6     8     4        148.67      149.07      297.73          0.50
 920817   7     4     2          1.95        5.40        7.35          0.17
 920817   8    18     8          4.32       11.47       15.78          1.03
 920817   9    38    10          6.92       19.07       25.98          2.22
 920817  10   236    32       1023.30      983.37     2006.67         14.60
 920817  11   350    38        831.80      860.53     1692.33         19.80
 920817  12   422    84       2608.42     2597.35     5205.77         45.47
 920817  13  1014   150       2907.97     3053.25     5944.75        112.28
 920817  14  1371   254       2594.78     3155.78     5546.47        164.83
 920817  15  1740   338       1877.20     4035.77     5905.68        249.13
 920817  16  1866   258       1408.22     3179.45     4587.67        208.80
 920817  17  1756   206        961.65     2444.42     3209.40        161.00
 920817  18  1894   178       1110.78     2062.33     3126.38        156.67
 920817  19  2258   216       1322.87     2454.55     3742.30        180.17
 920817  20  2063   248       1067.82     2471.22     3539.03        191.30
 920817  21  2024   200       1325.22     1924.68     2980.08        160.53
 920817  22  1620   186       1151.40     2023.42     3150.18        123.23
 920817  23  1096   122       1161.60     1164.33     2325.93         85.20
 920817  24   836    86        693.37     1084.70     1778.07         61.40
1
 
                   MAX
            TOTAL  SIM                MAXIMUM CPS                   CONNECT
 DATE  HOUR USERS USERS            IN         OUT       TOTAL         HOURS
 
 
 920818   1   384    60        854.65      666.18     1479.47         28.90
 920818   2   236    30        496.43      299.60      747.33         15.57
 920818   3    50    10         64.75       80.48      134.20          4.07
 920818   4    42    10         33.47      100.87      117.62          2.23
 920818   5    18     6         10.12       42.22       48.77          1.23
 920818   6    10     2         82.65       82.08      164.73          0.43
 920818   7    10     4         80.47       77.80      158.27          0.67
 920818   8    20     6          5.17       16.93       22.10          0.90
 920818   9    46    22        805.13      780.75     1585.88          3.60
 920818  10   276    62       2205.08     2111.83     4316.92         30.60
 920818  11   426    84       2813.68     2710.78     5524.47         47.53
 920818  12   522    76       2408.20     2308.65     4716.85         45.97
 920818  13  1478   176       4282.10     4050.82     8332.92        125.53
 920818  14  1513   196       3085.82     4045.08     7130.90        168.40
 920818  15  1516   196       1764.03     2969.90     4624.75        159.73
 920818  16  1731   220       2166.07     3116.10     5282.17        173.32
 920818  17  1654   186       1184.43     2679.52     3833.20        150.30
 920818  18  1922   204        979.48     2156.95     2973.82        167.33
 920818  19  2192   206       1429.73     2390.22     3640.00        164.52
 920818  20  1896   204       1384.17     2582.67     3966.83        157.23
 920818  21  1862   164       1497.85    19849.93    20498.98        140.57
 920818  22  1448   142       1303.78     1704.03     3007.82        102.82
 920818  23   946   110       1276.08     1431.38     2680.92         82.75
 920818  24   736    90       1919.60     1958.38     3877.98         56.40
1
 
                   MAX
            TOTAL  SIM                MAXIMUM CPS                   CONNECT
 DATE  HOUR USERS USERS            IN         OUT       TOTAL         HOURS
 
 
 920819   1   374    64       1184.07     1060.22     2244.28         29.97
 920819   2   234    40       1112.97      717.85     1830.82         16.27
 920819   3   128    16        210.70      233.35      423.32          6.28
 920819   4    32    10        138.20       85.93      197.27          1.60
 920819   5    50    10          3.77        2.53        6.30          3.23
 920819   6    40    10          4.77        3.23        8.00          1.97
 920819   7     8     2          1.10        0.75        1.85          0.43
 920819   8    18     8          4.40        3.00        7.40          0.93
 920819   9    58    14          6.75        4.58       11.33          3.60
 920819  10   566    66        141.72      207.95      349.67         27.73
 920819  11  1086    90        575.58      570.00     1145.58         59.15
 920819  12   646    70        929.57      967.33     1896.90         31.43
 920819  13  1388   106       1447.97     1570.20     3018.17         72.65
 920819  14  1488   136        643.80     1409.60     2000.60        106.45
 920819  15  1622   158        786.42     1843.52     2613.33        121.35
 920819  16  1630   146        789.67     1677.82     2310.05        124.00
 920819  17  1530   142        782.78     1600.70     2185.02        116.73
 920819  18  1718   198        870.33     2164.72     3035.05        135.03
 920819  19  2238   246       1139.17     2661.73     3685.95        186.58
 920819  20  1940   210       1015.65     2187.32     3101.73        151.40
 920819  21  1741   152       1145.73     1609.20     2617.57        130.83
 920819  22  1526   136        890.40     1418.12     2240.13        100.03
 920819  23  1014    96        837.88      959.73     1728.03         71.57
 920819  24   742    82        735.98      702.52     1289.87         50.38
1
 
                   MAX
            TOTAL  SIM                MAXIMUM CPS                   CONNECT
 DATE  HOUR USERS USERS            IN         OUT       TOTAL         HOURS
 
 
 920820   1   350    48        451.08      456.58      848.02         21.57
 920820   2   196    24        419.22      248.05      600.18         10.95
 920820   3    40    10        295.48       54.62      331.77          2.27
 920820   4    32    10        173.38      180.28      353.67          1.23
 920820   5    24     6        144.65      146.87      291.52          2.33
 920820   6    10     4        165.67      171.82      337.48          0.60
 920820   7     8     4        102.27       99.63      201.90          0.47
 920820   8    18     6          3.80        9.70       13.50          0.97
 920820   9    42    22        785.75      764.53     1550.28          4.47
 920820  10   300   106       3695.52     3587.22     7282.73         54.57
 920820  11   498   132       4294.43     4196.63     8491.07         98.50
 920820  12   480   132       4207.53     4130.98     8338.52         89.00
 920820  13  1054   280       5673.02     5717.10    11342.87        204.20
 920820  14  1320   278       5547.97     5675.93    11223.90        185.40
 920820  15  1398   176       2479.83     3453.88     5914.47        149.83
 920820  16  1686   214       1938.88     2923.42     4805.75        158.90
 920820  17  1538   144       1284.17     1945.45     3211.92        119.37
 920820  18  1546   150        940.90     1859.12     2800.02        114.17
 920820  19  1984   172       1202.50     2034.53     3141.25        132.23
 920820  20  1706   162        888.23     1744.12     2632.35        124.30
 920820  21  1676   152       1081.82     1663.43     2706.25        123.22
 920820  22  1266   118        978.00     1194.60     2029.80         85.00
 920820  23   864    88        892.97     1037.60     1823.40         60.15
 920820  24   748    92        960.80      807.70     1643.13         50.87
1
 
                   MAX
            TOTAL  SIM                MAXIMUM CPS                   CONNECT
 DATE  HOUR USERS USERS            IN         OUT       TOTAL         HOURS
 
 
 920821   1   346    58       1005.62      698.15     1703.77         29.53
 920821   2   218    22        286.07      186.25      371.47          9.47
 920821   3    60    10         98.15      123.57      148.83          3.87
 920821   4    42    10         76.52      100.25      160.88          2.77
 920821   5    20     4         67.92       67.53      130.35          0.80
 920821   6    16     2         29.33       34.37       63.70          0.47
 920821   7     6     2          1.27        3.23        4.50          0.30
 920821   8    16     6         84.65       88.67      173.32          0.93
 920821   9    44    18        700.40      683.63     1384.03          3.17
 920821  10   290    92       3272.90     3185.85     6458.75         44.73
 920821  11   446   100       3800.07     3647.43     7447.50         64.27
 920821  12   480    96       3076.63     3015.02     6086.92         61.60
 920821  13   888   140       3990.52     4002.85     7993.37        115.93
 920821  14  1042   140       3330.23     3707.32     7037.55        114.47
 920821  15  1224   158       1871.88     2938.42     4810.30        123.50
 920821  16  1356   166       1240.32     2182.62     3136.03        127.63
 920821  17  1201   136        845.73     1548.08     2274.93        102.82
 920821  18  1500   138        955.25     1511.10     2250.37        108.90
 920821  19  1812   174       1062.52     2124.38     3012.62        125.93
 920821  20  1508   128        920.92     1421.32     2286.48        108.27
 920821  21  1542   146        891.10     1599.25     2300.88        110.87
 920821  22  1204   118       1100.27     1116.22     2115.82         78.35
 920821  23   736    70        499.17      667.92      995.12         51.80
 920821  24   589    72        801.38      607.62     1409.00         35.08
1     MAXIMUM OF MAXIMUM SIMULTANEOUS USERS
 
 
                   MAX
            TOTAL  SIM                MAXIMUM CPS                   CONNECT
 DATE  HOUR USERS USERS            IN         OUT       TOTAL         HOURS
 
 920817  15  1740   338       1877.20     4035.77     5905.68        249.13
 
 
     MAXIMUM OF CONNECT HOURS
 
 
                   MAX
            TOTAL  SIM                MAXIMUM CPS                   CONNECT
 DATE  HOUR USERS USERS            IN         OUT       TOTAL         HOURS
 
 920817  15  1740   338       1877.20     4035.77     5905.68        249.13
1
  