1
 
                   MAX
            TOTAL  SIM                MAXIMUM CPS                   CONNECT
 DATE  HOUR USERS USERS            IN         OUT       TOTAL         HOURS
 
 
 920810   1     0     0          0.00        0.00        0.00          0.00
 920810   2     0     0          0.00        0.00        0.00          0.00
 920810   3     0     0          0.00        0.00        0.00          0.00
 920810   4     0     0          0.00        0.00        0.00          0.00
 920810   5     0     0          0.00        0.00        0.00          0.00
 920810   6     0     0          0.00        0.00        0.00          0.00
 920810   7     0     0          0.00        0.00        0.00          0.00
 920810   8     0     0          0.00        0.00        0.00          0.00
 920810   9     0     0          0.00        0.00        0.00          0.00
 920810  10     0     0          0.00        0.00        0.00          0.00
 920810  11     0     0          0.00        0.00        0.00          0.00
 920810  12     0     0          0.00        0.00        0.00          0.00
 920810  13     0     0          0.00        0.00        0.00          0.00
 920810  14     0     0          0.00        0.00        0.00          0.00
 920810  15     0     0          0.00        0.00        0.00          0.00
 920810  16     1     1          1.12        0.65        1.77          0.03
 920810  17     0     0          0.00        0.00        0.00          0.00
 920810  18     0     0          0.00        0.00        0.00          0.00
 920810  19     0     0          0.00        0.00        0.00          0.00
 920810  20     0     0          0.00        0.00        0.00          0.00
 920810  21     0     0          0.00        0.00        0.00          0.00
 920810  22     0     0          0.00        0.00        0.00          0.00
 920810  23     0     0          0.00        0.00        0.00          0.00
 920810  24    38    20        343.57      104.35      424.12          1.57
1
 
                   MAX
            TOTAL  SIM                MAXIMUM CPS                   CONNECT
 DATE  HOUR USERS USERS            IN         OUT       TOTAL         HOURS
 
 
 920811   1   434    60        861.55      711.78     1571.78         37.72
 920811   2   220    36        863.22      289.38     1145.30         15.83
 920811   3    60    16         96.67      181.53      198.78          6.43
 920811   4    24    12         21.40       89.75      111.15          0.77
 920811   5    14     4         72.90       70.52      143.42          0.40
 920811   6    14     4         92.45       97.53      189.98          0.75
 920811   7     4     2          1.95        5.40        7.35          0.20
 920811   8    14     4          3.82        9.73       13.55          0.73
 920811   9   110    16          9.28       23.70       32.98          4.82
 920811  10   388   100       3624.78     3498.60     7123.38         45.60
 920811  11   452   100       3550.07     3439.55     6986.33         66.23
 920811  12   544   116       3356.27     3471.17     6827.43         75.63
 920811  13  1082   212       4895.97     5220.23    10063.05        154.53
 920811  14  1299   198       4048.17     4506.10     8477.25        154.37
 920811  15  1687   220       2158.47     3313.25     5471.72        190.75
 920811  16  1998   262       1728.63     3250.93     4955.30        210.45
 920811  17  1829   206       1508.93     2411.53     3706.60        169.88
 920811  18  2048   218       1061.07     2530.90     3495.87        178.82
 920811  19  2386   230       1236.15     2236.92     3371.87        179.72
 920811  20  2182   222       1294.08     2220.42     3498.65        177.02
 920811  21  2044   190       1244.07     1949.33     3105.65        162.82
 920811  22  1816   212       1407.28     2012.87     3293.72        152.63
 920811  23   952   118        769.72     1179.82     1659.82         76.70
 920811  24   699    78        840.98      717.42     1479.48         50.42
1
 
                   MAX
            TOTAL  SIM                MAXIMUM CPS                   CONNECT
 DATE  HOUR USERS USERS            IN         OUT       TOTAL         HOURS
 
 
 920812   1   358    62        726.85      730.37     1457.22         29.22
 920812   2   216    30        448.62      375.25      790.85         13.83
 920812   3    46     8        178.83      128.32      217.35          3.60
 920812   4    34    10        125.52       95.52      221.03          2.07
 920812   5    16     4         11.12       48.42       53.68          0.90
 920812   6     8     4         96.07      101.27      197.33          0.27
 920812   7     8     4        108.83      100.82      209.65          0.77
 920812   8    20     8          5.07       12.93       18.00          1.13
 920812   9    56    16        533.18      516.03     1049.22          4.10
 920812  10   262    82       2998.58     2917.15     5915.73         41.60
 920812  11   455   118       3900.03     3833.63     7733.67         76.77
 920812  12   490   126       3991.32     3898.67     7889.98         82.52
 920812  13  1020   240       4879.55     4949.10     9828.65        166.50
 920812  14  1272   234       4692.90     4858.20     9524.05        183.03
 920812  15  1522   200       2033.75     3219.48     5253.23        165.40
 920812  16  1588   170       1560.58     2449.02     3941.65        145.93
 920812  17  1588   176       1147.07     2229.45     3264.52        145.93
 920812  18  1656   154       1107.48     1804.98     2671.95        126.40
 920812  19  2034   174       1538.13     1986.67     3222.05        147.53
 920812  20  1731   174       1001.30     1875.78     2768.28        137.38
 920812  21  1744   166       1040.73     1616.18     2600.50        129.97
 920812  22  1505   142        986.02     1501.32     2441.60        102.68
 920812  23  1065   118        838.95     1075.38     1727.85         76.42
 920812  24   708    96        923.90      866.03     1635.90         51.12
1
 
                   MAX
            TOTAL  SIM                MAXIMUM CPS                   CONNECT
 DATE  HOUR USERS USERS            IN         OUT       TOTAL         HOURS
 
 
 920813   1   346    68        569.13      635.53     1164.00         26.03
 920813   2   252    38        416.97      339.42      633.18         15.00
 920813   3    62    10        103.00      100.40      157.80          3.83
 920813   4    32    10        132.67      133.88      266.55          1.40
 920813   5    18    10        402.90      411.02      813.92          2.73
 920813   6    10     4        168.98      169.13      337.88          2.23
 920813   7    14     6        237.92      237.68      475.60          0.93
 920813   8    12     4          3.85       10.80       14.65          0.67
 920813   9   122    22        812.82      798.43     1611.25          5.77
 920813  10   306    82       2984.37     2872.55     5856.92         39.10
 920813  11   448   118       3961.15     3875.65     7836.67         76.50
 920813  12   498   126       3935.43     3890.77     7826.20         86.50
 920813  13  1058   240       5001.53     4960.90     9949.82        176.42
 920813  14  1273   212       4409.72     4603.77     9001.38        169.65
 920813  15  1336   180       2108.55     3181.48     5290.03        146.13
 920813  16  1632   198       1856.55     3201.17     5057.72        158.35
 920813  17  1484   202       1445.73     2461.37     3885.03        143.23
 920813  18  1571   152       1201.72     1978.87     3022.95        121.12
 920813  19  1924   178       1135.13     1810.25     2925.67        133.70
 920813  20  1572   160       1206.02     1908.72     3114.73        124.93
 920813  21  1644   154       1188.12     1739.05     2927.17        125.48
 920813  22  1434   152       1383.22     1801.47     3116.80        105.70
 920813  23   951    94       1085.20     1352.32     2437.52         74.47
 920813  24   651    76        774.87      809.10     1536.20         40.30
1     MAXIMUM OF MAXIMUM SIMULTANEOUS USERS
 
 
                   MAX
            TOTAL  SIM                MAXIMUM CPS                   CONNECT
 DATE  HOUR USERS USERS            IN         OUT       TOTAL         HOURS
 
 920811  16  1998   262       1728.63     3250.93     4955.30        210.45
 
 
     MAXIMUM OF CONNECT HOURS
 
 
                   MAX
            TOTAL  SIM                MAXIMUM CPS                   CONNECT
 DATE  HOUR USERS USERS            IN         OUT       TOTAL         HOURS
 
 920811  16  1998   262       1728.63     3250.93     4955.30        210.45
1
