1
 
                   MAX
            TOTAL  SIM                MAXIMUM CPS                   CONNECT
 DATE  HOUR USERS USERS            IN         OUT       TOTAL         HOURS
 
 
 920907   1   238    20         84.83      117.45      180.33         10.07
 920907   2   254    22        102.48       96.42      171.93         10.90
 920907   3   108    16         29.40       42.62       70.35          8.23
 920907   4    88    16         18.58       28.75       47.33          8.97
 920907   5    92    14         28.62       36.85       65.47          8.30
 920907   6    74    14         19.12       33.63       49.48          6.50
 920907   7    12     4          2.53        6.47        9.00          0.57
 920907   8    10     4          2.53        6.47        9.00          0.47
 920907   9    26     8        345.63      328.10      673.73          1.97
 920907  10   220    50       1719.82     1669.47     3389.28         23.07
 920907  11   332    52       1894.48     1829.42     3723.90         24.80
 920907  12   132    30       1051.45      997.42     2048.87         10.73
 920907  13   184    34        886.38      864.97     1751.35         13.70
 920907  14   100    24        314.75      318.08      632.28         11.27
 920907  15   124    24        194.65      376.93      565.33         15.97
 920907  16   122    22        181.28      377.33      495.40         16.17
 920907  17   128    30        183.03      505.78      688.82         16.60
 920907  18   136    24         92.22      354.70      381.67         13.83
 920907  19   162    24         20.57      310.17      326.05         14.30
 920907  20   136    20        117.97      272.38      390.35         14.30
 920907  21   138    30        155.37      407.00      533.53         16.47
 920907  22   136    14        118.82      207.13      325.95          8.03
 920907  23   250    22        228.82      282.93      511.75         11.13
 920907  24   254    44        308.07      369.42      677.48         11.50
1
 
                   MAX
            TOTAL  SIM                MAXIMUM CPS                   CONNECT
 DATE  HOUR USERS USERS            IN         OUT       TOTAL         HOURS
 
 
 920908   1   110    12        183.48      206.13      388.55          3.70
 920908   2   132    10        115.58      158.55      268.90          4.33
 920908   3    24     8         85.95       81.75      167.70          1.17
 920908   4    18     4          7.80       68.88       76.68          0.57
 920908   5    14     4         10.13       20.37       30.27          0.40
 920908   6    12     2          4.95       10.18       15.13          0.30
 920908   7    14     4          2.53        6.47        9.00          0.83
 920908   8     4     2          1.27        3.23        4.50          0.17
 920908   9    32     4         15.07       20.67       35.73          0.77
 920908  10   216    16        122.80      149.05      271.85          5.30
 920908  11   294    34        649.48      634.48     1283.97         12.93
 920908  12   390   130       4156.98     4123.77     8280.75         59.82
 920908  13   946   198       4822.48     4731.23     9553.72        160.43
 920908  14  1308   222       4548.17     4962.40     9329.27        197.53
 920908  15  1443   217       2418.28     3605.13     5952.10        188.40
 920908  16  1594   212       1833.30     3064.77     4826.87        175.37
 920908  17  1674   194       1040.15     2327.07     3350.45        159.37
 920908  18  1772   226       1204.05     2448.87     3652.92        157.10
 920908  19  2252   246       1629.58     2574.40     4203.98        177.90
 920908  20  1782   186       1266.80     2185.93     3271.12        158.27
 920908  21  1793   176        987.63     1804.53     2661.33        151.02
 920908  22  1580   174       1273.98     1964.43     3217.73        118.57
 920908  23   861   102        901.57     1100.37     1897.55         62.53
 920908  24   898   104       1499.98      905.43     2314.93         65.52
1
 
                   MAX
            TOTAL  SIM                MAXIMUM CPS                   CONNECT
 DATE  HOUR USERS USERS            IN         OUT       TOTAL         HOURS
 
 
 920909   1   376    70        932.15      858.80     1682.08         39.40
 920909   2   258    44       1148.95      973.33     2122.28         21.47
 920909   3    58    12        386.62      310.50      697.12          4.67
 920909   4    38     8        210.55      189.93      400.48          2.20
 920909   5    22     8        143.30      134.23      269.75          1.23
 920909   6    20     8        310.55      289.45      600.00          2.90
 920909   7    18    10        411.28      389.90      801.18          3.57
 920909   8     6     2          1.95        5.40        7.35          0.30
 920909   9    54    14        578.92      545.75     1124.67          4.67
 920909  10   267   102       3679.32     3523.73     7203.05         46.90
 920909  11   440   126       4463.27     4367.80     8831.07         90.75
 920909  12   472   128       4467.87     4248.15     8716.02         95.62
 920909  13  1048   280       5914.93     5817.93    11732.87        204.22
 920909  14  1321   282       5671.90     5675.52    11325.92        191.63
 920909  15  1312   180       2125.42     2872.68     4905.12        150.37
 920909  16  1608   174       1695.40     2735.73     4375.58        151.43
 920909  17  1431   170       1352.68     2307.62     3563.85        132.93
 920909  18  1458   154        919.52     1980.90     2900.42        126.73
 920909  19  2152   186       1237.83     2185.22     3423.05        150.82
 920909  20  1814   184       1180.23     1778.85     2959.08        145.77
 920909  21  1712   176       1162.07     1899.87     3061.93        144.37
 920909  22  1644   182       1615.75     1976.92     3378.05        130.55
 920909  23  1057   135        909.45     1291.97     2082.62         89.72
 920909  24   758   102        816.93      754.62     1571.55         57.90
1
 
                   MAX
            TOTAL  SIM                MAXIMUM CPS                   CONNECT
 DATE  HOUR USERS USERS            IN         OUT       TOTAL         HOURS
 
 
 920910   1   448    70        524.47      788.87     1205.82         42.87
 920910   2   274    36        578.03      445.97      831.42         21.93
 920910   3    90    24        176.15      186.03      331.48          9.85
 920910   4    44    20         69.18      140.87      166.60          2.03
 920910   5    26     6         84.15       98.88      183.03          0.77
 920910   6    18     6        209.10      198.92      408.02          1.20
 920910   7    20     8        325.73      309.93      635.67          2.33
 920910   8    16     6          3.80        9.70       13.50          0.77
 920910   9    46    18        714.28      683.78     1398.07          4.80
 920910  10   296    72       2729.25     2607.33     5336.58         39.67
 920910  11   432   100       3494.12     3369.43     6863.55         67.18
 920910  12   490   104       3312.78     3188.10     6500.88         77.68
 920910  13  1056   258       5812.28     5769.92    11582.20        190.97
 920910  14  1350   228       4027.23     4397.13     8312.32        178.17
 920910  15  1496   220       2187.18     3174.95     5258.25        172.75
 920910  16  1602   202       1705.03     2881.05     4437.30        153.08
 920910  17  1403   158       1333.05     2274.12     3565.93        127.57
 920910  18  1698   178       1166.48     1901.98     3068.47        138.40
 920910  19  2082   198       1346.00     2150.58     3489.53        153.55
 920910  20  1790   192        996.45     1950.03     2809.58        154.50
 920910  21  1786   190       1249.08     1967.52     3117.13        157.45
 920910  22  1583   166       1348.52     2003.65     3352.17        120.22
 920910  23   998   124       1139.42     1498.92     2473.63         94.03
 920910  24   768    92        841.30      787.23     1628.53         56.90
1
 
                   MAX
            TOTAL  SIM                MAXIMUM CPS                   CONNECT
 DATE  HOUR USERS USERS            IN         OUT       TOTAL         HOURS
 
 
 920911   1   346    46        467.97      537.67      981.05         30.67
 920911   2   256    38        628.10      357.27      941.38         19.77
 920911   3    68    16        165.35      240.78      406.13          5.53
 920911   4    34    10         65.38      116.23      181.62          3.43
 920911   5    24     6         12.25       29.43       35.10          1.90
 920911   6    14     6         76.20       75.50      151.70          0.50
 920911   7    10     2         44.13       43.65       87.78          0.43
 920911   8    14     6          3.80        9.70       13.50          0.73
 920911   9    52    12        436.08      419.62      855.70          4.93
 920911  10   254    60       2139.88     2064.72     4204.60         29.63
 920911  11   428   136       4292.48     4279.78     8572.27         76.17
 920911  12   514   132       4091.55     4084.72     8176.27         93.53
 920911  13  1056   276       5163.62     5400.38    10543.78        204.68
 920911  14  1325   263       4789.63     5103.48     9892.00        178.07
 920911  15  1362   166       2021.15     2723.20     4744.35        140.77
 920911  16  1306   158       1312.00     2088.25     3400.25        121.20
 920911  17  1208   134       1271.60     1864.70     3136.30        111.00
 920911  18  1291   128        927.77     1471.62     2391.63         94.63
 920911  19  1768   170       1111.48     2001.83     3080.45        124.60
 920911  20  1644   174        949.12     1808.83     2736.15        130.08
 920911  21  1540   152        961.75     1529.35     2348.25        120.57
 920911  22  1370   152       1588.07     1692.85     3175.20        101.97
 920911  23   910   102       1077.22     1217.57     2230.78         73.97
 920911  24   647    76        726.53      855.88     1530.73         43.67
1     MAXIMUM OF MAXIMUM SIMULTANEOUS USERS
 
 
                   MAX
            TOTAL  SIM                MAXIMUM CPS                   CONNECT
 DATE  HOUR USERS USERS            IN         OUT       TOTAL         HOURS
 
 920909  14  1321   282       5671.90     5675.52    11325.92        191.63
 
 
     MAXIMUM OF CONNECT HOURS
 
 
                   MAX
            TOTAL  SIM                MAXIMUM CPS                   CONNECT
 DATE  HOUR USERS USERS            IN         OUT       TOTAL         HOURS
 
 920911  13  1056   276       5163.62     5400.38    10543.78        204.68
1
  