1
 
                   MAX
            TOTAL  SIM                MAXIMUM CPS                   CONNECT
 DATE  HOUR USERS USERS            IN         OUT       TOTAL         HOURS
 
 
 920720   1    90    20        141.32      172.47      313.78          3.93
 920720   2    60     8        186.30      221.48      407.78          2.20
 920720   3    20     4        104.42      105.63      210.05          0.77
 920720   4    18     6         42.93       47.40       90.33          0.67
 920720   5    14     4         15.95       20.67       36.62          0.30
 920720   6     6     2          4.95       10.18       15.13          0.17
 920720   7    14     4          1.68        4.30        5.98          0.67
 920720   8    16     8          4.22       10.77       14.98          0.80
 920720   9    40    12        275.12      272.92      548.03          1.87
 920720  10   206    28        620.97      633.48     1254.45         11.57
 920720  11   340    38        926.63      911.13     1837.77         20.77
 920720  12   402    90       2661.08     2718.30     5313.90         42.77
 920720  13   946   124       3039.87     3153.53     6134.25         99.60
 920720  14  1150   152       2383.60     3027.47     5359.60        127.87
 920720  15  1354   182       1770.67     2896.53     4667.20        147.97
 920720  16  1528   184       1376.75     2653.87     3822.92        150.40
 920720  17  1551   170       1014.90     2337.58     3352.48        143.97
 920720  18  1650   172       1032.33     2181.43     3213.77        129.98
 920720  19  2078   180       1129.23     2141.15     3197.92        146.50
 920720  20  1846   176       1151.98     1917.40     3064.37        141.47
 920720  21  1834   186       1145.37     1688.73     2758.70        150.18
 920720  22  1592   164       1348.10     1808.92     3100.62        129.37
 920720  23  1296   158       1443.47     1053.00     2467.35         99.07
 920720  24   723    86        707.83      767.82     1464.68         60.22
1
 
                   MAX
            TOTAL  SIM                MAXIMUM CPS                   CONNECT
 DATE  HOUR USERS USERS            IN         OUT       TOTAL         HOURS
 
 
 920721   1   406    76        745.35      618.18     1363.53         38.53
 920721   2   268    40        388.65      343.20      731.85         18.87
 920721   3    56    10         91.73      145.35      176.25          3.43
 920721   4    62    12         88.98       50.97      119.32          3.77
 920721   5    40    10         13.38       19.47       32.85          2.67
 920721   6    18     6         19.92       30.85       50.77          0.60
 920721   7    16     4         67.38       60.82      128.20          0.57
 920721   8     2     2          1.27        3.23        4.50          0.03
 920721   9    50    16        529.60      509.18     1038.72          3.43
 920721  10   264    80       2831.38     2737.40     5568.78         36.27
 920721  11   434   100       3486.02     3377.15     6863.17         61.83
 920721  12   500   102       3024.27     2997.62     5960.75         63.20
 920721  13  1032   182       4274.10     4583.15     8857.25        137.50
 920721  14  1203   167       3225.90     3349.92     6575.82        132.92
 920721  15  2393   332       2938.40     4559.08     7497.48        234.62
 920721  16  3631   420       3212.90     5711.63     8780.10        347.80
 920721  17  3865   464       2716.33     4860.08     7544.52        341.23
 920721  18  1553   440       2215.13     4739.63     6913.03        144.83
 920721  19     7     5         12.12       16.63       28.05          0.57
 920721  20     0     0          0.00        0.00        0.00          0.00
 920721  21   622   146       1098.73     1621.18     2635.07         35.92
 920721  22  1856   190       1613.55     2024.23     3637.78        140.83
 920721  23  1110   140       1138.93     1317.30     2456.23         83.03
 920721  24  1022    84        655.32      727.18     1371.82         55.70
1
 
                   MAX
            TOTAL  SIM                MAXIMUM CPS                   CONNECT
 DATE  HOUR USERS USERS            IN         OUT       TOTAL         HOURS
 
 
 920722   1   452    74        769.58      764.77     1380.32         29.07
 920722   2   250    38        680.45      357.63     1016.73         17.50
 920722   3    54    10        133.48      111.43      208.38          3.00
 920722   4    36    10         25.52       49.15       74.10          1.93
 920722   5    22     6         99.57      106.27      205.83          0.97
 920722   6    14     4         74.77       79.60      154.37          0.50
 920722   7    16     6        179.42      151.15      314.60          1.13
 920722   8    14     6          3.80        9.70       13.50          0.67
 920722   9    59    23        801.80      790.02     1591.82          4.25
 920722  10   282    80       2915.88     2799.80     5715.68         35.90
 920722  11   438    92       3304.42     3217.02     6521.43         60.33
 920722  12   430    90       2824.68     2784.28     5608.97         60.50
 920722  13  1024   176       4942.33     4871.27     9813.60        137.75
 920722  14  1184   164       3229.20     3695.68     6874.38        136.27
 920722  15  1299   154       2028.10     2587.92     4616.02        125.22
 920722  16  1460   162       1233.62     2129.92     3249.67        136.27
 920722  17  1518   164        997.63     1987.63     2851.40        124.77
 920722  18  1535   151        842.28     1707.97     2481.08        121.03
 920722  19  2091   252       1330.92     2256.33     3565.80        157.90
 920722  20  1672   170        848.08     1603.18     2418.33        133.78
 920722  21  1769   166       1214.08     1650.43     2680.33        131.83
 920722  22  1486   142       1242.20     1595.02     2593.92        103.43
 920722  23   940    92        669.77      865.25     1412.78         69.45
 920722  24   788    86        850.35      791.27     1504.45         56.47
1
 
                   MAX
            TOTAL  SIM                MAXIMUM CPS                   CONNECT
 DATE  HOUR USERS USERS            IN         OUT       TOTAL         HOURS
 
 
 920723   1   358    54        397.03      521.10      873.33         23.10
 920723   2   200    26        436.60      235.60      668.57         12.80
 920723   3    38     8         90.67       63.03      123.70          1.40
 920723   4    42    12         10.28       28.78       39.07          2.53
 920723   5    42    10          8.75       20.98       29.73          1.97
 920723   6     2     2          4.95       10.18       15.13          0.03
 920723   7    22     4         10.75       13.87       24.62          1.30
 920723   8    10     4          2.53        6.47        9.00          0.43
 920723   9   108    18         19.33       52.60       71.93          4.87
 920723  10   284    60       2156.72     2075.67     4232.38         28.50
 920723  11   398    94       3231.40     3132.02     6363.42         47.23
 920723  12   434    76       2505.53     2425.47     4931.00         54.33
 920723  13   961   186       5176.65     5123.15    10299.80        132.57
 920723  14  1178   172       3837.75     3923.43     7745.77        137.10
 920723  15  1243   156       1906.37     2336.18     4212.88        120.40
 920723  16  1407   150       1759.82     2418.42     4178.23        128.73
 920723  17  1454   146       1032.10     2009.97     2901.92        125.27
 920723  18  1589   157        954.68     1750.45     2705.13        121.95
 920723  19  1853   184        987.42     1920.80     2763.27        135.87
 920723  20  1752   180       1050.85     2039.15     3090.00        128.47
 920723  21  1688   170       1149.73     1700.38     2800.95        132.15
 920723  22  1506   156       1273.87     1662.70     2926.37        114.15
 920723  23   962   100       1032.03     1357.92     2307.88         79.08
 920723  24   751    88       1028.22     1109.55     2137.77         59.03
1
 
                   MAX
            TOTAL  SIM                MAXIMUM CPS                   CONNECT
 DATE  HOUR USERS USERS            IN         OUT       TOTAL         HOURS
 
 
 920724   1   380    64       1162.70     1021.88     2184.58         25.23
 920724   2   210    28        597.85      617.12     1214.97         13.23
 920724   3    56    18        225.40      232.70      458.10          4.10
 920724   4    38     8         88.15       98.37      186.52          2.30
 920724   5    26    10        115.92      143.45      256.80          1.17
 920724   6    10     4        138.12      138.68      276.80          0.47
 920724   7    14     6        201.72      190.27      391.98          1.03
 920724   8    12     6          3.80        9.70       13.50          0.50
 920724   9    54    16        586.95      572.02     1158.97          3.83
 920724  10   262    56       2242.32     2166.63     4408.95         25.00
 920724  11   402    78       2596.00     2573.78     5169.78         38.40
 920724  12   522    80       2050.92     2002.42     4053.33         43.63
 920724  13  1152   164       4018.48     3890.57     7909.05        109.60
 920724  14  1324   160       2214.75     2658.20     4739.53        136.57
 920724  15  1412   172       2390.42     3412.50     5802.92        132.77
 920724  16  1312   154       1445.25     2217.57     3557.62        125.75
 920724  17  1256   136       1271.05     2003.97     3252.08        104.67
 920724  18  1362   150       1068.52     1903.42     2971.93        105.37
 920724  19  1846   172       1552.08     2203.42     3735.72        135.38
 920724  20  1634   150       1112.45     1767.20     2795.60        121.03
 920724  21  1750   208       1434.82     1701.13     3135.95        127.02
 920724  22  1232   116       1126.22     1474.85     2601.07         84.07
 920724  23   798    92       1079.38     1292.28     2371.67         59.23
 920724  24   552    84       1815.22     1706.70     3521.92         40.97
1     MAXIMUM OF MAXIMUM SIMULTANEOUS USERS
 
 
                   MAX
            TOTAL  SIM                MAXIMUM CPS                   CONNECT
 DATE  HOUR USERS USERS            IN         OUT       TOTAL         HOURS
 
 920721  17  3865   464       2716.33     4860.08     7544.52        341.23
 
 
     MAXIMUM OF CONNECT HOURS
 
 
                   MAX
            TOTAL  SIM                MAXIMUM CPS                   CONNECT
 DATE  HOUR USERS USERS            IN         OUT       TOTAL         HOURS
 
 920721  16  3631   420       3212.90     5711.63     8780.10        347.80
1
  