1
 
                   MAX
            TOTAL  SIM                MAXIMUM CPS                   CONNECT
 DATE  HOUR USERS USERS            IN         OUT       TOTAL         HOURS
 
 
 920713   1    86    12        124.85      146.63      262.08          4.30
 920713   2    78    10        110.43      116.60      227.03          1.97
 920713   3    24     4         94.60       90.25      184.85          1.12
 920713   4    22     4         79.28       83.95      163.23          1.80
 920713   5    52     8         35.78       43.37       79.15          2.40
 920713   6    30     6         10.57       16.20       22.00          1.33
 920713   7    10     4          2.53        6.47        9.00          0.53
 920713   8    24     8          5.07       12.93       18.00          1.23
 920713   9    28     6          9.90       21.23       31.13          1.33
 920713  10   466    32        646.02      648.85     1294.87         13.00
 920713  11   336    50        886.85      865.73     1752.58         17.43
 920713  12   392    80       2310.93     2329.82     4640.75         40.57
 920713  13   840   116       2709.68     2878.72     5588.40         88.67
 920713  14  1046   144       2627.67     3011.25     5638.92        110.88
 920713  15  1550   176       1780.82     2761.93     4414.05        152.62
 920713  16  1317   172       1325.18     2498.32     3823.50        129.63
 920713  17  1643   199       1092.33     2473.57     3525.45        149.73
 920713  18  1710   192        862.80     2239.35     3027.25        133.18
 920713  19  2170   214       1205.45     2382.03     3541.88        173.38
 920713  20  1904   184       1197.53     2041.58     3018.37        154.82
 920713  21  1834   166       1243.47     1932.32     3175.78        132.95
 920713  22  1594   154       1312.20     1785.03     2977.75        113.68
 920713  23  1027   100        699.72      996.93     1632.55         78.63
 920713  24   796    96        754.88      925.95     1514.38         57.70
1
 
                   MAX
            TOTAL  SIM                MAXIMUM CPS                   CONNECT
 DATE  HOUR USERS USERS            IN         OUT       TOTAL         HOURS
 
 
 920714   1   416    68        712.67      606.03     1318.70         31.03
 920714   2   184    32        501.22      352.92      788.05         11.90
 920714   3    48    10         94.63      164.62      174.90          4.93
 920714   4    36    12         74.20       78.72      145.72          1.07
 920714   5    16     4         75.63       62.57      138.20          0.50
 920714   6     8     4         65.37       59.92      125.28          0.30
 920714   7    14     4        128.00      122.93      250.93          1.53
 920714   8     8     4          3.90       10.80       14.70          0.37
 920714   9    52    12        436.68      421.98      858.67          3.50
 920714  10   234    76       2783.53     2713.27     5496.80         32.68
 920714  11   449    96       3363.93     3271.80     6635.73         65.98
 920714  12   478   108       3707.77     3645.27     7353.03         68.83
 920714  13  1090   220       4956.22     4972.37     9928.58        162.80
 920714  14  1382   190       3187.52     3553.80     6704.92        162.35
 920714  15  1376   190       2240.83     3377.47     5618.30        148.33
 920714  16  1934   218       1264.85     2496.78     3761.63        154.80
 920714  17  1984   216       1061.30     2071.98     3085.55        161.40
 920714  18  1675   186       1053.50     2084.22     2860.58        135.02
 920714  19  2122   230       1132.03     2609.12     3467.73        159.15
 920714  20  1794   192       1048.23     2168.65     3191.75        143.48
 920714  21  1494   132       1159.62     1361.27     2312.97        107.10
 920714  22  1496   136       1342.48     1590.15     2751.83         99.60
 920714  23  1006    88        773.05      923.83     1605.57         74.20
 920714  24   724    92        702.77     1043.88     1732.87         50.42
1
 
                   MAX
            TOTAL  SIM                MAXIMUM CPS                   CONNECT
 DATE  HOUR USERS USERS            IN         OUT       TOTAL         HOURS
 
 
 920715   1   398    52        613.87      538.27     1152.13         27.73
 920715   2   186    28        415.85      329.85      709.52         13.87
 920715   3    44     8        141.72       53.70      194.20          2.93
 920715   4    26    14         74.88       71.92      146.80          0.97
 920715   5    10     2         40.37       41.65       82.02          0.23
 920715   6    10     4         99.07       95.92      194.98          0.27
 920715   7    10     6        206.33      183.15      389.48          1.50
 920715   8    12     6          3.80        9.70       13.50          0.63
 920715   9    36    16        535.45      524.98     1060.43          2.78
 920715  10   288    90       3393.22     3296.02     6689.23         38.63
 920715  11   412    98       3441.22     3388.63     6829.85         57.58
 920715  12   504   108       3026.03     3166.28     6192.32         62.57
 920715  13  1016   188       4882.60     4858.12     9725.68        135.70
 920715  14  1174   152       3838.03     3954.17     7792.20        127.17
 920715  15  1325   166       1883.33     2649.97     4443.82        139.08
 920715  16  1477   172       1806.78     2519.95     4326.73        142.15
 920715  17  1486   168       1065.88     2238.50     3097.32        132.23
 920715  18  1576   144        970.53     1542.42     2468.78        121.07
 920715  19  1951   170       1204.25     2055.62     3241.42        130.63
 920715  20  1668   152        941.72     1736.28     2678.00        129.35
 920715  21  1610   164       1149.97     1935.87     2973.53        125.58
 920715  22  1404   134       1373.45     1606.10     2758.10         96.58
 920715  23   979    98        835.95     1060.83     1863.77         69.83
 920715  24   738    72        724.67      815.33     1378.35         50.90
1
 
                   MAX
            TOTAL  SIM                MAXIMUM CPS                   CONNECT
 DATE  HOUR USERS USERS            IN         OUT       TOTAL         HOURS
 
 
 920716   1   334    56        663.60      608.05     1245.02         19.47
 920716   2   222    26        364.30      190.73      494.05         11.80
 920716   3    54    12        118.73      150.32      234.42          5.97
 920716   4    24     8        123.48      125.88      249.37          0.57
 920716   5    14     8        289.70      292.78      582.48          1.10
 920716   6    12    10        454.98      442.45      897.43          2.13
 920716   7     4     2         94.83       95.17      190.00          0.53
 920716   8    16     8         88.95       88.03      176.98          1.00
 920716   9    48    12        159.23      156.92      316.15          3.60
 920716  10   624    64         35.10       23.92       59.02         27.50
 920716  11  1186    90         47.93       32.62       80.55         59.57
 920716  12  1636   138         77.02       52.42      129.43         80.25
 920716  13  3128   482       6171.25     6073.08    12244.33        259.05
 920716  14  2654   506       6407.88     6250.20    12658.08        438.95
 920716  15  2004   392       5656.87     5812.42    11469.28        309.72
 920716  16  1648   264       3709.38     4504.33     8152.88        212.17
 920716  17  1540   210       2220.87     3309.15     5500.22        144.98
 920716  18  1562   179       1535.73     2348.95     3884.68        131.62
 920716  19  1914   208       1132.45     1965.83     3098.28        150.77
 920716  20  1780   164       1363.38     1987.53     3350.92        141.15
 920716  21  1680   158       1499.83     1833.45     3119.92        123.20
 920716  22  1464   150       1584.73     1927.88     3512.62        107.33
 920716  23   922   112       1359.08     1481.77     2780.72         74.17
 920716  24   738    94       1550.27     1695.03     3245.30         56.40
1
 
                   MAX
            TOTAL  SIM                MAXIMUM CPS                   CONNECT
 DATE  HOUR USERS USERS            IN         OUT       TOTAL         HOURS
 
 
 920717   1   352    66       1348.85     1241.30     2582.57         32.68
 920717   2   206    28        796.13      531.77     1200.30         12.53
 920717   3    56    18        218.60      253.67      418.92          6.67
 920717   4    38    18        193.20      256.35      449.55          1.90
 920717   5    18     6        117.98      122.08      240.07          0.73
 920717   6    10     6        247.60      248.10      495.70          0.80
 920717   7     8     4        149.20      145.95      295.15          1.47
 920717   8    10     6          4.55       12.60       17.15          0.47
 920717   9    64    16        570.77      562.18     1132.95          4.90
 920717  10   274    82       2999.82     2966.25     5966.07         37.33
 920717  11   428   110       3959.37     3841.50     7800.87         60.83
 920717  12   474    92       2924.77     2865.50     5790.27         60.03
 920717  13   950   198       4974.75     5132.67    10106.50        134.12
 920717  14  1078   162       3877.20     3992.22     7869.42        119.22
 920717  15  1235   152       2154.58     2933.50     5061.10        120.12
 920717  16  1378   156       1278.15     2222.15     3500.30        121.63
 920717  17  1234   146        877.83     1900.40     2778.23        102.38
 920717  18  1244   126        809.82     1441.50     2251.32         96.70
 920717  19  1703   150       1059.57     1744.65     2759.57        117.17
 920717  20  1520   140        775.48     1405.68     2051.50        111.97
 920717  21  1508   138       1274.32     1427.42     2397.63        107.13
 920717  22  1348   128        902.55     1330.27     2226.55         89.35
 920717  23   811   109        853.57      985.55     1826.27         54.67
 920717  24   610    78        634.95      678.23     1304.45         34.22
1     MAXIMUM OF MAXIMUM SIMULTANEOUS USERS
 
 
                   MAX
            TOTAL  SIM                MAXIMUM CPS                   CONNECT
 DATE  HOUR USERS USERS            IN         OUT       TOTAL         HOURS
 
 920716  14  2654   506       6407.88     6250.20    12658.08        438.95
 
 
     MAXIMUM OF CONNECT HOURS
 
 
                   MAX
            TOTAL  SIM                MAXIMUM CPS                   CONNECT
 DATE  HOUR USERS USERS            IN         OUT       TOTAL         HOURS
 
 920716  14  2654   506       6407.88     6250.20    12658.08        438.95
1
  