1
 
                   MAX
            TOTAL  SIM                MAXIMUM CPS                   CONNECT
 DATE  HOUR USERS USERS            IN         OUT       TOTAL         HOURS
 
 
 910916   1     0     0          0.00        0.00        0.00          0.00
 910916   2     0     0          0.00        0.00        0.00          0.00
 910916   3     1     1          0.18       46.62       46.80          0.07
 910916   4     0     0          0.00        0.00        0.00          0.00
 910916   5     0     0          0.00        0.00        0.00          0.00
 910916   6     0     0          0.00        0.00        0.00          0.00
 910916   7     1     1          0.68       44.20       44.88          0.03
 910916   8     0     0          0.00        0.00        0.00          0.00
 910916   9     0     0          0.00        0.00        0.00          0.00
 910916  10     0     0          0.00        0.00        0.00          0.00
 910916  11     0     0          0.00        0.00        0.00          0.00
 910916  12     2     1          0.00        1.80        1.80          0.05
 910916  13    13     3          0.82       79.43       80.18          0.40
 910916  14    41     3          1.47      136.80      138.27          1.17
 910916  15   174    19          7.60      542.25      548.65          6.32
 910916  16   308    26         10.27      703.42      711.68         13.88
 910916  17   187    18         24.47      520.98      525.95          8.02
 910916  18    94     9          8.82      231.78      233.45          4.08
 910916  19    65     6          3.12      231.78      233.45          2.68
 910916  20    37     6          2.32      114.33      116.65          1.47
 910916  21    32     5         19.15      192.43      194.58          1.53
 910916  22    19     3         19.68      130.55      143.35          0.82
 910916  23     0     0          0.00        0.00        0.00          0.00
 910916  24     1     1          0.23      121.93      122.17          0.05
1
 
                   MAX
            TOTAL  SIM                MAXIMUM CPS                   CONNECT
 DATE  HOUR USERS USERS            IN         OUT       TOTAL         HOURS
 
 
 910917   1     1     1          0.23      121.93      122.17          0.03
 910917   2     0     0          0.00        0.00        0.00          0.00
 910917   3     0     0          0.00        0.00        0.00          0.00
 910917   4     0     0          0.00        0.00        0.00          0.00
 910917   5     0     0          0.00        0.00        0.00          0.00
 910917   6     0     0          0.00        0.00        0.00          0.00
 910917   7     0     0          0.00        0.00        0.00          0.00
 910917   8     0     0          0.00        0.00        0.00          0.00
 910917   9     0     0          0.00        0.00        0.00          0.00
 910917  10     0     0          0.00        0.00        0.00          0.00
 910917  11     0     0          0.00        0.00        0.00          0.00
 910917  12     1     1          0.70       22.43       23.13          0.02
 910917  13    16     3          1.03      167.30      168.08          0.55
 910917  14    27     4          3.48      223.48      226.43          1.05
 910917  15    73     8          4.87      376.75      381.62          3.68
 910917  16   187    18         22.00      750.85      757.53         10.07
 910917  17   100    14         38.53      554.40      559.58          6.40
 910917  18    38     5          3.18      195.08      197.05          1.78
 910917  19    73    11         24.83      263.10      267.17          3.90
 910917  20    23     4         17.98      164.07      172.80          1.15
 910917  21    17     5          1.92      133.60      135.52          0.88
 910917  22     9     2          1.18      107.37      108.38          0.55
 910917  23    10     2          1.05      146.88      147.93          0.35
 910917  24     6     2          1.25       82.50       83.75          0.37
1
 
                   MAX
            TOTAL  SIM                MAXIMUM CPS                   CONNECT
 DATE  HOUR USERS USERS            IN         OUT       TOTAL         HOURS
 
 
 910918   1     4     2          0.38       49.55       49.87          0.37
 910918   2     0     0          0.00        0.00        0.00          0.00
 910918   3     0     0          0.00        0.00        0.00          0.00
 910918   4     0     0          0.00        0.00        0.00          0.00
 910918   5     0     0          0.00        0.00        0.00          0.00
 910918   6     0     0          0.00        0.00        0.00          0.00
 910918   7     0     0          0.00        0.00        0.00          0.00
 910918   8     0     0          0.00        0.00        0.00          0.00
 910918   9     0     0          0.00        0.00        0.00          0.00
 910918  10     0     0          0.00        0.00        0.00          0.00
 910918  11     0     0          0.00        0.00        0.00          0.00
 910918  12     1     1          0.75      100.92      101.67          0.03
 910918  13    11     2          1.55      173.85      174.70          0.42
 910918  14    23     3          2.30      175.80      176.83          1.08
 910918  15    76     9          3.85      448.98      451.08          4.33
 910918  16   159    20          8.87      665.22      671.60          9.75
 910918  17    91    10         20.58      509.42      511.98          5.17
 910918  18    44     8          4.78      234.53      236.68          3.02
 910918  19    13     5          3.45      204.38      207.83          0.90
 910918  20     0     0          0.00        0.00        0.00          0.00
 910918  21    19     4         19.03      178.60      180.10          1.03
 910918  22    17     4         20.03      175.67      177.10          1.42
 910918  23    29     4         19.25      160.93      162.13          1.48
 910918  24    14     4          1.88      268.02      269.90          0.77
1
 
                   MAX
            TOTAL  SIM                MAXIMUM CPS                   CONNECT
 DATE  HOUR USERS USERS            IN         OUT       TOTAL         HOURS
 
 
 910919   1     5     2         38.03       49.42       80.67          0.18
 910919   2     0     0          0.00        0.00        0.00          0.00
 910919   3     0     0          0.00        0.00        0.00          0.00
 910919   4     0     0          0.00        0.00        0.00          0.00
 910919   5     0     0          0.00        0.00        0.00          0.00
 910919   6     0     0          0.00        0.00        0.00          0.00
 910919   7     0     0          0.00        0.00        0.00          0.00
 910919   8     0     0          0.00        0.00        0.00          0.00
 910919   9     0     0          0.00        0.00        0.00          0.00
 910919  10     0     0          0.00        0.00        0.00          0.00
 910919  11     0     0          0.00        0.00        0.00          0.00
 910919  12     2     1          0.75       39.92       40.33          0.07
 910919  13    13     4          1.97      267.52      269.48          0.63
 910919  14    33     6          2.55      258.82      260.03          1.48
 910919  15    81     9          6.58      413.37      418.13          4.82
 910919  16   158    13          5.85      608.80      612.22          8.80
 910919  17    66    10          3.93      430.00      432.92          3.83
 910919  18    26     4         12.97      183.38      184.60          1.37
 910919  19    26     5          1.67      157.28      158.95          1.77
 910919  20    16     5          2.23      180.07      180.85          1.15
 910919  21     8     1         18.90       45.42       46.13          0.30
 910919  22     7     3          1.40      121.05      122.45          0.40
 910919  23     0     0          0.00        0.00        0.00          0.00
 910919  24     1     1          0.27       77.48       77.75          0.07
1
 
                   MAX
            TOTAL  SIM                MAXIMUM CPS                   CONNECT
 DATE  HOUR USERS USERS            IN         OUT       TOTAL         HOURS
 
 
 910920   1     1     1          0.27       77.48       77.75          0.07
 910920   2     1     1          0.63       95.55       96.18          0.03
 910920   3     0     0          0.00        0.00        0.00          0.00
 910920   4     0     0          0.00        0.00        0.00          0.00
 910920   5     0     0          0.00        0.00        0.00          0.00
 910920   6     0     0          0.00        0.00        0.00          0.00
 910920   7     0     0          0.00        0.00        0.00          0.00
 910920   8     0     0          0.00        0.00        0.00          0.00
 910920   9     0     0          0.00        0.00        0.00          0.00
 910920  10     0     0          0.00        0.00        0.00          0.00
 910920  11     0     0          0.00        0.00        0.00          0.00
 910920  12     1     1          0.70      101.53      102.23          0.02
 910920  13    14     3          1.43      203.97      204.88          0.77
 910920  14    24     4          2.22      228.35      230.35          0.95
 910920  15    87    11          5.90      592.03      596.50          4.20
 910920  16   180    18         39.55      809.68      816.43         10.23
 910920  17    89    11          4.80      445.15      448.52          5.65
 910920  18    38     4          3.43      284.97      285.95          1.73
 910920  19    24     5          3.42      184.65      186.08          1.47
 910920  20    18     3          2.22      102.97      104.78          1.12
 910920  21    21     4          2.97      166.25      169.22          0.87
 910920  22    21     4          2.97      193.25      194.68          1.03
 910920  23     1     1          0.87       45.92       46.78          0.05
 910920  24     0     0          0.00        0.00        0.00          0.00
1     MAXIMUM OF MAXIMUM SIMULTANEOUS USERS
 
 
                   MAX
            TOTAL  SIM                MAXIMUM CPS                   CONNECT
 DATE  HOUR USERS USERS            IN         OUT       TOTAL         HOURS
 
 910916  16   308    26         10.27      703.42      711.68         13.88
 
 
     MAXIMUM OF CONNECT HOURS
 
 
                   MAX
            TOTAL  SIM                MAXIMUM CPS                   CONNECT
 DATE  HOUR USERS USERS            IN         OUT       TOTAL         HOURS
 
 910916  16   308    26         10.27      703.42      711.68         13.88
1
  