1
 
                   MAX
            TOTAL  SIM                MAXIMUM CPS                   CONNECT
 DATE  HOUR USERS USERS            IN         OUT       TOTAL         HOURS
 
 
 910930   1     0     0          0.00        0.00        0.00          0.00
 910930   2     0     0          0.00        0.00        0.00          0.00
 910930   3     0     0          0.00        0.00        0.00          0.00
 910930   4     0     0          0.00        0.00        0.00          0.00
 910930   5     0     0          0.00        0.00        0.00          0.00
 910930   6     0     0          0.00        0.00        0.00          0.00
 910930   7     0     0          0.00        0.00        0.00          0.00
 910930   8     0     0          0.00        0.00        0.00          0.00
 910930   9     0     0          0.00        0.00        0.00          0.00
 910930  10     0     0          0.00        0.00        0.00          0.00
 910930  11     0     0          0.00        0.00        0.00          0.00
 910930  12     0     0          0.00        0.00        0.00          0.00
 910930  13     0     0          0.00        0.00        0.00          0.00
 910930  14     0     0          0.00        0.00        0.00          0.00
 910930  15     0     0          0.00        0.00        0.00          0.00
 910930  16     0     0          0.00        0.00        0.00          0.00
 910930  17     0     0          0.00        0.00        0.00          0.00
 910930  18     0     0          0.00        0.00        0.00          0.00
 910930  19     0     0          0.00        0.00        0.00          0.00
 910930  20     0     0          0.00        0.00        0.00          0.00
 910930  21     0     0          0.00        0.00        0.00          0.00
 910930  22     3     1         67.82       85.48       91.38          0.12
 910930  23     6     1         59.47       68.82       72.07          0.33
 910930  24     3     1          0.17       12.25       12.42          0.48
1
 
                   MAX
            TOTAL  SIM                MAXIMUM CPS                   CONNECT
 DATE  HOUR USERS USERS            IN         OUT       TOTAL         HOURS
 
 
 911001   1     0     0          0.00        0.00        0.00          0.00
 911001   2     0     0          0.00        0.00        0.00          0.00
 911001   3     0     0          0.00        0.00        0.00          0.00
 911001   4     0     0          0.00        0.00        0.00          0.00
 911001   5     0     0          0.00        0.00        0.00          0.00
 911001   6     0     0          0.00        0.00        0.00          0.00
 911001   7     0     0          0.00        0.00        0.00          0.00
 911001   8     0     0          0.00        0.00        0.00          0.00
 911001   9     0     0          0.00        0.00        0.00          0.00
 911001  10     0     0          0.00        0.00        0.00          0.00
 911001  11     0     0          0.00        0.00        0.00          0.00
 911001  12     0     0          0.00        0.00        0.00          0.00
 911001  13     0     0          0.00        0.00        0.00          0.00
 911001  14     0     0          0.00        0.00        0.00          0.00
 911001  15     0     0          0.00        0.00        0.00          0.00
 911001  16     0     0          0.00        0.00        0.00          0.00
 911001  17     0     0          0.00        0.00        0.00          0.00
 911001  18     0     0          0.00        0.00        0.00          0.00
 911001  19     0     0          0.00        0.00        0.00          0.00
 911001  20     0     0          0.00        0.00        0.00          0.00
 911001  21     0     0          0.00        0.00        0.00          0.00
 911001  22     0     0          0.00        0.00        0.00          0.00
 911001  23     0     0          0.00        0.00        0.00          0.00
 911001  24     0     0          0.00        0.00        0.00          0.00
1
 
                   MAX
            TOTAL  SIM                MAXIMUM CPS                   CONNECT
 DATE  HOUR USERS USERS            IN         OUT       TOTAL         HOURS
 
 
 911002   1     0     0          0.00        0.00        0.00          0.00
 911002   2     0     0          0.00        0.00        0.00          0.00
 911002   3     0     0          0.00        0.00        0.00          0.00
 911002   4     0     0          0.00        0.00        0.00          0.00
 911002   5     0     0          0.00        0.00        0.00          0.00
 911002   6     0     0          0.00        0.00        0.00          0.00
 911002   7     0     0          0.00        0.00        0.00          0.00
 911002   8     0     0          0.00        0.00        0.00          0.00
 911002   9     0     0          0.00        0.00        0.00          0.00
 911002  10     0     0          0.00        0.00        0.00          0.00
 911002  11     0     0          0.00        0.00        0.00          0.00
 911002  12     0     0          0.00        0.00        0.00          0.00
 911002  13     0     0          0.00        0.00        0.00          0.00
 911002  14     0     0          0.00        0.00        0.00          0.00
 911002  15     0     0          0.00        0.00        0.00          0.00
 911002  16     0     0          0.00        0.00        0.00          0.00
 911002  17     0     0          0.00        0.00        0.00          0.00
 911002  18     0     0          0.00        0.00        0.00          0.00
 911002  19     2     1         53.43       32.40       85.83          0.43
 911002  20     0     0          0.00        0.00        0.00          0.00
 911002  21     0     0          0.00        0.00        0.00          0.00
 911002  22     0     0          0.00        0.00        0.00          0.00
 911002  23     3     1          0.40       20.72       21.12          0.35
 911002  24     1     1          0.23       19.43       19.67          0.03
1
 
                   MAX
            TOTAL  SIM                MAXIMUM CPS                   CONNECT
 DATE  HOUR USERS USERS            IN         OUT       TOTAL         HOURS
 
 
 911003   1     0     0          0.00        0.00        0.00          0.00
 911003   2     0     0          0.00        0.00        0.00          0.00
 911003   3     0     0          0.00        0.00        0.00          0.00
 911003   4     0     0          0.00        0.00        0.00          0.00
 911003   5     0     0          0.00        0.00        0.00          0.00
 911003   6     0     0          0.00        0.00        0.00          0.00
 911003   7     0     0          0.00        0.00        0.00          0.00
 911003   8     0     0          0.00        0.00        0.00          0.00
 911003   9     0     0          0.00        0.00        0.00          0.00
 911003  10     0     0          0.00        0.00        0.00          0.00
 911003  11     0     0          0.00        0.00        0.00          0.00
 911003  12     0     0          0.00        0.00        0.00          0.00
 911003  13     0     0          0.00        0.00        0.00          0.00
 911003  14     0     0          0.00        0.00        0.00          0.00
 911003  15     0     0          0.00        0.00        0.00          0.00
 911003  16     0     0          0.00        0.00        0.00          0.00
 911003  17     0     0          0.00        0.00        0.00          0.00
 911003  18     0     0          0.00        0.00        0.00          0.00
 911003  19     0     0          0.00        0.00        0.00          0.00
 911003  20     0     0          0.00        0.00        0.00          0.00
 911003  21     0     0          0.00        0.00        0.00          0.00
 911003  22     0     0          0.00        0.00        0.00          0.00
 911003  23     0     0          0.00        0.00        0.00          0.00
 911003  24     3     1        102.87       50.37      108.75          0.22
1
 
                   MAX
            TOTAL  SIM                MAXIMUM CPS                   CONNECT
 DATE  HOUR USERS USERS            IN         OUT       TOTAL         HOURS
 
 
 911004   1     0     0          0.00        0.00        0.00          0.00
 911004   2     0     0          0.00        0.00        0.00          0.00
 911004   3     0     0          0.00        0.00        0.00          0.00
 911004   4     0     0          0.00        0.00        0.00          0.00
 911004   5     0     0          0.00        0.00        0.00          0.00
 911004   6     0     0          0.00        0.00        0.00          0.00
 911004   7     0     0          0.00        0.00        0.00          0.00
 911004   8     0     0          0.00        0.00        0.00          0.00
 911004   9     0     0          0.00        0.00        0.00          0.00
 911004  10     0     0          0.00        0.00        0.00          0.00
 911004  11     0     0          0.00        0.00        0.00          0.00
 911004  12     0     0          0.00        0.00        0.00          0.00
 911004  13     0     0          0.00        0.00        0.00          0.00
 911004  14     0     0          0.00        0.00        0.00          0.00
 911004  15     0     0          0.00        0.00        0.00          0.00
 911004  16     0     0          0.00        0.00        0.00          0.00
 911004  17     0     0          0.00        0.00        0.00          0.00
 911004  18     0     0          0.00        0.00        0.00          0.00
 911004  19     0     0          0.00        0.00        0.00          0.00
 911004  20     0     0          0.00        0.00        0.00          0.00
 911004  21     0     0          0.00        0.00        0.00          0.00
 911004  22     0     0          0.00        0.00        0.00          0.00
 911004  23     0     0          0.00        0.00        0.00          0.00
 911004  24     0     0          0.00        0.00        0.00          0.00
1     MAXIMUM OF MAXIMUM SIMULTANEOUS USERS
 
 
                   MAX
            TOTAL  SIM                MAXIMUM CPS                   CONNECT
 DATE  HOUR USERS USERS            IN         OUT       TOTAL         HOURS
 
 910930  22     3     1         67.82       85.48       91.38          0.12
 
 
     MAXIMUM OF CONNECT HOURS
 
 
                   MAX
            TOTAL  SIM                MAXIMUM CPS                   CONNECT
 DATE  HOUR USERS USERS            IN         OUT       TOTAL         HOURS
 
 910930  24     3     1          0.17       12.25       12.42          0.48
1
  