1
 
                   MAX
            TOTAL  SIM                MAXIMUM CPS                   CONNECT
 DATE  HOUR USERS USERS            IN         OUT       TOTAL         HOURS
 
 
 911104   1     0     0          0.00        0.00        0.00          0.00
 911104   2     0     0          0.00        0.00        0.00          0.00
 911104   3     0     0          0.00        0.00        0.00          0.00
 911104   4     0     0          0.00        0.00        0.00          0.00
 911104   5     0     0          0.00        0.00        0.00          0.00
 911104   6     0     0          0.00        0.00        0.00          0.00
 911104   7     0     0          0.00        0.00        0.00          0.00
 911104   8     0     0          0.00        0.00        0.00          0.00
 911104   9     0     0          0.00        0.00        0.00          0.00
 911104  10     0     0          0.00        0.00        0.00          0.00
 911104  11     0     0          0.00        0.00        0.00          0.00
 911104  12     0     0          0.00        0.00        0.00          0.00
 911104  13     0     0          0.00        0.00        0.00          0.00
 911104  14     0     0          0.00        0.00        0.00          0.00
 911104  15     0     0          0.00        0.00        0.00          0.00
 911104  16     0     0          0.00        0.00        0.00          0.00
 911104  17     0     0          0.00        0.00        0.00          0.00
 911104  18     0     0          0.00        0.00        0.00          0.00
 911104  19     0     0          0.00        0.00        0.00          0.00
 911104  20     0     0          0.00        0.00        0.00          0.00
 911104  21     0     0          0.00        0.00        0.00          0.00
 911104  22     0     0          0.00        0.00        0.00          0.00
 911104  23     0     0          0.00        0.00        0.00          0.00
 911104  24     0     0          0.00        0.00        0.00          0.00
1
 
                   MAX
            TOTAL  SIM                MAXIMUM CPS                   CONNECT
 DATE  HOUR USERS USERS            IN         OUT       TOTAL         HOURS
 
 
 911105   1     0     0          0.00        0.00        0.00          0.00
 911105   2     0     0          0.00        0.00        0.00          0.00
 911105   3     0     0          0.00        0.00        0.00          0.00
 911105   4     0     0          0.00        0.00        0.00          0.00
 911105   5     0     0          0.00        0.00        0.00          0.00
 911105   6     0     0          0.00        0.00        0.00          0.00
 911105   7     0     0          0.00        0.00        0.00          0.00
 911105   8     0     0          0.00        0.00        0.00          0.00
 911105   9     0     0          0.00        0.00        0.00          0.00
 911105  10     0     0          0.00        0.00        0.00          0.00
 911105  11     0     0          0.00        0.00        0.00          0.00
 911105  12     0     0          0.00        0.00        0.00          0.00
 911105  13     0     0          0.00        0.00        0.00          0.00
 911105  14     0     0          0.00        0.00        0.00          0.00
 911105  15     0     0          0.00        0.00        0.00          0.00
 911105  16     0     0          0.00        0.00        0.00          0.00
 911105  17     0     0          0.00        0.00        0.00          0.00
 911105  18     0     0          0.00        0.00        0.00          0.00
 911105  19     0     0          0.00        0.00        0.00          0.00
 911105  20     0     0          0.00        0.00        0.00          0.00
 911105  21     0     0          0.00        0.00        0.00          0.00
 911105  22     0     0          0.00        0.00        0.00          0.00
 911105  23     0     0          0.00        0.00        0.00          0.00
 911105  24     0     0          0.00        0.00        0.00          0.00
1
 
                   MAX
            TOTAL  SIM                MAXIMUM CPS                   CONNECT
 DATE  HOUR USERS USERS            IN         OUT       TOTAL         HOURS
 
 
 911106   1     0     0          0.00        0.00        0.00          0.00
 911106   2     0     0          0.00        0.00        0.00          0.00
 911106   3     0     0          0.00        0.00        0.00          0.00
 911106   4     0     0          0.00        0.00        0.00          0.00
 911106   5     0     0          0.00        0.00        0.00          0.00
 911106   6     0     0          0.00        0.00        0.00          0.00
 911106   7     0     0          0.00        0.00        0.00          0.00
 911106   8     0     0          0.00        0.00        0.00          0.00
 911106   9     0     0          0.00        0.00        0.00          0.00
 911106  10     0     0          0.00        0.00        0.00          0.00
 911106  11     0     0          0.00        0.00        0.00          0.00
 911106  12     0     0          0.00        0.00        0.00          0.00
 911106  13     0     0          0.00        0.00        0.00          0.00
 911106  14     0     0          0.00        0.00        0.00          0.00
 911106  15     0     0          0.00        0.00        0.00          0.00
 911106  16     0     0          0.00        0.00        0.00          0.00
 911106  17     0     0          0.00        0.00        0.00          0.00
 911106  18     0     0          0.00        0.00        0.00          0.00
 911106  19     0     0          0.00        0.00        0.00          0.00
 911106  20     0     0          0.00        0.00        0.00          0.00
 911106  21     0     0          0.00        0.00        0.00          0.00
 911106  22     0     0          0.00        0.00        0.00          0.00
 911106  23     0     0          0.00        0.00        0.00          0.00
 911106  24     0     0          0.00        0.00        0.00          0.00
1
 
                   MAX
            TOTAL  SIM                MAXIMUM CPS                   CONNECT
 DATE  HOUR USERS USERS            IN         OUT       TOTAL         HOURS
 
 
 911107   1     0     0          0.00        0.00        0.00          0.00
 911107   2     0     0          0.00        0.00        0.00          0.00
 911107   3     0     0          0.00        0.00        0.00          0.00
 911107   4     0     0          0.00        0.00        0.00          0.00
 911107   5     0     0          0.00        0.00        0.00          0.00
 911107   6     0     0          0.00        0.00        0.00          0.00
 911107   7     0     0          0.00        0.00        0.00          0.00
 911107   8     0     0          0.00        0.00        0.00          0.00
 911107   9     0     0          0.00        0.00        0.00          0.00
 911107  10     0     0          0.00        0.00        0.00          0.00
 911107  11     0     0          0.00        0.00        0.00          0.00
 911107  12     0     0          0.00        0.00        0.00          0.00
 911107  13     0     0          0.00        0.00        0.00          0.00
 911107  14     0     0          0.00        0.00        0.00          0.00
 911107  15     0     0          0.00        0.00        0.00          0.00
 911107  16     0     0          0.00        0.00        0.00          0.00
 911107  17     0     0          0.00        0.00        0.00          0.00
 911107  18     0     0          0.00        0.00        0.00          0.00
 911107  19     0     0          0.00        0.00        0.00          0.00
 911107  20     0     0          0.00        0.00        0.00          0.00
 911107  21     0     0          0.00        0.00        0.00          0.00
 911107  22     0     0          0.00        0.00        0.00          0.00
 911107  23     0     0          0.00        0.00        0.00          0.00
 911107  24     0     0          0.00        0.00        0.00          0.00
1
 
                   MAX
            TOTAL  SIM                MAXIMUM CPS                   CONNECT
 DATE  HOUR USERS USERS            IN         OUT       TOTAL         HOURS
 
 
 911108   1     0     0          0.00        0.00        0.00          0.00
 911108   2     0     0          0.00        0.00        0.00          0.00
 911108   3     0     0          0.00        0.00        0.00          0.00
 911108   4     0     0          0.00        0.00        0.00          0.00
 911108   5     0     0          0.00        0.00        0.00          0.00
 911108   6     0     0          0.00        0.00        0.00          0.00
 911108   7     0     0          0.00        0.00        0.00          0.00
 911108   8     0     0          0.00        0.00        0.00          0.00
 911108   9     0     0          0.00        0.00        0.00          0.00
 911108  10     0     0          0.00        0.00        0.00          0.00
 911108  11     0     0          0.00        0.00        0.00          0.00
 911108  12     0     0          0.00        0.00        0.00          0.00
 911108  13     0     0          0.00        0.00        0.00          0.00
 911108  14     0     0          0.00        0.00        0.00          0.00
 911108  15     0     0          0.00        0.00        0.00          0.00
 911108  16     0     0          0.00        0.00        0.00          0.00
 911108  17     0     0          0.00        0.00        0.00          0.00
 911108  18     0     0          0.00        0.00        0.00          0.00
 911108  19     0     0          0.00        0.00        0.00          0.00
 911108  20     0     0          0.00        0.00        0.00          0.00
 911108  21     0     0          0.00        0.00        0.00          0.00
 911108  22     0     0          0.00        0.00        0.00          0.00
 911108  23     0     0          0.00        0.00        0.00          0.00
 911108  24     0     0          0.00        0.00        0.00          0.00
1     MAXIMUM OF MAXIMUM SIMULTANEOUS USERS
 
 
                   MAX
            TOTAL  SIM                MAXIMUM CPS                   CONNECT
 DATE  HOUR USERS USERS            IN         OUT       TOTAL         HOURS
 
      0   0     0     0          0.00        0.00        0.00          0.00
 
 
     MAXIMUM OF CONNECT HOURS
 
 
                   MAX
            TOTAL  SIM                MAXIMUM CPS                   CONNECT
 DATE  HOUR USERS USERS            IN         OUT       TOTAL         HOURS
 
      0   0     0     0          0.00        0.00        0.00          0.00
1
  