1
 
                   MAX
            TOTAL  SIM                MAXIMUM CPS                   CONNECT
 DATE  HOUR USERS USERS            IN         OUT       TOTAL         HOURS
 
 
 931206   1    14     8        112.95       82.93      195.88          1.85
 931206   2    12     5         44.00       26.37       69.47          1.95
 931206   3    23     9        247.37       42.22      289.58          2.85
 931206   4    15     6         55.80       13.52       63.97          1.77
 931206   5    13     6         54.40       14.52       62.10          1.12
 931206   6    16     6        187.62       29.53      201.07          2.25
 931206   7    12     5         28.82       18.28       47.10          2.00
 931206   8    29    12        524.22       61.27      570.28          5.27
 931206   9    37    12        407.50      150.93      554.43          9.82
 931206  10    44    15        441.95      158.50      579.10         11.50
 931206  11    99    38        939.10      471.83     1138.00         15.58
 931206  12    73    26        837.82      261.07     1064.07         20.50
 931206  13    84    32        586.47      338.02      817.58         22.28
 931206  14   126    68        762.17      289.55     1051.67         27.90
 931206  15   123    49        887.00      709.77     1408.97         28.20
 931206  16   148    54       1313.38      451.90     1629.95         31.25
 931206  17    80    36        798.40      666.42     1464.82         20.70
 931206  18    41    20        903.82      418.83     1319.55         15.73
 931206  19    34    15        633.20      341.92      949.17         13.20
 931206  20    51    18        596.48      474.18     1052.17         13.53
 931206  21    51    20        737.72      436.00     1116.58         14.00
 931206  22    38    14       1407.70      325.88     1726.35         11.13
 931206  23    38    15        793.98      265.63     1020.85          9.68
 931206  24    33    12       1043.28      137.70     1170.03          7.25
1
 
                   MAX
            TOTAL  SIM                MAXIMUM CPS                   CONNECT
 DATE  HOUR USERS USERS            IN         OUT       TOTAL         HOURS
 
 
 931207   1    37    16        931.03      225.80     1058.30          7.00
 931207   2    34    14        515.18      187.88      703.07          6.80
 931207   3    19     5         80.23       36.37       99.42          2.72
 931207   4    15     4         22.98       18.43       37.58          1.33
 931207   5    21    11        360.87       77.20      438.07          3.33
 931207   6    26    10        161.90       74.30      236.20          3.52
 931207   7    29    12        419.50      126.92      546.42          5.68
 931207   8    40    16        779.78      130.05      895.88          9.38
 931207   9    39    13        715.90      217.80      792.65         10.32
 931207  10    56    19        818.43      229.52     1035.52         13.93
 931207  11   143    39       2370.35      404.22     2553.27         21.00
 931207  12    93    32       1141.30      653.52     1662.07         19.58
 931207  13    70    26        681.13      453.88     1055.37         21.45
 931207  14    99    32        854.85      700.43     1072.27         25.42
 931207  15    95    36        591.93      699.87     1147.65         25.65
 931207  16    88    34        624.97      529.03     1154.00         25.10
 931207  17   118    43        630.50      525.42     1114.40         24.77
 931207  18   132    37       1789.95      341.07     2070.52         23.15
 931207  19    68    40        602.77      215.80      818.57         17.70
 931207  20    40    18        188.17      141.92      330.08         11.32
 931207  21    34    15        260.25      130.38      369.25          9.33
 931207  22    29    14        311.57      105.60      364.17          5.83
 931207  23    31    14        283.48      337.88      544.90          6.13
 931207  24    28    15        426.18      347.27      676.75          7.83
1
 
                   MAX
            TOTAL  SIM                MAXIMUM CPS                   CONNECT
 DATE  HOUR USERS USERS            IN         OUT       TOTAL         HOURS
 
 
 931208   1    27     9        164.00       78.83      212.78          4.83
 931208   2    19     7         95.27       49.13      144.40          4.63
 931208   3    17     4         61.40       25.02       82.48          1.73
 931208   4    18     8         97.07       37.38      134.45          1.25
 931208   5    27     9        465.73      130.40      532.88          3.45
 931208   6    23     8        136.87      133.28      270.15          3.28
 931208   7    23    10        315.52       95.75      326.02          3.45
 931208   8    42    14        194.45       87.98      277.93          7.70
 931208   9    47    12        348.02      211.28      493.42          9.15
 931208  10    56    19        637.20      324.03      940.43         13.07
 931208  11   112    38       1279.30      399.33     1678.63         19.70
 931208  12   153    49       2304.43      700.43     2720.73         25.98
 931208  13   119    67       1575.80      254.62     1779.18         26.30
 931208  14   102    32        589.53      322.28      894.75         15.50
 931208  15    88    44        987.50      352.90     1340.40         24.32
 931208  16    79    35        862.60      391.98     1254.58         21.93
 931208  17   103    50       1328.53      701.98     1737.67         18.23
 931208  18    34    15        349.25      716.72     1053.05         11.37
 931208  19    61    18        462.55      783.28     1245.83         13.22
 931208  20    34    13        355.87      594.28      888.70          7.40
 931208  21    29    12        359.93      546.75      894.48          7.03
 931208  22    18     7        355.90      685.27      858.97          5.02
 931208  23    23    12        146.03      701.47      845.35          6.22
 931208  24    28    12        160.68      730.38      871.08          6.15
1
 
                   MAX
            TOTAL  SIM                MAXIMUM CPS                   CONNECT
 DATE  HOUR USERS USERS            IN         OUT       TOTAL         HOURS
 
 
 931209   1    26    12        254.30      559.20      813.50          5.97
 931209   2    21     7        102.43      510.10      581.40          4.17
 931209   3    19     6         86.92       31.47      118.38          2.23
 931209   4    13     4         24.00       17.32       35.00          1.20
 931209   5    17    10        409.60       59.35      468.95          2.37
 931209   6    15     6         34.67       26.77       57.93          2.15
 931209   7    33    11        501.08      150.30      644.30          4.83
 931209   8    36    12        506.90      150.57      561.05          6.60
 931209   9    41    14        408.55      220.42      535.33          6.77
 931209  10    54    18        250.22      220.60      451.43         14.65
 931209  11    49    20        362.67      439.60      783.03         10.13
 931209  12    76    25       1021.62      564.95     1506.37         17.45
 931209  13   151    39       1390.47      485.37     1615.93         25.02
 931209  14   115    29       1108.15      319.45     1396.33         21.15
 931209  15    70    22        798.13      411.38     1199.47         16.33
 931209  16   181    40       2144.05      801.15     2396.05         24.73
 931209  17    96    35       2439.50      403.47     2695.97         21.52
 931209  18   108    31       1915.77      566.30     2319.13         18.45
 931209  19    63    26       1146.30      255.25     1387.02         17.75
 931209  20    43    15        442.68      284.03      627.50          9.60
 931209  21    61    25       1051.92      354.93     1279.67         15.93
 931209  22    58    29       1077.68      274.98     1352.67         13.47
 931209  23    41    18        296.18      234.22      530.40          8.63
 931209  24    32    11        340.43      123.10      459.05          7.30
1
 
                   MAX
            TOTAL  SIM                MAXIMUM CPS                   CONNECT
 DATE  HOUR USERS USERS            IN         OUT       TOTAL         HOURS
 
 
 931210   1    31    16        447.28      159.17      606.45          8.27
 931210   2    24    12        269.22      478.20      747.42          7.15
 931210   3    18     4         47.32       39.68       87.00          1.68
 931210   4    16     4        154.17       39.53      193.70          1.67
 931210   5    25     8        154.17       39.53      193.70          3.88
 931210   6    25    10        148.23       77.10      225.33          3.72
 931210   7    26     9        318.77      282.83      601.60          4.65
 931210   8    59    16        771.97      403.85      917.78         11.52
 931210   9    57    15        762.10      267.38      894.02         10.55
 931210  10    49    20        653.00      208.90      791.85          9.48
 931210  11    61    26        900.97      280.23     1139.98         16.37
 931210  12   109    35       1286.07      788.53     1582.57         21.65
 931210  13    81    26        352.17      340.38      674.08         18.35
 931210  14    59    23        853.10      379.67     1232.77         17.72
 931210  15    58    26        882.03      393.00     1275.03         18.70
 931210  16   104    27        758.92      207.48      916.57         20.92
 931210  17    66    25        558.60      244.02      769.02         17.32
 931210  18    60    25       1158.52      229.47     1353.95         18.30
 931210  19    47    20        621.65      211.43      761.20         11.55
 931210  20    46    16        217.05      207.38      337.80          9.98
 931210  21    36    10        182.18      167.43      320.53          7.33
 931210  22    27     9         66.90       66.77      128.07          4.80
 931210  23    30     9        121.32       78.02      192.18          5.95
 931210  24    24     9        122.33       86.95      209.28          4.42
1     MAXIMUM OF MAXIMUM SIMULTANEOUS USERS
 
 
                   MAX
            TOTAL  SIM                MAXIMUM CPS                   CONNECT
 DATE  HOUR USERS USERS            IN         OUT       TOTAL         HOURS
 
 931206  14   126    68        762.17      289.55     1051.67         27.90
 
 
     MAXIMUM OF CONNECT HOURS
 
 
                   MAX
            TOTAL  SIM                MAXIMUM CPS                   CONNECT
 DATE  HOUR USERS USERS            IN         OUT       TOTAL         HOURS
 
 931206  16   148    54       1313.38      451.90     1629.95         31.25
1
  