1
 
                   MAX
            TOTAL  SIM                MAXIMUM CPS                   CONNECT
 DATE  HOUR USERS USERS            IN         OUT       TOTAL         HOURS
 
 
 931101   1     3     3         62.10        8.55       70.65          0.55
 931101   2     3     3         47.15        7.87       55.02          0.58
 931101   3     3     2         53.68        8.97       62.65          0.42
 931101   4     2     2          9.52        4.40       13.92          0.13
 931101   5     5     2         16.03        6.95       22.98          0.60
 931101   6    10     6        105.20      103.32      208.52          1.67
 931101   7     5     3         45.38       35.47       80.85          0.93
 931101   8     4     2         12.95        5.68       18.63          0.63
 931101   9     7     4         54.70       26.92       81.62          1.22
 931101  10     7     2         34.65       13.92       38.85          0.70
 931101  11     9     3         26.98       40.87       67.85          0.82
 931101  12     9     5         94.65       71.35      164.30          1.90
 931101  13     4     2         46.68       35.23       78.90          1.27
 931101  14     7     3        136.08       35.23      163.17          1.58
 931101  15     6     3        136.08      118.72      163.17          1.18
 931101  16    10     5         84.38      182.65      267.03          2.35
 931101  17    12     5         87.62       74.80      162.42          2.37
 931101  18    16     6         87.62      114.28      179.55          2.93
 931101  19    21     7         92.52      125.27      217.78          3.97
 931101  20    12     7         92.52      125.27      217.78          2.65
 931101  21     5     3         54.80       96.08      150.88          1.43
 931101  22     8     2         62.65       96.08      150.88          1.33
 931101  23    15     6         74.87       85.02      158.67          2.97
 931101  24    12     4         58.33       46.22      104.55          2.42
1
 
                   MAX
            TOTAL  SIM                MAXIMUM CPS                   CONNECT
 DATE  HOUR USERS USERS            IN         OUT       TOTAL         HOURS
 
 
 931102   1    12     6        107.92       58.08      166.00          2.78
 931102   2     9     4        129.92      117.77      247.68          2.93
 931102   3     9     2         20.23       18.03       38.27          0.85
 931102   4    15     3         50.88       34.10       84.98          1.63
 931102   5     8     3         33.05      116.25      149.30          0.70
 931102   6     9     3         63.50      298.30      314.37          1.60
 931102   7     9     2         42.20       35.63       77.83          1.62
 931102   8     8     2         29.65       26.43       56.08          1.00
 931102   9     7     3         27.63       13.00       40.63          1.55
 931102  10     5     1         14.73        5.22       19.95          0.48
 931102  11     9     4        276.50      178.37      315.72          1.28
 931102  12     8     3        265.78       30.40      296.18          1.93
 931102  13     4     2         62.75       15.10       77.00          1.18
 931102  14     7     3         92.95       23.60      114.88          1.62
 931102  15     5     4        118.20      350.53      433.50          1.32
 931102  16     8     4        118.20       49.75      167.95          1.88
 931102  17     7     4        189.92       66.25      256.17          1.50
 931102  18    20     7        189.92       70.42      256.17          3.93
 931102  19    18     6        105.57       61.85      167.42          2.77
 931102  20    12     6        125.15       72.02      197.17          3.08
 931102  21    10     3         54.45       26.65       63.08          1.38
 931102  22     6     2         32.68       26.65       57.00          1.28
 931102  23    10     3         50.67       40.15       90.82          1.85
 931102  24    10     3        164.42       40.15      188.07          2.08
1
 
                   MAX
            TOTAL  SIM                MAXIMUM CPS                   CONNECT
 DATE  HOUR USERS USERS            IN         OUT       TOTAL         HOURS
 
 
 931103   1    14     6        164.42       63.83      195.53          3.05
 931103   2    15     6        255.73       65.25      278.87          4.05
 931103   3    12     4        332.72       29.65      362.37          2.00
 931103   4     9     3         78.03       37.73      115.77          0.88
 931103   5     7     2         52.30      329.40      341.42          0.42
 931103   6     8     3        182.18      125.60      240.03          1.60
 931103   7     9     3        182.18       37.37      219.55          1.25
 931103   8    12     5         66.78       89.15      155.93          1.77
 931103   9    10     3         28.78       72.55      101.33          1.30
 931103  10    12     3         10.38       14.05       22.03          1.55
 931103  11    13     5         98.00      269.33      277.33          2.18
 931103  12     7     3        108.07       51.40      159.47          2.02
 931103  13     5     2         35.68       19.47       55.15          1.18
 931103  14     9     4         57.15       33.55       90.70          1.42
 931103  15     9     4         74.38       35.17      109.55          1.52
 931103  16    12     5         95.62       82.77      153.92          2.65
 931103  17    12     5        154.57       67.35      218.87          2.82
 931103  18     5     3        103.08       52.32      155.40          1.67
 931103  19    11     5        205.08       66.97      272.05          2.88
 931103  20    12     4         95.80       45.68      141.48          2.37
 931103  21    11     3         54.03       33.72       77.62          1.63
 931103  22     9     3         41.43       30.22       71.65          1.45
 931103  23    15     6         89.83       54.32      139.22          3.10
 931103  24     9     4         89.83       49.38      139.22          1.15
1
 
                   MAX
            TOTAL  SIM                MAXIMUM CPS                   CONNECT
 DATE  HOUR USERS USERS            IN         OUT       TOTAL         HOURS
 
 
 931104   1    10     5         79.40       42.85      122.25          1.92
 931104   2     6     3         58.48       35.70       94.18          0.87
 931104   3     8     2         35.88        9.48       45.37          0.65
 931104   4     7     2          6.93        2.52        9.45          0.48
 931104   5     7     3         51.27       17.48       64.07          0.37
 931104   6     6     3         51.27       13.27       64.07          0.95
 931104   7     7     3         28.35       11.92       40.27          1.23
 931104   8     7     2         11.92        5.27       17.18          1.02
 931104   9     5     2         22.68        8.85       31.53          0.95
 931104  10     3     1          7.60        3.90       11.35          0.43
 931104  11     6     2          0.93       15.35       16.28          0.45
 931104  12     5     2        243.10       17.70      260.80          0.85
 931104  13     8     6        175.18      160.75      335.93          2.83
 931104  14     7     3         77.02       70.52      119.18          1.55
 931104  15     4     4         88.05       56.00      144.05          1.10
 931104  16     9     4         88.05       56.00      144.05          2.15
 931104  17     8     3         85.08       51.78      136.87          1.78
 931104  18     8     3         85.08       51.78      136.87          2.23
 931104  19    17     7        113.07       77.93      191.00          2.12
 931104  20    19     6        112.43       77.70      190.13          3.43
 931104  21     7     4        120.08       54.95      175.03          1.68
 931104  22    10     4         38.57       30.18       68.75          1.47
 931104  23    11     4         63.95       44.27      108.22          2.17
 931104  24    11     4         50.93       42.82       93.75          1.97
1
 
                   MAX
            TOTAL  SIM                MAXIMUM CPS                   CONNECT
 DATE  HOUR USERS USERS            IN         OUT       TOTAL         HOURS
 
 
 931105   1    10     4         64.80       45.55      110.35          2.05
 931105   2    11     4         64.80       45.55      110.35          3.00
 931105   3    14     3         34.27       28.25       62.52          1.52
 931105   4    12     2         35.87       28.42       64.28          1.18
 931105   5    13     4         56.53      352.40      382.35          1.38
 931105   6     7     2         91.45       79.75      132.02          1.33
 931105   7     7     2         91.45       17.88      109.33          0.75
 931105   8     9     3         37.07       23.72       60.78          1.93
 931105   9     5     2        408.83       27.10      435.93          1.32
 931105  10     7     2         33.72       15.28       44.82          0.62
 931105  11    16     4         95.85      290.72      299.05          1.45
 931105  12     7     3        108.68       39.13      139.37          1.90
 931105  13    10     3         45.58       57.10       93.33          1.82
 931105  14    13     4         76.85       53.45      100.78          2.13
 931105  15    11     4         94.35       36.40      127.02          1.63
 931105  16    14     5         94.35       73.58      127.02          2.80
 931105  17    12     7         99.42       83.07      178.20          2.80
 931105  18    10     3         99.42       78.78      178.20          2.15
 931105  19    18     6         79.97       57.75      115.92          3.45
 931105  20    13     5        111.57       47.70      159.27          2.70
 931105  21     8     3         51.57       28.63       72.58          1.52
 931105  22     8     3         78.67       28.63      101.37          1.33
 931105  23     8     3         78.67       38.53      110.65          1.83
 931105  24     7     4        145.87       63.05      191.57          1.45
1     MAXIMUM OF MAXIMUM SIMULTANEOUS USERS
 
 
                   MAX
            TOTAL  SIM                MAXIMUM CPS                   CONNECT
 DATE  HOUR USERS USERS            IN         OUT       TOTAL         HOURS
 
 931101  19    21     7         92.52      125.27      217.78          3.97
 
 
     MAXIMUM OF CONNECT HOURS
 
 
                   MAX
            TOTAL  SIM                MAXIMUM CPS                   CONNECT
 DATE  HOUR USERS USERS            IN         OUT       TOTAL         HOURS
 
 931103   2    15     6        255.73       65.25      278.87          4.05
1
  