1
 
                   MAX
            TOTAL  SIM                MAXIMUM CPS                   CONNECT
 DATE  HOUR USERS USERS            IN         OUT       TOTAL         HOURS
 
 
 931101   1     2     1         17.63        2.43       20.07          0.38
 931101   2     1     1          5.00        2.22        7.22          0.27
 931101   3     1     1          0.38        0.25        0.63          0.08
 931101   4     1     1          0.63        0.23        0.87          0.02
 931101   5     7     1         42.90        5.58       48.48          0.15
 931101   6     3     2         79.10       70.18      149.28          1.22
 931101   7     4     2         79.10       70.18      149.28          1.13
 931101   8     2     1         17.57       15.95       33.52          0.22
 931101   9     2     1         17.57      154.53      164.23          0.87
 931101  10     5     4         41.38      255.45      294.83          2.87
 931101  11    16    14        298.02      447.58      736.83          5.72
 931101  12    20    10        211.57      189.48      401.05          6.63
 931101  13    15     8        102.45       23.67      126.12          5.43
 931101  14     4     4         77.13        0.00       77.13          4.00
 931101  15    18    17        551.90      220.28      772.18          5.53
 931101  16    43    16        502.05      359.98      519.55         10.22
 931101  17    53    21        629.52      334.60      876.22          8.20
 931101  18    14     7         96.67      205.65      288.22          5.00
 931101  19     8     6         67.15       56.73      123.88          1.63
 931101  20     2     1        263.78       10.20      273.98          0.22
 931101  21     1     1        263.78       10.20      273.98          0.77
 931101  22     0     0          0.00        0.00        0.00          0.00
 931101  23     3     2         19.47       58.02       77.48          1.02
 931101  24     2     2         19.47       58.02       77.48          1.15
1
 
                   MAX
            TOTAL  SIM                MAXIMUM CPS                   CONNECT
 DATE  HOUR USERS USERS            IN         OUT       TOTAL         HOURS
 
 
 931102   1     3     2         61.63      108.40      170.03          0.60
 931102   2     3     2         55.27      240.85      263.72          0.98
 931102   3     2     2         22.87      240.85      263.72          0.12
 931102   4     0     0          0.00        0.00        0.00          0.00
 931102   5     1     1          0.25        0.15        0.40          0.05
 931102   6     4     2         77.95       73.05      151.00          1.00
 931102   7     3     2        167.52       50.45      217.97          1.10
 931102   8     7     6        318.75       50.45      369.20          3.15
 931102   9    15     6        285.35      532.27      817.62          2.57
 931102  10    28    13        317.95      450.82      768.77          5.83
 931102  11    13     8        101.70      200.23      298.12          5.65
 931102  12    11     7        267.47      176.08      296.93          4.05
 931102  13     8     7        174.32       38.03      212.35          5.73
 931102  14    18     6        160.38       18.15      178.53          3.03
 931102  15    10     8        165.28      271.20      360.38          4.13
 931102  16    22     8         95.08      273.13      360.38          4.53
 931102  17    15     7         55.33      214.27      269.60          3.42
 931102  18     8     5        124.52      214.27      310.92          2.68
 931102  19     2     2         31.32      137.57      168.88          0.93
 931102  20     3     2         88.72        7.80       96.52          0.23
 931102  21     2     2         88.72        7.80       96.52          0.38
 931102  22     0     0          0.00        0.00        0.00          0.00
 931102  23     3     2         87.50       31.88      117.08          0.80
 931102  24     3     2         80.00       31.88      109.27          0.70
1
 
                   MAX
            TOTAL  SIM                MAXIMUM CPS                   CONNECT
 DATE  HOUR USERS USERS            IN         OUT       TOTAL         HOURS
 
 
 931103   1     2     2         94.12       38.87      132.98          0.42
 931103   2     4     2         94.12       38.87      132.98          1.03
 931103   3     1     1         75.58       32.33      107.92          0.08
 931103   4     4     1          0.63        0.23        0.87          0.07
 931103   5     5     2         14.03        1.70       15.73          0.13
 931103   6     5     2        353.92       78.47      432.38          1.03
 931103   7     3     1         35.92        3.33       39.25          0.42
 931103   8     3     1         18.98       16.53       35.52          0.65
 931103   9     5     2         21.60       35.52       54.73          1.40
 931103  10     9     5         45.75       71.72      113.65          2.88
 931103  11    21    11        194.45      156.17      275.07          4.62
 931103  12    24    17        176.98      213.63      390.62          6.83
 931103  13    43    17        476.80      235.82      483.58          8.63
 931103  14    12    11        138.68      112.30      229.22          8.68
 931103  15    14     9        118.37       87.50      197.50          6.53
 931103  16    16     8        195.43      145.70      313.95          4.52
 931103  17    14    12        294.40      294.63      571.87          5.42
 931103  18     7     5        129.88      121.60      251.48          2.95
 931103  19     1     1          6.58      101.02      107.60          0.65
 931103  20     1     1          4.20        4.38        8.58          0.18
 931103  21     0     0          0.00        0.00        0.00          0.00
 931103  22     0     0          0.00        0.00        0.00          0.00
 931103  23     4     2        213.50       81.25      294.75          0.98
 931103  24     2     2        116.13       66.80      182.93          0.28
1
 
                   MAX
            TOTAL  SIM                MAXIMUM CPS                   CONNECT
 DATE  HOUR USERS USERS            IN         OUT       TOTAL         HOURS
 
 
 931104   1     1     1          6.73        1.97        8.70          0.18
 931104   2     2     1         71.97       35.13       78.08          0.33
 931104   3     2     1         71.97        6.12       78.08          0.10
 931104   4     1     1          0.63        0.23        0.87          0.02
 931104   5     7     2          1.27        0.47        1.73          0.13
 931104   6     1     1        110.13       44.15      154.28          0.92
 931104   7     4     2        110.13       79.13      154.28          1.27
 931104   8     3     2         18.37       79.13       97.50          0.62
 931104   9     6     4         57.15      114.50      171.65          1.07
 931104  10    10     7         82.68      124.43      207.12          3.63
 931104  11    13     6         83.50      129.00      212.50          3.23
 931104  12    33    15        362.22      143.22      466.08          7.38
 931104  13     7     7        149.62       15.50      165.12          7.00
 931104  14    13     9        153.35       35.30      188.65          5.32
 931104  15    15    15        642.97       91.25      734.22          6.50
 931104  16    19    10        546.20       13.18      546.87          6.92
 931104  17     7     6        187.75        7.72      187.75          4.83
 931104  18     8     8        136.23      112.85      249.08          5.15
 931104  19     4     4        114.08        0.00      114.08          3.03
 931104  20     2     2         19.55        0.00       19.55          2.00
 931104  21     2     2         19.55        0.00       19.55          2.00
 931104  22     2     2         19.55        0.00       19.55          2.00
 931104  23     2     2         19.55        0.00       19.55          2.00
 931104  24     2     2         19.55        0.00       19.55          1.97
1
 
                   MAX
            TOTAL  SIM                MAXIMUM CPS                   CONNECT
 DATE  HOUR USERS USERS            IN         OUT       TOTAL         HOURS
 
 
 931105   1     2     2         19.55        0.00       19.55          2.00
 931105   2     2     2         19.55        0.00       19.55          2.00
 931105   3     2     2         19.55        0.00       19.55          0.17
 931105   4     0     0          0.00        0.00        0.00          0.00
 931105   5     1     1          0.25        0.15        0.40          0.08
 931105   6     2     1         19.15        3.02       22.17          0.37
 931105   7     2     1          0.20        0.12        0.32          0.23
 931105   8     3     1          7.15        7.88       15.03          0.67
 931105   9     4     3         18.93       17.23       36.17          0.53
 931105  10     8     4         31.40      153.42      184.82          2.75
 931105  11    26    12        394.92      343.38      584.77          4.75
 931105  12    27    13        722.87       89.02      769.05          5.98
 931105  13    13    10        254.82       89.78      343.83          6.15
 931105  14     7     7        232.40        6.72      239.12          7.00
 931105  15    12     9        305.78       37.30      343.08          7.17
 931105  16     9     8        293.37       85.22      310.08          3.92
 931105  17     7     6        188.40       85.22      231.13          4.67
 931105  18    19     9        219.43       40.25      259.68          5.10
 931105  19     2     1         17.53       38.98       52.58          0.88
 931105  20     2     1         13.60       38.98       52.58          0.75
 931105  21     1     1          5.02        2.03        7.05          0.17
 931105  22     1     1          3.22        1.57        4.78          0.02
 931105  23     2     1          5.37        5.85       11.22          0.18
 931105  24     1     1          5.37        5.85       11.22          0.18
1     MAXIMUM OF MAXIMUM SIMULTANEOUS USERS
 
 
                   MAX
            TOTAL  SIM                MAXIMUM CPS                   CONNECT
 DATE  HOUR USERS USERS            IN         OUT       TOTAL         HOURS
 
 931101  17    53    21        629.52      334.60      876.22          8.20
 
 
     MAXIMUM OF CONNECT HOURS
 
 
                   MAX
            TOTAL  SIM                MAXIMUM CPS                   CONNECT
 DATE  HOUR USERS USERS            IN         OUT       TOTAL         HOURS
 
 931101  16    43    16        502.05      359.98      519.55         10.22
1
  