1
 
                   MAX
            TOTAL  SIM                MAXIMUM CPS                   CONNECT
 DATE  HOUR USERS USERS            IN         OUT       TOTAL         HOURS
 
 
 931206   1     8     5         88.12       63.10      151.22          1.23
 931206   2     4     2         29.68       13.02       42.13          0.62
 931206   3    14     8        242.07       40.30      282.37          1.97
 931206   4     7     4         32.03        4.08       35.63          0.68
 931206   5     8     4         27.20        9.70       31.05          0.73
 931206   6    10     4         46.00       27.00       73.00          1.37
 931206   7     8     4         21.30       14.18       35.48          1.27
 931206   8    22     9        502.10       50.27      537.75          3.95
 931206   9    22     8         87.55       48.02      129.67          5.97
 931206  10    21     8        126.03       77.53      203.57          5.80
 931206  11    40    16        248.17      190.60      422.78          9.43
 931206  12    43    15        620.12      154.23      737.43          8.75
 931206  13    42    12        364.97      136.00      483.97          8.40
 931206  14    50    16        409.92      149.90      528.93          8.65
 931206  15    42    14        462.70      218.18      645.38          9.93
 931206  16    52    15        652.47      255.12      854.80         12.23
 931206  17    37    15        445.47      236.53      660.40         11.28
 931206  18    24    12        638.55      262.93      901.48          8.92
 931206  19    24    11        351.42      187.85      501.15          8.52
 931206  20    31    11        439.55      219.00      626.82          8.13
 931206  21    34    14        525.38      325.57      850.95          9.58
 931206  22    27    11        934.75      209.02     1119.92          7.35
 931206  23    25    10        717.23      147.18      864.42          5.30
 931206  24    19    10        912.90      110.57     1023.47          3.82
1
 
                   MAX
            TOTAL  SIM                MAXIMUM CPS                   CONNECT
 DATE  HOUR USERS USERS            IN         OUT       TOTAL         HOURS
 
 
 931207   1    24    10        786.97      131.87      887.65          3.95
 931207   2    19     8        391.03      115.07      506.10          3.35
 931207   3     4     2         28.92       11.82       40.73          0.50
 931207   4     4     1          9.45        2.12       11.57          0.08
 931207   5    15     9        345.63       66.70      412.33          2.40
 931207   6    18     6        146.32       56.05      202.37          2.23
 931207   7    22     9        367.37       94.83      462.20          4.35
 931207   8    30    12        743.10       97.97      839.68          6.87
 931207   9    30     9        687.55      103.33      755.42          7.10
 931207  10    37    13        677.75      137.20      812.70          8.82
 931207  11    54    15        719.52      184.63      860.22         10.20
 931207  12    39    12        434.83      328.18      753.60          8.73
 931207  13    41    15        536.85      268.47      775.87         11.22
 931207  14    50    20        459.83      273.58      693.82         13.45
 931207  15    38    14        413.78      245.63      514.52         11.12
 931207  16    43    20        391.67      341.63      733.30         11.85
 931207  17    54    19        360.48      331.97      683.88         11.85
 931207  18    49    15        568.27      210.67      694.02         10.95
 931207  19    32    14        206.22      111.40      317.62          8.57
 931207  20    27    11        125.25      107.08      232.33          7.58
 931207  21    24    10        220.67      103.95      324.62          6.47
 931207  22    20    11        273.27       73.63      302.13          3.78
 931207  23    25    11        227.43      310.12      463.58          4.33
 931207  24    19    11        328.27      319.50      550.60          5.13
1
 
                   MAX
            TOTAL  SIM                MAXIMUM CPS                   CONNECT
 DATE  HOUR USERS USERS            IN         OUT       TOTAL         HOURS
 
 
 931208   1    14     5        130.35       50.97      167.62          2.53
 931208   2     7     3         54.02       21.87       72.15          1.53
 931208   3     6     2         41.40        9.33       50.73          0.45
 931208   4    10     7         83.48       24.87      108.35          0.40
 931208   5    18     7        267.47       85.50      307.10          2.07
 931208   6    14     5         86.97       88.38      175.35          1.77
 931208   7    15     7        315.52       69.57      326.02          2.52
 931208   8    30    11        172.08       72.57      244.65          5.03
 931208   9    34     9        275.10       91.75      363.42          6.48
 931208  10    35    12        554.07      147.80      688.35          7.73
 931208  11    43    15        894.30      272.97     1027.48          9.38
 931208  12    44    17        986.15      252.00     1238.15          9.05
 931208  13    33    15        543.62      106.52      618.32          8.02
 931208  14    38    13        431.75      156.70      545.97          7.70
 931208  15    47    19        417.50      192.87      561.35         11.93
 931208  16    46    15        490.10      164.78      607.53         10.82
 931208  17    36    17        378.77      359.70      584.78          8.83
 931208  18    25    12        213.62      377.80      591.42          8.08
 931208  19    43    12        279.50      361.75      629.05          8.20
 931208  20    23     8        209.62      341.80      530.33          4.28
 931208  21    18     8        213.32      296.47      491.63          4.52
 931208  22    11     5        325.17      428.97      575.95          2.95
 931208  23    17    10        120.47      455.92      574.23          4.47
 931208  24    16     8        125.82      478.03      579.90          3.53
1
 
                   MAX
            TOTAL  SIM                MAXIMUM CPS                   CONNECT
 DATE  HOUR USERS USERS            IN         OUT       TOTAL         HOURS
 
 
 931209   1    15    10        226.75      313.28      540.03          3.42
 931209   2     7     3         64.38      251.33      281.68          1.40
 931209   3     5     2         20.62        7.85       28.47          0.40
 931209   4     3     1          0.63        0.23        0.87          0.05
 931209   5    11     8        241.88       42.53      284.42          1.63
 931209   6     8     4         15.00       10.72       23.40          0.95
 931209   7    24     8        455.77      110.27      558.95          3.60
 931209   8    27     9        464.72      110.53      499.38          4.72
 931209   9    29    10        386.48      140.57      485.67          5.00
 931209  10    34    14        211.28      125.08      311.10          8.63
 931209  11    31    13        248.10      289.77      537.87          7.27
 931209  12    57    20        844.32      396.97     1108.43         12.32
 931209  13    61    20        885.12      260.83     1124.07         13.77
 931209  14    53    17        698.55      188.90      824.48         11.75
 931209  15    43    12        375.25      196.40      550.83          9.42
 931209  16    60    17       1199.40      432.02     1367.80         12.03
 931209  17    39    14       1192.48      173.63     1339.50         10.37
 931209  18    44    13       1024.32      215.88     1163.75          8.47
 931209  19    47    20        588.02      233.12      818.93         12.17
 931209  20    30    10        195.65      190.43      362.08          7.00
 931209  21    41    17        915.57      269.35     1088.75          9.37
 931209  22    39    19        969.42      227.15     1196.57          9.02
 931209  23    28    13        231.33      129.10      360.43          6.08
 931209  24    20     9        241.38       97.20      338.58          4.77
1
 
                   MAX
            TOTAL  SIM                MAXIMUM CPS                   CONNECT
 DATE  HOUR USERS USERS            IN         OUT       TOTAL         HOURS
 
 
 931210   1    19    12        315.75      135.63      451.38          5.23
 931210   2    12     8        212.35       61.87      274.22          3.65
 931210   3     7     2         20.38       27.93       48.32          0.58
 931210   4     4     1         70.03       13.15       83.18          0.07
 931210   5    13     6         70.87       19.40       90.27          1.87
 931210   6    16     7        101.18       63.27      164.45          2.07
 931210   7    16     5        314.80       55.72      354.12          3.25
 931210   8    47    12        312.65       99.50      349.43          7.62
 931210   9    43    11        390.60      168.57      559.17          6.80
 931210  10    27     8        409.58       79.48      481.35          5.65
 931210  11    36    14        343.28      193.37      492.85          8.47
 931210  12    47    16        354.85      268.52      595.33         11.12
 931210  13    56    16        272.78      182.38      379.52         11.80
 931210  14    46    16        457.68      367.85      825.53         10.63
 931210  15    44    18        475.60      377.47      853.07         11.13
 931210  16    79    18        406.57      145.40      551.97         12.68
 931210  17    44    16        415.97      144.60      560.57         10.23
 931210  18    41    16        871.42      124.07      962.15         10.92
 931210  19    27    12        496.77      142.85      590.83          8.08
 931210  20    31    11        184.25      113.43      279.97          7.07
 931210  21    21     8        147.95      140.88      263.42          5.30
 931210  22    14     6         41.52       54.15       79.57          3.02
 931210  23    20     7        103.52       72.02      175.53          4.27
 931210  24    13     7        107.60       76.48      184.08          2.60
1     MAXIMUM OF MAXIMUM SIMULTANEOUS USERS
 
 
                   MAX
            TOTAL  SIM                MAXIMUM CPS                   CONNECT
 DATE  HOUR USERS USERS            IN         OUT       TOTAL         HOURS
 
 931207  14    50    20        459.83      273.58      693.82         13.45
 
 
     MAXIMUM OF CONNECT HOURS
 
 
                   MAX
            TOTAL  SIM                MAXIMUM CPS                   CONNECT
 DATE  HOUR USERS USERS            IN         OUT       TOTAL         HOURS
 
 931209  13    61    20        885.12      260.83     1124.07         13.77
1
  