1
 
                   MAX
            TOTAL  SIM                MAXIMUM CPS                   CONNECT
 DATE  HOUR USERS USERS            IN         OUT       TOTAL         HOURS
 
 
 931101   1     5     3         47.65       11.37       59.02          1.78
 931101   2     6     3         22.63       13.23       35.87          2.05
 931101   3     6     3         67.27       13.12       80.38          1.03
 931101   4     3     2          9.52        4.40       13.92          0.15
 931101   5    13     4        107.20       18.75      125.95          0.80
 931101   6    12     5        117.62      102.12      208.77          2.78
 931101   7    16     8        154.40      111.73      266.13          3.95
 931101   8    14     6         85.20       49.33      134.53          2.88
 931101   9    21     8        101.43      180.43      225.77          4.53
 931101  10    17     9         86.20      254.12      330.63          5.43
 931101  11    25    10        194.78      253.40      419.52          6.85
 931101  12    28    11        240.93      119.13      352.82          8.55
 931101  13    19    10        239.73      101.33      341.07          8.25
 931101  14    20    10        403.77       85.58      489.35          7.13
 931101  15    28    13        535.05      233.10      709.87          9.00
 931101  16    40    17        621.48      406.90      858.77         10.37
 931101  17    39    16        555.65      334.20      769.22          9.15
 931101  18    14     9        125.00      246.10      341.48          5.07
 931101  19    12     7         94.80      107.78      199.55          3.37
 931101  20     9     5        430.25      133.17      563.42          3.02
 931101  21     3     3         51.15       82.95      134.10          1.20
 931101  22     3     2         63.25       69.43       93.67          0.57
 931101  23    13     7         72.15       85.65      157.80          2.63
 931101  24    17     7         72.15      129.95      171.72          3.60
1
 
                   MAX
            TOTAL  SIM                MAXIMUM CPS                   CONNECT
 DATE  HOUR USERS USERS            IN         OUT       TOTAL         HOURS
 
 
 931102   1    12     4         73.22      151.40      222.83          2.68
 931102   2     8     4         93.68      251.77      299.38          2.80
 931102   3     8     3         32.65      251.77      284.42          0.52
 931102   4     7     2         28.25       13.97       42.22          0.47
 931102   5     9     4         54.93      123.47      178.40          0.68
 931102   6    15     5        119.15      184.53      226.08          2.48
 931102   7    14     5        204.73      131.38      331.93          3.18
 931102   8    20     8        275.13       81.77      349.40          4.35
 931102   9    26    10        294.95      209.00      503.95          6.23
 931102  10    36    10        606.78      413.85      841.32          7.77
 931102  11    21    11        364.25      290.42      654.67          8.07
 931102  12    28    12        429.52      310.03      739.55          8.75
 931102  13    21    11        223.60      153.83      352.43          8.50
 931102  14    22    11        222.65      115.60      338.25          7.25
 931102  15    22    10        415.50      355.55      606.85          7.63
 931102  16    28     9        366.30      365.97      676.00          6.68
 931102  17    24    10        244.35      194.90      389.58          5.83
 931102  18    13     7        215.03      246.83      461.87          4.92
 931102  19     9     6        103.95      177.88      281.83          3.18
 931102  20     9     4         88.53       50.35      133.47          2.22
 931102  21     7     3         45.15       25.62       70.77          1.15
 931102  22     4     2         31.55       14.97       46.52          0.83
 931102  23    15     6        114.43       79.93      179.92          2.70
 931102  24    11     7        117.77       58.08      175.85          2.33
1
 
                   MAX
            TOTAL  SIM                MAXIMUM CPS                   CONNECT
 DATE  HOUR USERS USERS            IN         OUT       TOTAL         HOURS
 
 
 931103   1     8     6        219.42      103.68      323.10          1.88
 931103   2    11     6        219.42      103.68      323.10          3.07
 931103   3     9     2        182.85       40.40      223.25          0.83
 931103   4    21     3         21.58       15.60       37.18          0.68
 931103   5    19     5        125.38      103.33      228.72          0.60
 931103   6    14     6        292.62      123.03      317.45          2.03
 931103   7    16     5        228.47       88.98      317.45          2.33
 931103   8    24     7        160.62       86.32      235.02          4.35
 931103   9    23     8        107.53      150.50      235.97          5.73
 931103  10    31    11         71.02      141.07      202.25          7.00
 931103  11    30    13        178.17      124.28      302.45          7.17
 931103  12    31    14        224.60      269.20      474.13          8.98
 931103  13    42    17        468.65      310.85      537.83         10.42
 931103  14    26    14        231.08      112.37      321.10         11.28
 931103  15    22    12        145.98      109.82      245.15          9.85
 931103  16    32    15        323.43      162.72      452.55         11.10
 931103  17    30    16        401.48      383.87      752.18         10.83
 931103  18    21    12        288.37      222.90      494.62          8.10
 931103  19    11     7        301.03      173.72      460.88          4.43
 931103  20     9     5        144.08       44.28      188.37          3.07
 931103  21     9     4         37.62       31.98       68.48          2.42
 931103  22     7     3        104.00       35.85      134.72          1.67
 931103  23    13     6        195.42       66.92      259.42          3.12
 931103  24    12     7        130.82       47.47      176.02          2.53
1
 
                   MAX
            TOTAL  SIM                MAXIMUM CPS                   CONNECT
 DATE  HOUR USERS USERS            IN         OUT       TOTAL         HOURS
 
 
 931104   1     6     3         34.72       30.02       47.03          2.15
 931104   2     7     3         97.72       38.67      109.32          1.92
 931104   3    10     3         97.72       11.60      109.32          1.00
 931104   4     5     2          3.28        1.83        5.12          0.27
 931104   5    12     2         45.23       10.78       56.02          0.38
 931104   6     8     4        157.30       80.58      237.88          2.17
 931104   7    16     5        134.00       94.98      191.18          3.08
 931104   8    14     5         48.08       92.37      140.45          2.23
 931104   9    21     8        156.92      120.35      277.27          4.65
 931104  10    24    11        183.93      151.47      314.32          8.18
 931104  11    22    10        110.12       91.60      201.72          6.10
 931104  12    32    13        564.70      130.75      692.77          8.73
 931104  13    20    12        228.40      112.97      341.37          9.98
 931104  14    21    11        247.92      122.37      368.70          8.77
 931104  15    25    13        631.58      101.38      715.37          8.68
 931104  16    37    15        713.45      119.58      812.13         11.20
 931104  17    21    12        219.28       62.70      266.53          8.45
 931104  18    16    11        239.83      136.72      330.50          8.62
 931104  19    13     9        239.83      109.38      278.57          6.68
 931104  20    19    10        163.35      112.18      275.53          6.33
 931104  21    14     8        126.95       77.55      167.42          6.20
 931104  22    11     7         69.82       64.82      134.63          4.95
 931104  23    11     7         56.97       27.30       83.13          5.60
 931104  24    12     7         42.78       27.58       70.37          5.97
1
 
                   MAX
            TOTAL  SIM                MAXIMUM CPS                   CONNECT
 DATE  HOUR USERS USERS            IN         OUT       TOTAL         HOURS
 
 
 931105   1     9     7         40.20       22.42       57.27          6.05
 931105   2     7     6         40.20       14.77       54.97          5.22
 931105   3    10     4         42.20        8.65       50.85          0.78
 931105   4     8     2         10.87        9.35       20.22          0.33
 931105   5    20     5         56.53       65.63      107.03          1.72
 931105   6    12     5         94.72       65.63      144.63          1.93
 931105   7    13     5         94.72       49.92      144.63          2.40
 931105   8    20     6         65.65       49.75      115.40          4.35
 931105   9    20     8        536.53       63.78      586.33          4.60
 931105  10    27     8        128.42       60.73      156.83          4.72
 931105  11    41    10        396.70      153.57      487.92          6.30
 931105  12    37    13        751.97       67.17      819.13          7.23
 931105  13    20    12        337.90       95.03      418.83          7.43
 931105  14    22    11        330.75       59.82      379.58          7.87
 931105  15    18    10        264.12       93.65      357.77          6.75
 931105  16    20     8        315.23       90.73      347.45          6.02
 931105  17    17     8        252.95       89.70      339.02          5.57
 931105  18    26     9        249.82       89.85      339.67          6.23
 931105  19    16     6        145.12       81.85      226.97          3.82
 931105  20     9     5         70.47       65.50      131.63          2.55
 931105  21     8     4         47.13       23.53       70.67          1.50
 931105  22     9     3         70.47       90.22      111.73          2.05
 931105  23     6     3         74.90       38.53      110.65          1.68
 931105  24     4     2        137.87       60.58      181.43          0.85
1     MAXIMUM OF MAXIMUM SIMULTANEOUS USERS
 
 
                   MAX
            TOTAL  SIM                MAXIMUM CPS                   CONNECT
 DATE  HOUR USERS USERS            IN         OUT       TOTAL         HOURS
 
 931101  16    40    17        621.48      406.90      858.77         10.37
 
 
     MAXIMUM OF CONNECT HOURS
 
 
                   MAX
            TOTAL  SIM                MAXIMUM CPS                   CONNECT
 DATE  HOUR USERS USERS            IN         OUT       TOTAL         HOURS
 
 931103  14    26    14        231.08      112.37      321.10         11.28
1
  