1
 
                   MAX
            TOTAL  SIM                MAXIMUM CPS                   CONNECT
 DATE  HOUR USERS USERS            IN         OUT       TOTAL         HOURS
 
 
 931101   1    14     7        187.37       34.27      221.63          3.27
 931101   2    16    11        201.90       37.63      239.53          3.88
 931101   3     7     4         67.27       13.12       80.38          1.12
 931101   4     3     2          9.52        4.40       13.92          0.15
 931101   5    18     6        217.93       32.63      250.57          1.13
 931101   6    28    16        300.08      246.57      546.65          5.47
 931101   7    25    13        233.70      184.27      417.97          5.53
 931101   8    26     9        194.07      102.08      296.15          5.08
 931101   9    33    12        452.55      180.90      633.17          7.30
 931101  10    30    13        489.13      335.63      673.83          8.07
 931101  11    61    24        623.90      581.85     1196.98         15.62
 931101  12    66    22        675.88      314.08      955.55         18.25
 931101  13    58    23        437.55      197.23      634.78         17.08
 931101  14    64    24        668.08      256.65      848.35         17.20
 931101  15    61    27       1035.72      364.17     1399.88         16.78
 931101  16    87    31        898.03      496.60     1384.35         20.80
 931101  17    98    38       1293.20      451.85     1707.88         20.10
 931101  18    65    25        682.12      484.20     1166.32         15.65
 931101  19    61    21        333.47      346.12      679.37         12.48
 931101  20    36    14        571.98      269.78      823.35          8.22
 931101  21    20     8        389.63      192.00      577.85          5.02
 931101  22    18     7        137.95      166.60      250.30          2.50
 931101  23    48    20        302.22      202.55      498.30          8.35
 931101  24    40    16        251.72      237.20      488.92          7.82
1
 
                   MAX
            TOTAL  SIM                MAXIMUM CPS                   CONNECT
 DATE  HOUR USERS USERS            IN         OUT       TOTAL         HOURS
 
 
 931102   1    35    15        212.63      213.27      419.42          7.05
 931102   2    25    13        489.03      277.72      633.30          7.10
 931102   3    18     7        137.02      276.00      413.02          1.33
 931102   4    19     4         50.88       34.10       84.98          1.70
 931102   5    18     6         88.23      239.87      328.10          1.33
 931102   6    36    11        355.52      300.78      452.37          5.02
 931102   7    38    12        376.97      167.00      535.72          6.52
 931102   8    47    15        519.78      198.35      666.38          8.27
 931102   9    49    15        454.20      568.72      890.50          9.05
 931102  10    67    21        822.58      562.40     1384.98         12.75
 931102  11    54    24        658.20      563.03      984.00         13.60
 931102  12    52    21        712.75      336.68     1049.35         13.70
 931102  13    48    21        667.07      250.60      766.75         16.78
 931102  14    83    17        600.02      168.93      724.25         13.40
 931102  15    53    19        633.13      485.93      962.03         13.98
 931102  16    72    20        679.28      597.87     1229.98         15.77
 931102  17    60    20        746.38      418.97     1150.65         13.30
 931102  18    63    18        660.32      465.55     1083.75         13.43
 931102  19    54    21        751.57      382.18      838.42          9.62
 931102  20    34    12        220.75      144.27      365.02          5.90
 931102  21    33     9        219.65       65.30      284.95          4.80
 931102  22    23     7         93.40       56.47      141.10          3.35
 931102  23    39    15        273.98      155.63      429.62          6.28
 931102  24    31    14        277.32      157.32      434.63          5.50
1
 
                   MAX
            TOTAL  SIM                MAXIMUM CPS                   CONNECT
 DATE  HOUR USERS USERS            IN         OUT       TOTAL         HOURS
 
 
 931103   1    33    15        584.22      141.18      704.62          7.22
 931103   2    39    16        599.92      138.78      712.33          8.68
 931103   3    19     6        515.57       70.05      585.62          2.40
 931103   4    28     4         78.03       37.73      115.77          1.20
 931103   5    32    10        292.55      202.27      494.82          1.57
 931103   6    40    12        494.08      248.72      659.60          5.68
 931103   7    31    11        374.52      143.70      518.22          4.92
 931103   8    54    15        992.50      252.78     1245.28          8.50
 931103   9    55    19       1036.18      318.85     1304.50          9.67
 931103  10    51    13        262.48      200.08      416.42          9.43
 931103  11    80    27        553.15      313.40      866.55         14.45
 931103  12    67    30        655.77      415.57      957.08         18.15
 931103  13    86    29        572.65      350.62      865.27         18.72
 931103  14    55    26        779.43      198.77      950.73         19.68
 931103  15    61    26        358.15      251.97      610.12         18.82
 931103  16    68    25        521.40      322.67      740.93         19.03
 931103  17    58    27        710.30      631.57     1341.87         17.80
 931103  18    41    19        500.28      301.02      773.27         12.73
 931103  19    35    13        685.30      239.97      914.13          8.93
 931103  20    35    15        410.68      152.95      563.63          6.95
 931103  21    32     9        219.67       59.38      269.62          6.10
 931103  22    21     7        140.78       49.02      189.80          3.58
 931103  23    43    17        400.38      229.43      629.82          9.05
 931103  24    28    15        443.85      261.87      705.72          4.70
1
 
                   MAX
            TOTAL  SIM                MAXIMUM CPS                   CONNECT
 DATE  HOUR USERS USERS            IN         OUT       TOTAL         HOURS
 
 
 931104   1    22    14        215.32       93.07      308.38          5.07
 931104   2    17     8        195.43       39.62      218.35          3.37
 931104   3    17     5        195.43       22.92      218.35          1.50
 931104   4    11     3          7.57        2.75       10.32          0.55
 931104   5    19     4         94.57       22.12      114.83          0.82
 931104   6    17     7        205.08       95.38      300.47          3.20
 931104   7    30     9        197.87      143.73      341.60          5.45
 931104   8    22     9        316.45      145.28      350.70          3.33
 931104   9    30    10        744.65      176.53      762.05          6.82
 931104  10    46    16        274.78      520.97      795.75         12.45
 931104  11    64    26        490.02      577.07      954.10         14.27
 931104  12    64    25       1115.87      213.48     1286.47         14.98
 931104  13    43    26        882.73      362.35     1245.08         19.73
 931104  14    58    23        547.78      306.92      764.42         16.47
 931104  15    55    30       1030.55      334.42     1281.87         18.27
 931104  16    63    27       1010.98      220.17     1231.15         19.07
 931104  17    41    21        722.10      130.20      840.63         15.23
 931104  18    46    22        550.15      215.95      639.73         17.33
 931104  19    52    20        536.48      220.30      641.38         15.12
 931104  20    50    21        359.80      296.98      656.78         13.62
 931104  21    36    15        272.38      109.97      331.98         11.60
 931104  22    27    13        151.85       79.60      201.87          8.55
 931104  23    37    19        218.93      148.58      367.52         11.33
 931104  24    31    15        218.93      148.58      367.52         10.65
1
 
                   MAX
            TOTAL  SIM                MAXIMUM CPS                   CONNECT
 DATE  HOUR USERS USERS            IN         OUT       TOTAL         HOURS
 
 
 931105   1    21    12        183.13       71.85      254.98          9.68
 931105   2    27    17        278.18       71.85      343.47         11.63
 931105   3    25     8        170.68       30.55      201.23          2.28
 931105   4    18     3         35.87       28.42       64.28          1.28
 931105   5    32    12        204.93      164.40      369.33          2.47
 931105   6    31    12      15480.20    14173.33    29652.03          4.83
 931105   7    22     8        135.43      114.72      250.15          3.52
 931105   8    42    13        189.90       93.67      255.10          8.43
 931105   9    36    12        555.22       90.73      610.68          6.93
 931105  10    59    15        398.90      234.38      469.17         11.30
 931105  11    83    18        503.83      439.53      817.80         13.18
 931105  12    80    29       1094.68      272.72     1275.27         16.08
 931105  13    45    24        568.32      283.90      816.23         15.20
 931105  14    49    21        598.80      198.12      676.47         15.93
 931105  15    52    21        802.45      148.38      912.12         15.68
 931105  16    50    20        859.73      226.35      975.22         13.58
 931105  17    45    18        512.43      330.17      839.83         14.87
 931105  18    54    19        480.48      201.55      682.03         11.93
 931105  19    48    14        301.32      177.10      478.42         10.52
 931105  20    32    12        606.27      217.50      823.77          7.50
 931105  21    22    11        514.08       87.33      601.42          4.13
 931105  22    25    11        203.13      141.83      301.97          4.58
 931105  23    32    15        302.12      149.83      451.95          5.50
 931105  24    23    15        322.93      174.08      497.02          3.85
1     MAXIMUM OF MAXIMUM SIMULTANEOUS USERS
 
 
                   MAX
            TOTAL  SIM                MAXIMUM CPS                   CONNECT
 DATE  HOUR USERS USERS            IN         OUT       TOTAL         HOURS
 
 931101  17    98    38       1293.20      451.85     1707.88         20.10
 
 
     MAXIMUM OF CONNECT HOURS
 
 
                   MAX
            TOTAL  SIM                MAXIMUM CPS                   CONNECT
 DATE  HOUR USERS USERS            IN         OUT       TOTAL         HOURS
 
 931101  16    87    31        898.03      496.60     1384.35         20.80
1
  