1
 
                   MAX
            TOTAL  SIM                MAXIMUM CPS                   CONNECT
 DATE  HOUR USERS USERS            IN         OUT       TOTAL         HOURS
 
 
 931108   1     1     1         47.02       85.57      132.58          1.00
 931108   2     1     1         47.02       85.57      132.58          1.00
 931108   3     1     1         47.02       85.57      132.58          1.00
 931108   4     1     1         47.02       85.57      132.58          1.00
 931108   5     1     1         47.02       85.57      132.58          1.00
 931108   6     1     1         47.02       85.57      132.58          1.00
 931108   7     2     2         47.42      148.02      195.43          1.45
 931108   8     1     1         47.02       85.57      132.58          1.00
 931108   9     1     1         47.02       85.57      132.58          1.00
 931108  10     1     1         47.02       85.57      132.58          1.00
 931108  11     3     2         48.23       89.92      138.15          1.48
 931108  12     2     2         13.92       21.38       35.30          1.07
 931108  13     4     2         97.73      127.17      219.67          1.48
 931108  14     3     3         95.37      110.62      205.98          2.15
 931108  15     6     4        109.67      176.80      286.47          2.83
 931108  16     9     6        176.58      346.03      522.62          3.22
 931108  17    12     5        117.35      258.57      375.92          3.97
 931108  18    10     4        110.05      225.57      261.15          2.92
 931108  19     5     5         29.40      116.28      145.68          3.62
 931108  20     7     5        408.27       69.12      477.38          3.22
 931108  21     7     4        341.57      122.97      416.37          3.23
 931108  22     5     5        346.38       78.77      425.15          4.48
 931108  23     4     4        341.57       37.50      379.07          3.47
 931108  24     3     3        338.90       22.12      361.02          2.95
1
 
                   MAX
            TOTAL  SIM                MAXIMUM CPS                   CONNECT
 DATE  HOUR USERS USERS            IN         OUT       TOTAL         HOURS
 
 
 931109   1     4     3        754.03       26.73      780.77          2.32
 931109   2     4     3        754.03       46.90      780.77          2.93
 931109   3     6     4        334.47      173.70      508.17          2.63
 931109   4     2     2        322.60       18.33      340.93          2.00
 931109   5     4     3        346.38       82.93      408.53          2.55
 931109   6     5     3        336.28      177.08      513.37          2.38
 931109   7     9     3        833.38       96.13      913.23          2.30
 931109   8     6     3         49.12      185.37      202.50          1.32
 931109   9     2     1         32.70      109.42      127.18          0.78
 931109  10     2     2         20.63      154.82      175.45          0.27
 931109  11     2     1          8.17        3.97       12.13          0.48
 931109  12     3     2         15.05        7.68       20.82          0.32
 931109  13     4     2         26.88      128.07      154.95          0.48
 931109  14     5     2        152.88      149.15      302.03          0.87
 931109  15     5     3        158.52      168.82      327.33          1.75
 931109  16     7     6        171.90      311.15      483.05          3.52
 931109  17    10     5        170.12      263.18      433.30          3.62
 931109  18    11     6        166.32      175.13      337.23          4.57
 931109  19     6     5        158.95      144.07      298.95          4.08
 931109  20     4     4        154.88      144.07      298.95          3.85
 931109  21     4     4        173.97      139.30      313.27          3.52
 931109  22    10     5        418.88      231.67      598.93          4.27
 931109  23    10     6        980.90      301.30     1277.95          3.93
 931109  24     9     4        510.83      269.27      720.03          3.12
1
 
                   MAX
            TOTAL  SIM                MAXIMUM CPS                   CONNECT
 DATE  HOUR USERS USERS            IN         OUT       TOTAL         HOURS
 
 
 931110   1     6     3        442.15      155.42      569.83          1.65
 931110   2     3     3        181.03      155.42      336.45          1.23
 931110   3     4     4       1013.70      204.58     1218.28          1.93
 931110   4     8     3       1005.87       52.73     1023.28          2.12
 931110   5     3     2        990.88       12.62     1003.25          1.07
 931110   6     0     0          0.00        0.00        0.00          0.00
 931110   7     0     0          0.00        0.00        0.00          0.00
 931110   8     1     1         17.93       86.40      104.33          0.30
 931110   9     1     1         17.93       86.40      104.33          1.00
 931110  10     1     1         17.93       86.40      104.33          0.83
 931110  11     3     2          5.12      114.45      119.57          0.33
 931110  12     3     2          9.52      114.45      119.57          0.30
 931110  13     2     1         34.50      209.13      243.63          0.15
 931110  14     6     3         79.33      207.35      265.75          1.30
 931110  15     5     3        129.35      192.05      317.10          1.83
 931110  16     5     3        132.17      273.47      405.63          2.27
 931110  17     7     5        133.05      244.43      377.48          3.13
 931110  18     9     5        179.62      292.57      429.32          3.20
 931110  19    13     6        173.23      392.83      550.32          4.57
 931110  20    11     5        171.77      689.60      861.37          3.80
 931110  21     5     4        583.72      552.48     1118.78          2.73
 931110  22     7     4         41.88      453.87      478.70          1.87
 931110  23     8     5         29.80      240.23      263.52          2.90
 931110  24     9     5         23.50      244.28      258.98          2.58
1
 
                   MAX
            TOTAL  SIM                MAXIMUM CPS                   CONNECT
 DATE  HOUR USERS USERS            IN         OUT       TOTAL         HOURS
 
 
 931111   1     5     3        482.10      201.73      549.43          2.63
 931111   2     3     3        475.98       54.98      530.97          2.53
 931111   3     6     4       1026.02       54.98     1055.65          2.82
 931111   4     2     2        472.93       22.57      495.50          2.00
 931111   5     3     3        505.90       29.53      535.43          1.92
 931111   6     2     2         15.40        5.17       20.57          0.65
 931111   7     2     2        456.48      134.27      590.75          0.77
 931111   8     3     2        456.48      134.27      590.75          1.20
 931111   9     1     1        434.77       38.03      472.80          1.00
 931111  10     3     2        948.30       44.52      992.82          0.42
 931111  11     2     1          8.17       45.78       50.03          0.52
 931111  12     1     1         20.15       89.58      109.73          0.12
 931111  13     0     0          0.00        0.00        0.00          0.00
 931111  14     5     3         58.80      255.57      314.37          1.65
 931111  15     6     4         58.80      255.57      314.37          2.87
 931111  16     6     4         77.15      294.08      371.23          3.05
 931111  17     7     5         83.18      282.50      358.57          3.63
 931111  18     5     5         75.80      267.97      343.77          4.02
 931111  19    10     5        100.00      382.80      482.80          3.88
 931111  20     5     4         40.90      156.45      195.67          3.45
 931111  21     4     3        231.28      154.80      386.08          1.80
 931111  22     7     3         61.75      159.52      221.27          2.08
 931111  23     9     3         39.13      195.70      231.03          1.17
 931111  24     6     4        556.32      130.27      684.72          2.13
1
 
                   MAX
            TOTAL  SIM                MAXIMUM CPS                   CONNECT
 DATE  HOUR USERS USERS            IN         OUT       TOTAL         HOURS
 
 
 931112   1     3     2        308.60       83.63      366.52          0.72
 931112   2     3     2        449.08       87.97      537.05          0.67
 931112   3     0     0          0.00        0.00        0.00          0.00
 931112   4     0     0          0.00        0.00        0.00          0.00
 931112   5     4     4       1096.28       60.05     1156.33          2.88
 931112   6     6     4       1080.98       54.82     1135.77          3.05
 931112   7     3     3        724.47      148.70      873.17          2.12
 931112   8     2     2        716.47       49.65      766.12          2.00
 931112   9     5     3        727.52      148.42      872.33          2.17
 931112  10     2     2        536.30      104.27      640.57          1.05
 931112  11     1     1        528.85        5.50      534.35          1.00
 931112  12     1     1        528.85        5.50      534.35          1.00
 931112  13     3     2        541.88      186.12      725.48          1.60
 931112  14     5     3        569.07      191.67      729.83          2.03
 931112  15     6     3        570.40      110.38      680.40          2.28
 931112  16     8     5        874.92      143.38     1012.52          4.40
 931112  17     7     5        560.92      203.63      747.52          2.63
 931112  18     8     5        540.70      204.02      744.72          3.47
 931112  19     4     4        533.17      101.97      635.13          4.00
 931112  20     6     4        541.42      196.62      738.03          3.33
 931112  21     4     4        533.93      117.57      651.50          2.80
 931112  22     5     3         45.27      149.30      194.57          2.03
 931112  23     2     2         35.20       74.77      109.97          2.00
 931112  24     5     2         37.73       93.38      131.12          0.57
1     MAXIMUM OF MAXIMUM SIMULTANEOUS USERS
 
 
                   MAX
            TOTAL  SIM                MAXIMUM CPS                   CONNECT
 DATE  HOUR USERS USERS            IN         OUT       TOTAL         HOURS
 
 931108  16     9     6        176.58      346.03      522.62          3.22
 
 
     MAXIMUM OF CONNECT HOURS
 
 
                   MAX
            TOTAL  SIM                MAXIMUM CPS                   CONNECT
 DATE  HOUR USERS USERS            IN         OUT       TOTAL         HOURS
 
 931109  18    11     6        166.32      175.13      337.23          4.57
1
  