1
 
                   MAX
            TOTAL  SIM                MAXIMUM CPS                   CONNECT
 DATE  HOUR USERS USERS            IN         OUT       TOTAL         HOURS
 
 
 931108   1     2     2         71.62       86.65      158.27          2.00
 931108   2     2     2         71.62       86.65      158.27          2.00
 931108   3     2     2         71.62       86.65      158.27          2.00
 931108   4     2     2         71.62       86.65      158.27          2.00
 931108   5     2     2         71.62       86.65      158.27          2.00
 931108   6     2     2         71.62       86.65      158.27          2.00
 931108   7     2     2         71.62       86.65      158.27          2.00
 931108   8     2     2         71.62       86.65      158.27          2.00
 931108   9     4     4        122.63      114.62      237.25          3.20
 931108  10     4     4        122.63      114.62      237.25          4.00
 931108  11     6     6        151.97      129.17      281.13          3.67
 931108  12     4     4         83.85       33.02      116.87          3.07
 931108  13     5     5        347.97       75.10      423.07          4.70
 931108  14     6     6        410.23       79.52      489.75          5.02
 931108  15     5     5        224.12       70.48      294.60          5.00
 931108  16     6     5        224.12      134.03      306.75          4.27
 931108  17     4     4        161.85       66.07      227.92          4.00
 931108  18     5     4        161.85       66.07      227.92          3.35
 931108  19     4     4         81.35       37.57      118.92          3.62
 931108  20     5     5        456.22       39.73      495.95          3.42
 931108  21     4     4        398.00       47.12      445.12          3.65
 931108  22     4     4        398.00       47.12      445.12          4.00
 931108  23     4     4        398.00       47.12      445.12          4.00
 931108  24     4     4        398.00       47.12      445.12          3.93
1
 
                   MAX
            TOTAL  SIM                MAXIMUM CPS                   CONNECT
 DATE  HOUR USERS USERS            IN         OUT       TOTAL         HOURS
 
 
 931109   1     4     4        398.00       47.12      445.12          4.00
 931109   2     4     4        398.00       47.12      445.12          4.00
 931109   3     4     4        398.00       47.12      445.12          4.00
 931109   4     4     4        398.00       47.12      445.12          4.00
 931109   5     4     4        398.00       47.12      445.12          4.00
 931109   6     4     4        398.00       47.12      445.12          3.58
 931109   7     5     3        518.58       23.32      530.93          2.93
 931109   8     7     4        117.33      134.97      220.32          2.80
 931109   9     4     4        110.38      134.08      244.47          3.18
 931109  10     4     4         86.40       85.00      171.40          3.08
 931109  11     6     4         89.90      148.43      238.33          3.25
 931109  12     4     4         85.98       43.45      129.43          3.07
 931109  13     3     3         77.68       39.60      117.28          3.00
 931109  14     6     5        437.10      132.93      570.03          3.65
 931109  15     5     5        437.10      132.93      570.03          5.00
 931109  16     6     6        445.00      225.63      670.63          5.12
 931109  17     4     4        224.42      119.82      344.23          3.27
 931109  18     4     4        227.58      120.03      347.62          3.68
 931109  19     4     4        227.58      120.03      347.62          4.00
 931109  20     4     4        227.58      120.03      347.62          4.00
 931109  21     4     4        227.58      120.03      347.62          4.00
 931109  22     5     4        459.38      120.03      529.98          3.95
 931109  23     4     4        459.38       70.60      529.98          4.00
 931109  24     4     4        249.00       76.17      325.17          3.93
1
 
                   MAX
            TOTAL  SIM                MAXIMUM CPS                   CONNECT
 DATE  HOUR USERS USERS            IN         OUT       TOTAL         HOURS
 
 
 931110   1     4     4        249.00       76.17      325.17          4.00
 931110   2     4     4        249.00       76.17      325.17          4.00
 931110   3     4     4        249.00       76.17      325.17          4.00
 931110   4     8     5        566.93       84.20      610.77          3.98
 931110   5     4     4        566.93       43.83      610.77          3.75
 931110   6     3     3         80.85       39.82      120.67          2.58
 931110   7     2     2         75.87        5.47       81.33          2.00
 931110   8     3     3         93.80       91.87      185.67          2.30
 931110   9     4     4         96.17      106.55      202.72          3.37
 931110  10     4     4         96.17      106.55      202.72          3.83
 931110  11     4     4         83.07       81.30      164.37          3.08
 931110  12     4     4         83.07       81.30      164.37          3.12
 931110  13     3     3         78.23       20.15       98.38          3.00
 931110  14     4     4        144.92      131.72      276.63          3.32
 931110  15     4     4        144.92      131.72      276.63          4.00
 931110  16     4     4        144.92      131.72      276.63          3.92
 931110  17     3     3        117.15      130.42      247.57          3.00
 931110  18     3     3        117.15      130.42      247.57          3.00
 931110  19     3     3        117.15      130.42      247.57          3.00
 931110  20     4     3        117.15      130.42      247.57          3.00
 931110  21     3     3         56.68      112.42      169.10          2.65
 931110  22     3     3         64.63       24.05       88.68          2.05
 931110  23     3     3         53.12       32.12       85.23          2.40
 931110  24     3     3         53.12       32.12       85.23          2.18
1
 
                   MAX
            TOTAL  SIM                MAXIMUM CPS                   CONNECT
 DATE  HOUR USERS USERS            IN         OUT       TOTAL         HOURS
 
 
 931111   1     3     3        523.17       41.20      564.37          2.43
 931111   2     3     3        523.17       41.20      564.37          3.00
 931111   3     3     3        523.17       41.20      564.37          3.00
 931111   4     3     3        523.17       41.20      564.37          3.00
 931111   5     4     4        556.13       48.17      604.30          2.92
 931111   6     2     2         50.47       18.85       69.32          1.58
 931111   7     2     2        482.87       42.20      525.07          1.63
 931111   8     2     2        482.87       42.20      525.07          2.00
 931111   9     3     3        486.22       71.67      557.88          2.30
 931111  10     5     4        999.75       78.15     1077.90          2.42
 931111  11     4     3        270.12       41.32      311.43          2.48
 931111  12     3     3        270.12       41.32      311.43          2.67
 931111  13     5     3        206.47       40.87      247.33          2.18
 931111  14     3     3         78.32      134.30      212.62          2.78
 931111  15     4     4         79.12      140.38      219.50          3.13
 931111  16     4     4        103.65      213.45      317.10          3.70
 931111  17     5     4        103.65      282.35      342.65          3.00
 931111  18     3     3         60.30      282.35      342.65          2.63
 931111  19     2     2         54.75      203.20      257.95          1.98
 931111  20     1     1          3.35       29.47       32.82          1.00
 931111  21     1     1          3.35       29.47       32.82          1.00
 931111  22     2     2         10.55       63.87       74.42          1.07
 931111  23     4     2         18.03      179.02      192.70          1.47
 931111  24     3     2         11.03       73.92       84.58          1.78
1
 
                   MAX
            TOTAL  SIM                MAXIMUM CPS                   CONNECT
 DATE  HOUR USERS USERS            IN         OUT       TOTAL         HOURS
 
 
 931112   1     2     2         10.67       73.92       84.58          1.02
 931112   2     2     2        444.32       34.33      478.65          1.30
 931112   3     1     1          3.35       29.47       32.82          1.00
 931112   4     1     1          3.35       29.47       32.82          1.00
 931112   5     2     2        190.97       73.62      264.58          1.93
 931112   6     4     3        191.23       73.68      264.92          1.72
 931112   7     2     2        190.35       44.42      234.77          2.00
 931112   8     3     3        200.43      104.37      304.80          2.08
 931112   9     3     3        193.63       77.18      270.82          2.22
 931112  10     2     2          9.45       15.53       24.98          1.07
 931112  11     1     1          2.73        0.27        3.00          1.00
 931112  12     1     1          2.73        0.27        3.00          1.00
 931112  13     2     2          8.07       44.67       52.73          1.12
 931112  14     1     1          2.73        0.27        3.00          1.00
 931112  15     2     2         11.77       82.90       94.67          1.68
 931112  16     2     2         11.77       82.90       94.67          2.00
 931112  17     3     2         11.77       82.90       94.67          1.28
 931112  18     3     2         10.48       75.57       84.38          1.78
 931112  19     2     2         10.48       50.53       61.02          1.67
 931112  20     1     1          7.75       50.27       58.02          1.00
 931112  21     1     1          7.75       50.27       58.02          0.65
 931112  22     1     1          2.68       52.90       55.58          0.75
 931112  23     1     1          2.68       52.90       55.58          1.00
 931112  24     1     1          2.68       52.90       55.58          0.22
1     MAXIMUM OF MAXIMUM SIMULTANEOUS USERS
 
 
                   MAX
            TOTAL  SIM                MAXIMUM CPS                   CONNECT
 DATE  HOUR USERS USERS            IN         OUT       TOTAL         HOURS
 
 931108  11     6     6        151.97      129.17      281.13          3.67
 
 
     MAXIMUM OF CONNECT HOURS
 
 
                   MAX
            TOTAL  SIM                MAXIMUM CPS                   CONNECT
 DATE  HOUR USERS USERS            IN         OUT       TOTAL         HOURS
 
 931109  16     6     6        445.00      225.63      670.63          5.12
1
  